#stage		 order
15	 		5


A
0.0000000000000000E+00	0.0000000000000000E+00	0.0000000000000000E+00	0.0000000000000000E+00	0.0000000000000000E+00	0.0000000000000000E+00	0.0000000000000000E+00	0.0000000000000000E+00	0.0000000000000000E+00	0.0000000000000000E+00	0.0000000000000000E+00	0.0000000000000000E+00	0.0000000000000000E+00	0.0000000000000000E+00	0.0000000000000000E+00	
1.9822375709506782E-01	0.0000000000000000E+00	0.0000000000000000E+00	0.0000000000000000E+00	0.0000000000000000E+00	0.0000000000000000E+00	0.0000000000000000E+00	0.0000000000000000E+00	0.0000000000000000E+00	0.0000000000000000E+00	0.0000000000000000E+00	0.0000000000000000E+00	0.0000000000000000E+00	0.0000000000000000E+00	0.0000000000000000E+00	
1.2239710498309020E-01	4.1360570120665929E-01	0.0000000000000000E+00	0.0000000000000000E+00	0.0000000000000000E+00	0.0000000000000000E+00	0.0000000000000000E+00	0.0000000000000000E+00	0.0000000000000000E+00	0.0000000000000000E+00	0.0000000000000000E+00	0.0000000000000000E+00	0.0000000000000000E+00	0.0000000000000000E+00	0.0000000000000000E+00	
6.5036548034771269E-02	9.7191695492100827E-02	1.2770774007300449E-02	0.0000000000000000E+00	0.0000000000000000E+00	0.0000000000000000E+00	0.0000000000000000E+00	0.0000000000000000E+00	0.0000000000000000E+00	0.0000000000000000E+00	0.0000000000000000E+00	0.0000000000000000E+00	0.0000000000000000E+00	0.0000000000000000E+00	0.0000000000000000E+00	
5.0152147433231258E-02	7.5286636039732777E-02	-4.1018639705959811E-03	7.7015557098934553E-02	0.0000000000000000E+00	0.0000000000000000E+00	0.0000000000000000E+00	0.0000000000000000E+00	0.0000000000000000E+00	0.0000000000000000E+00	0.0000000000000000E+00	0.0000000000000000E+00	0.0000000000000000E+00	0.0000000000000000E+00	0.0000000000000000E+00	
2.0697686774548450E-02	3.1021085990362060E-02	3.4963588473425422E-04	-7.6936728601939772E-03	3.6965048146103974E-01	0.0000000000000000E+00	0.0000000000000000E+00	0.0000000000000000E+00	0.0000000000000000E+00	0.0000000000000000E+00	0.0000000000000000E+00	0.0000000000000000E+00	0.0000000000000000E+00	0.0000000000000000E+00	0.0000000000000000E+00	
4.7868361097152756E-02	7.1719340754462180E-02	1.8125056119722297E-03	-3.7197136128506836E-02	1.0217200800001369E-01	1.6747758438509125E-01	0.0000000000000000E+00	0.0000000000000000E+00	0.0000000000000000E+00	0.0000000000000000E+00	0.0000000000000000E+00	0.0000000000000000E+00	0.0000000000000000E+00	0.0000000000000000E+00	0.0000000000000000E+00	
6.3197001032253924E-02	9.4686034988986326E-02	2.3773620512218723E-03	-4.8807969190532395E-02	1.4655189402641283E-01	2.0324267820786518E-01	9.8422618656793193E-02	0.0000000000000000E+00	0.0000000000000000E+00	0.0000000000000000E+00	0.0000000000000000E+00	0.0000000000000000E+00	0.0000000000000000E+00	0.0000000000000000E+00	0.0000000000000000E+00	
4.6782308932915573E-03	7.0163624791856893E-03	-1.1747109637712944E-04	2.0590404448427302E-03	2.3088863737955645E-01	-3.2204488633004447E-01	-1.3714653653313658E-01	1.1592758682638067E+00	0.0000000000000000E+00	0.0000000000000000E+00	0.0000000000000000E+00	0.0000000000000000E+00	0.0000000000000000E+00	0.0000000000000000E+00	0.0000000000000000E+00	
5.8830645730104415E-02	8.8149134189949518E-02	2.0041702357501971E-03	-4.1397327173151796E-02	2.9309110171682651E-01	-5.0801964670387195E-02	-1.1210876983153567E-02	4.7044188621177957E-01	3.7718150952451818E-02	0.0000000000000000E+00	0.0000000000000000E+00	0.0000000000000000E+00	0.0000000000000000E+00	0.0000000000000000E+00	0.0000000000000000E+00	
6.1069305018766340E-02	9.1502279481097890E-02	2.1282000970934962E-03	-4.3895848127645173E-02	2.6842823010916028E-01	2.1328182270343929E-03	1.1871678305073321E-02	2.9477899623828280E-01	-1.1896989378975230E-02	8.1963788998304671E-02	0.0000000000000000E+00	0.0000000000000000E+00	0.0000000000000000E+00	0.0000000000000000E+00	0.0000000000000000E+00	
6.1371139669716829E-02	9.1954380589773843E-02	2.1448324699620278E-03	-4.4230972889512145E-02	2.6517073317816453E-01	9.1661262136881767E-03	1.4939385521858540E-02	2.7146085149308458E-01	-1.8489937557986447E-02	5.3398269401080591E-02	3.1845052142638136E-02	0.0000000000000000E+00	0.0000000000000000E+00	0.0000000000000000E+00	0.0000000000000000E+00	
5.5568397137801373E-02	8.3259900915914314E-02	1.9437350363640342E-03	-4.0081720183217567E-02	2.3882370125989272E-01	1.0252232457235531E-02	1.4363545328524697E-02	2.3890471976452343E-01	-1.8558594650846392E-02	4.0293686820592062E-02	1.1014248289297784E-02	2.8821621286230525E-01	0.0000000000000000E+00	0.0000000000000000E+00	0.0000000000000000E+00	
3.9315776730080257E-02	5.8908048049943360E-02	1.3766166439549540E-03	-2.8385394216091889E-02	1.6793461921811567E-01	8.8438748531191481E-03	1.0843856533079241E-02	1.6341998735393329E-01	-1.4610154653274242E-02	2.1948599336514232E-02	-6.7184356644540838E-03	-8.2837823410427269E-01	4.6688789545330150E-01	0.0000000000000000E+00	0.0000000000000000E+00	
6.3060529316945474E-02	9.4485589611905979E-02	2.2062894810226581E-03	-4.5495221758643040E-02	2.7065917577884507E-01	1.2192846464309914E-02	1.6539370473270337E-02	2.6914587295768794E-01	-2.1580285430023265E-02	4.3423108140161697E-02	7.4042710994017078E-03	-3.5371074035582539E-02	3.6356048006246755E-02	2.4894281014767668E-03	0.0000000000000000E+00	

b
6.1212217467747888E-02	
9.1716195183716182E-02	
2.1420435934698750E-03	
-4.4169883268488669E-02	
2.6241065314333067E-01	
1.2318755274440448E-02	
1.6261670694377527E-02	
2.5955223807393824E-01	
-2.1397422162772625E-02	
4.0156712753085744E-02	
2.7771244918606114E-03	
-3.4806082977358915E-01	
2.0812877465762808E-01	
-3.3483774548710267E-03	
4.6030012732612624E-01	

c
0.0000000000000000E+00	
1.9822375709506782E-01	
5.3600280618974949E-01	
1.7499901753417255E-01	
1.9835247660130262E-01	
4.1402521725049052E-01	
3.5385266372018526E-01	
5.5966961977300089E-01	
9.4460924550112491E-01	
8.4682492021016942E-01	
7.5808245896819282E-01	
7.3872986023246867E-01	
9.2400006503838727E-01	
6.1387055533948798E-02	
7.1551594820702558E-01	

alpha
0.0000000000000000E+00	0.0000000000000000E+00	0.0000000000000000E+00	0.0000000000000000E+00	0.0000000000000000E+00	0.0000000000000000E+00	0.0000000000000000E+00	0.0000000000000000E+00	0.0000000000000000E+00	0.0000000000000000E+00	0.0000000000000000E+00	0.0000000000000000E+00	0.0000000000000000E+00	0.0000000000000000E+00	0.0000000000000000E+00	0.0000000000000000E+00	
0.0000000000000000E+00	0.0000000000000000E+00	0.0000000000000000E+00	0.0000000000000000E+00	0.0000000000000000E+00	0.0000000000000000E+00	0.0000000000000000E+00	0.0000000000000000E+00	0.0000000000000000E+00	0.0000000000000000E+00	0.0000000000000000E+00	0.0000000000000000E+00	0.0000000000000000E+00	0.0000000000000000E+00	0.0000000000000000E+00	0.0000000000000000E+00	
0.0000000000000000E+00	0.0000000000000000E+00	0.0000000000000000E+00	0.0000000000000000E+00	0.0000000000000000E+00	0.0000000000000000E+00	0.0000000000000000E+00	0.0000000000000000E+00	0.0000000000000000E+00	0.0000000000000000E+00	0.0000000000000000E+00	0.0000000000000000E+00	0.0000000000000000E+00	0.0000000000000000E+00	0.0000000000000000E+00	0.0000000000000000E+00	
0.0000000000000000E+00	0.0000000000000000E+00	0.0000000000000000E+00	0.0000000000000000E+00	0.0000000000000000E+00	0.0000000000000000E+00	0.0000000000000000E+00	0.0000000000000000E+00	0.0000000000000000E+00	0.0000000000000000E+00	0.0000000000000000E+00	0.0000000000000000E+00	0.0000000000000000E+00	0.0000000000000000E+00	0.0000000000000000E+00	0.0000000000000000E+00	
0.0000000000000000E+00	0.0000000000000000E+00	-0.0000000000000000E+00	0.0000000000000000E+00	0.0000000000000000E+00	0.0000000000000000E+00	0.0000000000000000E+00	0.0000000000000000E+00	0.0000000000000000E+00	0.0000000000000000E+00	0.0000000000000000E+00	0.0000000000000000E+00	0.0000000000000000E+00	0.0000000000000000E+00	0.0000000000000000E+00	0.0000000000000000E+00	
0.0000000000000000E+00	0.0000000000000000E+00	0.0000000000000000E+00	-0.0000000000000000E+00	0.0000000000000000E+00	0.0000000000000000E+00	0.0000000000000000E+00	0.0000000000000000E+00	0.0000000000000000E+00	0.0000000000000000E+00	0.0000000000000000E+00	0.0000000000000000E+00	0.0000000000000000E+00	0.0000000000000000E+00	0.0000000000000000E+00	0.0000000000000000E+00	
0.0000000000000000E+00	0.0000000000000000E+00	0.0000000000000000E+00	-0.0000000000000000E+00	0.0000000000000000E+00	0.0000000000000000E+00	0.0000000000000000E+00	0.0000000000000000E+00	0.0000000000000000E+00	0.0000000000000000E+00	0.0000000000000000E+00	0.0000000000000000E+00	0.0000000000000000E+00	0.0000000000000000E+00	0.0000000000000000E+00	0.0000000000000000E+00	
0.0000000000000000E+00	0.0000000000000000E+00	0.0000000000000000E+00	-0.0000000000000000E+00	0.0000000000000000E+00	0.0000000000000000E+00	0.0000000000000000E+00	0.0000000000000000E+00	0.0000000000000000E+00	0.0000000000000000E+00	0.0000000000000000E+00	0.0000000000000000E+00	0.0000000000000000E+00	0.0000000000000000E+00	0.0000000000000000E+00	0.0000000000000000E+00	
0.0000000000000000E+00	0.0000000000000000E+00	-0.0000000000000000E+00	0.0000000000000000E+00	0.0000000000000000E+00	-0.0000000000000000E+00	-0.0000000000000000E+00	0.0000000000000000E+00	0.0000000000000000E+00	0.0000000000000000E+00	0.0000000000000000E+00	0.0000000000000000E+00	0.0000000000000000E+00	0.0000000000000000E+00	0.0000000000000000E+00	0.0000000000000000E+00	
0.0000000000000000E+00	0.0000000000000000E+00	0.0000000000000000E+00	-0.0000000000000000E+00	0.0000000000000000E+00	-0.0000000000000000E+00	-0.0000000000000000E+00	0.0000000000000000E+00	0.0000000000000000E+00	0.0000000000000000E+00	0.0000000000000000E+00	0.0000000000000000E+00	0.0000000000000000E+00	0.0000000000000000E+00	0.0000000000000000E+00	0.0000000000000000E+00	
0.0000000000000000E+00	0.0000000000000000E+00	0.0000000000000000E+00	-0.0000000000000000E+00	0.0000000000000000E+00	0.0000000000000000E+00	0.0000000000000000E+00	0.0000000000000000E+00	-0.0000000000000000E+00	0.0000000000000000E+00	0.0000000000000000E+00	0.0000000000000000E+00	0.0000000000000000E+00	0.0000000000000000E+00	0.0000000000000000E+00	0.0000000000000000E+00	
0.0000000000000000E+00	0.0000000000000000E+00	0.0000000000000000E+00	-0.0000000000000000E+00	0.0000000000000000E+00	0.0000000000000000E+00	0.0000000000000000E+00	0.0000000000000000E+00	-0.0000000000000000E+00	0.0000000000000000E+00	0.0000000000000000E+00	0.0000000000000000E+00	0.0000000000000000E+00	0.0000000000000000E+00	0.0000000000000000E+00	0.0000000000000000E+00	
0.0000000000000000E+00	0.0000000000000000E+00	0.0000000000000000E+00	-0.0000000000000000E+00	0.0000000000000000E+00	0.0000000000000000E+00	0.0000000000000000E+00	0.0000000000000000E+00	-0.0000000000000000E+00	0.0000000000000000E+00	0.0000000000000000E+00	0.0000000000000000E+00	0.0000000000000000E+00	0.0000000000000000E+00	0.0000000000000000E+00	0.0000000000000000E+00	
0.0000000000000000E+00	0.0000000000000000E+00	0.0000000000000000E+00	-0.0000000000000000E+00	0.0000000000000000E+00	0.0000000000000000E+00	0.0000000000000000E+00	0.0000000000000000E+00	-0.0000000000000000E+00	0.0000000000000000E+00	-0.0000000000000000E+00	-0.0000000000000000E+00	0.0000000000000000E+00	0.0000000000000000E+00	0.0000000000000000E+00	0.0000000000000000E+00	
0.0000000000000000E+00	0.0000000000000000E+00	0.0000000000000000E+00	-0.0000000000000000E+00	0.0000000000000000E+00	0.0000000000000000E+00	0.0000000000000000E+00	0.0000000000000000E+00	-0.0000000000000000E+00	0.0000000000000000E+00	0.0000000000000000E+00	-0.0000000000000000E+00	0.0000000000000000E+00	0.0000000000000000E+00	0.0000000000000000E+00	0.0000000000000000E+00	
0.0000000000000000E+00	0.0000000000000000E+00	0.0000000000000000E+00	-0.0000000000000000E+00	0.0000000000000000E+00	0.0000000000000000E+00	0.0000000000000000E+00	0.0000000000000000E+00	-0.0000000000000000E+00	0.0000000000000000E+00	0.0000000000000000E+00	-0.0000000000000000E+00	0.0000000000000000E+00	-0.0000000000000000E+00	0.0000000000000000E+00	0.0000000000000000E+00	

beta
0.0000000000000000E+00	0.0000000000000000E+00	0.0000000000000000E+00	0.0000000000000000E+00	0.0000000000000000E+00	0.0000000000000000E+00	0.0000000000000000E+00	0.0000000000000000E+00	0.0000000000000000E+00	0.0000000000000000E+00	0.0000000000000000E+00	0.0000000000000000E+00	0.0000000000000000E+00	0.0000000000000000E+00	0.0000000000000000E+00	0.0000000000000000E+00	
1.9822375709506782E-01	0.0000000000000000E+00	0.0000000000000000E+00	0.0000000000000000E+00	0.0000000000000000E+00	0.0000000000000000E+00	0.0000000000000000E+00	0.0000000000000000E+00	0.0000000000000000E+00	0.0000000000000000E+00	0.0000000000000000E+00	0.0000000000000000E+00	0.0000000000000000E+00	0.0000000000000000E+00	0.0000000000000000E+00	0.0000000000000000E+00	
1.2239710498309020E-01	4.1360570120665929E-01	0.0000000000000000E+00	0.0000000000000000E+00	0.0000000000000000E+00	0.0000000000000000E+00	0.0000000000000000E+00	0.0000000000000000E+00	0.0000000000000000E+00	0.0000000000000000E+00	0.0000000000000000E+00	0.0000000000000000E+00	0.0000000000000000E+00	0.0000000000000000E+00	0.0000000000000000E+00	0.0000000000000000E+00	
6.5036548034771269E-02	9.7191695492100827E-02	1.2770774007300449E-02	0.0000000000000000E+00	0.0000000000000000E+00	0.0000000000000000E+00	0.0000000000000000E+00	0.0000000000000000E+00	0.0000000000000000E+00	0.0000000000000000E+00	0.0000000000000000E+00	0.0000000000000000E+00	0.0000000000000000E+00	0.0000000000000000E+00	0.0000000000000000E+00	0.0000000000000000E+00	
5.0152147433231258E-02	7.5286636039732777E-02	-4.1018639705959811E-03	7.7015557098934553E-02	0.0000000000000000E+00	0.0000000000000000E+00	0.0000000000000000E+00	0.0000000000000000E+00	0.0000000000000000E+00	0.0000000000000000E+00	0.0000000000000000E+00	0.0000000000000000E+00	0.0000000000000000E+00	0.0000000000000000E+00	0.0000000000000000E+00	0.0000000000000000E+00	
2.0697686774548450E-02	3.1021085990362060E-02	3.4963588473425422E-04	-7.6936728601939772E-03	3.6965048146103974E-01	0.0000000000000000E+00	0.0000000000000000E+00	0.0000000000000000E+00	0.0000000000000000E+00	0.0000000000000000E+00	0.0000000000000000E+00	0.0000000000000000E+00	0.0000000000000000E+00	0.0000000000000000E+00	0.0000000000000000E+00	0.0000000000000000E+00	
4.7868361097152756E-02	7.1719340754462180E-02	1.8125056119722297E-03	-3.7197136128506836E-02	1.0217200800001369E-01	1.6747758438509125E-01	0.0000000000000000E+00	0.0000000000000000E+00	0.0000000000000000E+00	0.0000000000000000E+00	0.0000000000000000E+00	0.0000000000000000E+00	0.0000000000000000E+00	0.0000000000000000E+00	0.0000000000000000E+00	0.0000000000000000E+00	
6.3197001032253924E-02	9.4686034988986326E-02	2.3773620512218723E-03	-4.8807969190532395E-02	1.4655189402641283E-01	2.0324267820786518E-01	9.8422618656793193E-02	0.0000000000000000E+00	0.0000000000000000E+00	0.0000000000000000E+00	0.0000000000000000E+00	0.0000000000000000E+00	0.0000000000000000E+00	0.0000000000000000E+00	0.0000000000000000E+00	0.0000000000000000E+00	
4.6782308932915573E-03	7.0163624791856893E-03	-1.1747109637712944E-04	2.0590404448427302E-03	2.3088863737955645E-01	-3.2204488633004447E-01	-1.3714653653313658E-01	1.1592758682638067E+00	0.0000000000000000E+00	0.0000000000000000E+00	0.0000000000000000E+00	0.0000000000000000E+00	0.0000000000000000E+00	0.0000000000000000E+00	0.0000000000000000E+00	0.0000000000000000E+00	
5.8830645730104415E-02	8.8149134189949518E-02	2.0041702357501971E-03	-4.1397327173151796E-02	2.9309110171682651E-01	-5.0801964670387195E-02	-1.1210876983153567E-02	4.7044188621177957E-01	3.7718150952451818E-02	0.0000000000000000E+00	0.0000000000000000E+00	0.0000000000000000E+00	0.0000000000000000E+00	0.0000000000000000E+00	0.0000000000000000E+00	0.0000000000000000E+00	
6.1069305018766340E-02	9.1502279481097890E-02	2.1282000970934962E-03	-4.3895848127645173E-02	2.6842823010916028E-01	2.1328182270343929E-03	1.1871678305073321E-02	2.9477899623828280E-01	-1.1896989378975230E-02	8.1963788998304671E-02	0.0000000000000000E+00	0.0000000000000000E+00	0.0000000000000000E+00	0.0000000000000000E+00	0.0000000000000000E+00	0.0000000000000000E+00	
6.1371139669716829E-02	9.1954380589773843E-02	2.1448324699620278E-03	-4.4230972889512145E-02	2.6517073317816453E-01	9.1661262136881767E-03	1.4939385521858540E-02	2.7146085149308458E-01	-1.8489937557986447E-02	5.3398269401080591E-02	3.1845052142638136E-02	0.0000000000000000E+00	0.0000000000000000E+00	0.0000000000000000E+00	0.0000000000000000E+00	0.0000000000000000E+00	
5.5568397137801373E-02	8.3259900915914314E-02	1.9437350363640342E-03	-4.0081720183217567E-02	2.3882370125989272E-01	1.0252232457235531E-02	1.4363545328524697E-02	2.3890471976452343E-01	-1.8558594650846392E-02	4.0293686820592062E-02	1.1014248289297784E-02	2.8821621286230525E-01	0.0000000000000000E+00	0.0000000000000000E+00	0.0000000000000000E+00	0.0000000000000000E+00	
3.9315776730080257E-02	5.8908048049943360E-02	1.3766166439549540E-03	-2.8385394216091889E-02	1.6793461921811567E-01	8.8438748531191481E-03	1.0843856533079241E-02	1.6341998735393329E-01	-1.4610154653274242E-02	2.1948599336514232E-02	-6.7184356644540838E-03	-8.2837823410427269E-01	4.6688789545330150E-01	0.0000000000000000E+00	0.0000000000000000E+00	0.0000000000000000E+00	
6.3060529316945474E-02	9.4485589611905979E-02	2.2062894810226581E-03	-4.5495221758643040E-02	2.7065917577884507E-01	1.2192846464309914E-02	1.6539370473270337E-02	2.6914587295768794E-01	-2.1580285430023265E-02	4.3423108140161697E-02	7.4042710994017078E-03	-3.5371074035582539E-02	3.6356048006246755E-02	2.4894281014767668E-03	0.0000000000000000E+00	0.0000000000000000E+00	
6.1212217467747888E-02	9.1716195183716182E-02	2.1420435934698750E-03	-4.4169883268488669E-02	2.6241065314333067E-01	1.2318755274440448E-02	1.6261670694377527E-02	2.5955223807393824E-01	-2.1397422162772625E-02	4.0156712753085744E-02	2.7771244918606114E-03	-3.4806082977358915E-01	2.0812877465762808E-01	-3.3483774548710267E-03	4.6030012732612624E-01	0.0000000000000000E+00	

gamma1
0.0000000000000000E+00	0.0000000000000000E+00	4.9719219721645402E-01	-1.3464374973541915E-03	-3.0833321072186071E-01	8.0243952375758765E-02	-3.9296241326675696E-01	1.2249548483667403E+00	-2.8682959224741285E+00	1.2619882034220264E-01	2.7596719692011984E-01	3.3360101139660814E-01	1.6772850353310309E-01	-3.2441012969545833E+00	-1.8767637464275277E-01	-1.3450388275462613E+00	

gamma2
0.0000000000000000E+00	1.0000000000000000E+00	3.8253059685278423E-01	5.8201389317304242E-01	6.3414398997510479E-01	2.3221151326384981E-01	5.8699496262947115E-01	5.3522584199472728E-02	1.0884246404505924E+00	3.3324954340812724E-01	4.5561578314407852E-01	2.1935640318622307E-01	1.8374221372886823E-01	8.0773231310194837E-01	2.2070319328674104E-01	4.5755116653134537E-01	

gamma3
0.0000000000000000E+00	0.0000000000000000E+00	0.0000000000000000E+00	0.0000000000000000E+00	2.3015598224847342E-01	7.0508957442140607E-01	1.8095453451510415E-01	-3.2406319687320473E-01	3.7799762355302313E-01	-4.7445237807135243E-01	-5.2790200713955249E-01	-2.5423062306598332E-01	-1.1702835752573310E-01	-2.9897455065310641E-01	-3.1921003822194394E-01	-7.7896507003530346E-01	

delta
1.0000000000000000E+00	3.1442506016597183E-01	4.0606039429316659E-01	-2.0276597294514989E-02	-7.7576514554331011E-01	1.1403233748327297E+00	-2.1305626215791859E-01	1.3550323614114053E+00	8.3903447370236661E-01	-1.2979913523154039E+00	1.4491716950286773E+00	9.6951863232854107E-01	4.5800535533131120E-01	1.2031782285579342E+00	0.0000000000000000E+00	

r
0.0000000000000000E+00	

errcoeff
1.7393273634792028E-05	

v
1.0000000000000000E+00	
1.0000000000000000E+00	
1.0000000000000000E+00	
1.0000000000000000E+00	
1.0000000000000000E+00	
1.0000000000000000E+00	
1.0000000000000000E+00	
1.0000000000000000E+00	
1.0000000000000000E+00	
1.0000000000000000E+00	
1.0000000000000000E+00	
1.0000000000000000E+00	
1.0000000000000000E+00	
1.0000000000000000E+00	
1.0000000000000000E+00	
1.0000000000000000E+00	

==============================================================

