#stage		 order
8	 		5


A
0.0000000000000000E+00	0.0000000000000000E+00	0.0000000000000000E+00	0.0000000000000000E+00	0.0000000000000000E+00	0.0000000000000000E+00	0.0000000000000000E+00	0.0000000000000000E+00	
1.4785781419782634E-01	0.0000000000000000E+00	0.0000000000000000E+00	0.0000000000000000E+00	0.0000000000000000E+00	0.0000000000000000E+00	0.0000000000000000E+00	0.0000000000000000E+00	
-5.5533108567679595E-02	2.7596598547255036E-01	0.0000000000000000E+00	0.0000000000000000E+00	0.0000000000000000E+00	0.0000000000000000E+00	0.0000000000000000E+00	0.0000000000000000E+00	
-2.8998676110051299E-02	2.0932736591125950E-01	3.5818636638225942E-01	0.0000000000000000E+00	0.0000000000000000E+00	0.0000000000000000E+00	0.0000000000000000E+00	0.0000000000000000E+00	
-8.1647906030001688E-03	1.8308145092094535E-01	2.6884585891051205E-01	5.1514632588037110E-02	0.0000000000000000E+00	0.0000000000000000E+00	0.0000000000000000E+00	0.0000000000000000E+00	
5.0985821674923049E-02	1.9895956223745881E-01	1.3751922481945589E-01	-3.5300825987861439E-01	5.9867225624165288E-01	0.0000000000000000E+00	0.0000000000000000E+00	0.0000000000000000E+00	
1.5614966007515516E-01	1.8401646489450268E-01	-1.5438928445531025E-01	-1.0712018570890216E+00	1.1862677023977446E+00	5.5153775218708223E-01	0.0000000000000000E+00	0.0000000000000000E+00	
-1.7274368412335703E-01	1.3799926864223094E-01	6.3302264153522536E-01	1.1770681035889534E+00	-7.9254446936554923E-01	-4.7881379586734751E-01	4.4842140191641844E-01	0.0000000000000000E+00	

b
4.9245271798294396E-02	
1.6931740129704553E-01	
1.0190303193210065E-01	
-3.4042409808169216E-01	
5.4346256563924900E-01	
2.1672887023567172E-01	
1.7955312907080995E-01	
8.0213828108520818E-02	

c
0.0000000000000000E+00	
1.4785781419782634E-01	
2.2043287690487076E-01	
5.3851505618346762E-01	
4.9527715181649434E-01	
6.3312860509487623E-01	
8.5238043801015284E-01	
9.5240946632657442E-01	

alpha
0.0000000000000000E+00	0.0000000000000000E+00	0.0000000000000000E+00	0.0000000000000000E+00	0.0000000000000000E+00	0.0000000000000000E+00	0.0000000000000000E+00	0.0000000000000000E+00	0.0000000000000000E+00	
0.0000000000000000E+00	0.0000000000000000E+00	0.0000000000000000E+00	0.0000000000000000E+00	0.0000000000000000E+00	0.0000000000000000E+00	0.0000000000000000E+00	0.0000000000000000E+00	0.0000000000000000E+00	
-0.0000000000000000E+00	0.0000000000000000E+00	0.0000000000000000E+00	0.0000000000000000E+00	0.0000000000000000E+00	0.0000000000000000E+00	0.0000000000000000E+00	0.0000000000000000E+00	0.0000000000000000E+00	
-0.0000000000000000E+00	0.0000000000000000E+00	0.0000000000000000E+00	0.0000000000000000E+00	0.0000000000000000E+00	0.0000000000000000E+00	0.0000000000000000E+00	0.0000000000000000E+00	0.0000000000000000E+00	
-0.0000000000000000E+00	0.0000000000000000E+00	0.0000000000000000E+00	0.0000000000000000E+00	0.0000000000000000E+00	0.0000000000000000E+00	0.0000000000000000E+00	0.0000000000000000E+00	0.0000000000000000E+00	
0.0000000000000000E+00	0.0000000000000000E+00	0.0000000000000000E+00	-0.0000000000000000E+00	0.0000000000000000E+00	0.0000000000000000E+00	0.0000000000000000E+00	0.0000000000000000E+00	0.0000000000000000E+00	
0.0000000000000000E+00	0.0000000000000000E+00	-0.0000000000000000E+00	-0.0000000000000000E+00	0.0000000000000000E+00	0.0000000000000000E+00	0.0000000000000000E+00	0.0000000000000000E+00	0.0000000000000000E+00	
-0.0000000000000000E+00	0.0000000000000000E+00	0.0000000000000000E+00	0.0000000000000000E+00	-0.0000000000000000E+00	-0.0000000000000000E+00	0.0000000000000000E+00	0.0000000000000000E+00	0.0000000000000000E+00	
0.0000000000000000E+00	0.0000000000000000E+00	0.0000000000000000E+00	-0.0000000000000000E+00	0.0000000000000000E+00	0.0000000000000000E+00	0.0000000000000000E+00	0.0000000000000000E+00	0.0000000000000000E+00	

beta
0.0000000000000000E+00	0.0000000000000000E+00	0.0000000000000000E+00	0.0000000000000000E+00	0.0000000000000000E+00	0.0000000000000000E+00	0.0000000000000000E+00	0.0000000000000000E+00	0.0000000000000000E+00	
1.4785781419782634E-01	0.0000000000000000E+00	0.0000000000000000E+00	0.0000000000000000E+00	0.0000000000000000E+00	0.0000000000000000E+00	0.0000000000000000E+00	0.0000000000000000E+00	0.0000000000000000E+00	
-5.5533108567679595E-02	2.7596598547255036E-01	0.0000000000000000E+00	0.0000000000000000E+00	0.0000000000000000E+00	0.0000000000000000E+00	0.0000000000000000E+00	0.0000000000000000E+00	0.0000000000000000E+00	
-2.8998676110051299E-02	2.0932736591125950E-01	3.5818636638225942E-01	0.0000000000000000E+00	0.0000000000000000E+00	0.0000000000000000E+00	0.0000000000000000E+00	0.0000000000000000E+00	0.0000000000000000E+00	
-8.1647906030001688E-03	1.8308145092094535E-01	2.6884585891051205E-01	5.1514632588037110E-02	0.0000000000000000E+00	0.0000000000000000E+00	0.0000000000000000E+00	0.0000000000000000E+00	0.0000000000000000E+00	
5.0985821674923049E-02	1.9895956223745881E-01	1.3751922481945589E-01	-3.5300825987861439E-01	5.9867225624165288E-01	0.0000000000000000E+00	0.0000000000000000E+00	0.0000000000000000E+00	0.0000000000000000E+00	
1.5614966007515516E-01	1.8401646489450268E-01	-1.5438928445531025E-01	-1.0712018570890216E+00	1.1862677023977446E+00	5.5153775218708223E-01	0.0000000000000000E+00	0.0000000000000000E+00	0.0000000000000000E+00	
-1.7274368412335703E-01	1.3799926864223094E-01	6.3302264153522536E-01	1.1770681035889534E+00	-7.9254446936554923E-01	-4.7881379586734751E-01	4.4842140191641844E-01	0.0000000000000000E+00	0.0000000000000000E+00	
4.9245271798294396E-02	1.6931740129704553E-01	1.0190303193210065E-01	-3.4042409808169216E-01	5.4346256563924900E-01	2.1672887023567172E-01	1.7955312907080995E-01	8.0213828108520818E-02	0.0000000000000000E+00	

gamma1
0.0000000000000000E+00	0.0000000000000000E+00	-1.1751718180195576E+00	6.9293102281029295E-01	2.6656744996435433E-01	2.5891934914537860E+00	2.3621921199304876E+00	9.0574378513393015E+00	4.0041159566303886E-01	

gamma2
0.0000000000000000E+00	1.0000000000000000E+00	1.3755845361908237E+00	1.5270883124061940E-01	2.1904570359151532E-01	2.5014753116189845E+00	1.9117192809388013E+00	-1.9905219242930778E+00	1.4851702332173677E-01	

gamma3
0.0000000000000000E+00	0.0000000000000000E+00	0.0000000000000000E+00	0.0000000000000000E+00	-1.9103540914954953E-01	-2.7047294235531787E+00	-1.8340312249624895E+00	2.3594319863595805E+00	-1.7763614252376150E-01	

delta
1.0000000000000000E+00	5.8127091486714255E-01	4.2954257047651950E-01	2.2096206251065396E+00	-3.7744829044087531E+00	-1.9913719431045118E-01	4.9864214078679980E+00	0.0000000000000000E+00	

r
0.0000000000000000E+00	

errcoeff
2.4075725370372640E-04	

v
1.0000000000000000E+00	
1.0000000000000000E+00	
1.0000000000000000E+00	
1.0000000000000000E+00	
1.0000000000000000E+00	
1.0000000000000000E+00	
1.0000000000000000E+00	
1.0000000000000000E+00	
1.0000000000000000E+00	

==============================================================

