#stage		 order
20	 		5


A
0.0000000000000000E+00	0.0000000000000000E+00	0.0000000000000000E+00	0.0000000000000000E+00	0.0000000000000000E+00	0.0000000000000000E+00	0.0000000000000000E+00	0.0000000000000000E+00	0.0000000000000000E+00	0.0000000000000000E+00	0.0000000000000000E+00	0.0000000000000000E+00	0.0000000000000000E+00	0.0000000000000000E+00	0.0000000000000000E+00	0.0000000000000000E+00	0.0000000000000000E+00	0.0000000000000000E+00	0.0000000000000000E+00	0.0000000000000000E+00	
1.7342385375780556E-01	0.0000000000000000E+00	0.0000000000000000E+00	0.0000000000000000E+00	0.0000000000000000E+00	0.0000000000000000E+00	0.0000000000000000E+00	0.0000000000000000E+00	0.0000000000000000E+00	0.0000000000000000E+00	0.0000000000000000E+00	0.0000000000000000E+00	0.0000000000000000E+00	0.0000000000000000E+00	0.0000000000000000E+00	0.0000000000000000E+00	0.0000000000000000E+00	0.0000000000000000E+00	0.0000000000000000E+00	0.0000000000000000E+00	
1.9159776914673604E-02	2.8569004728564801E-01	0.0000000000000000E+00	0.0000000000000000E+00	0.0000000000000000E+00	0.0000000000000000E+00	0.0000000000000000E+00	0.0000000000000000E+00	0.0000000000000000E+00	0.0000000000000000E+00	0.0000000000000000E+00	0.0000000000000000E+00	0.0000000000000000E+00	0.0000000000000000E+00	0.0000000000000000E+00	0.0000000000000000E+00	0.0000000000000000E+00	0.0000000000000000E+00	0.0000000000000000E+00	0.0000000000000000E+00	
1.9945156421764432E-01	-3.3400805155814828E-01	6.8727044379779589E-01	0.0000000000000000E+00	0.0000000000000000E+00	0.0000000000000000E+00	0.0000000000000000E+00	0.0000000000000000E+00	0.0000000000000000E+00	0.0000000000000000E+00	0.0000000000000000E+00	0.0000000000000000E+00	0.0000000000000000E+00	0.0000000000000000E+00	0.0000000000000000E+00	0.0000000000000000E+00	0.0000000000000000E+00	0.0000000000000000E+00	0.0000000000000000E+00	0.0000000000000000E+00	
-2.1273449549581606E-02	3.5577980680428767E-01	-4.1554836331472922E-01	1.2812121060977319E-01	0.0000000000000000E+00	0.0000000000000000E+00	0.0000000000000000E+00	0.0000000000000000E+00	0.0000000000000000E+00	0.0000000000000000E+00	0.0000000000000000E+00	0.0000000000000000E+00	0.0000000000000000E+00	0.0000000000000000E+00	0.0000000000000000E+00	0.0000000000000000E+00	0.0000000000000000E+00	0.0000000000000000E+00	0.0000000000000000E+00	0.0000000000000000E+00	
5.8684558200778947E-02	1.4440116451916185E-01	-5.7204820397229184E-02	1.0153130383125653E-02	4.9137180740403122E-04	0.0000000000000000E+00	0.0000000000000000E+00	0.0000000000000000E+00	0.0000000000000000E+00	0.0000000000000000E+00	0.0000000000000000E+00	0.0000000000000000E+00	0.0000000000000000E+00	0.0000000000000000E+00	0.0000000000000000E+00	0.0000000000000000E+00	0.0000000000000000E+00	0.0000000000000000E+00	0.0000000000000000E+00	0.0000000000000000E+00	
5.3675067621243078E-02	1.2580637236556047E-01	-4.5620879025262497E-02	7.2621280281747400E-03	-2.1340329459274793E-03	4.7033584446956857E-02	0.0000000000000000E+00	0.0000000000000000E+00	0.0000000000000000E+00	0.0000000000000000E+00	0.0000000000000000E+00	0.0000000000000000E+00	0.0000000000000000E+00	0.0000000000000000E+00	0.0000000000000000E+00	0.0000000000000000E+00	0.0000000000000000E+00	0.0000000000000000E+00	0.0000000000000000E+00	0.0000000000000000E+00	
2.2050115815423654E-02	8.0411609768896164E-02	-4.9453056322370403E-02	1.2261325452398140E-02	1.0964110683799821E-02	-2.3736788632234107E-01	4.4539998128170821E-01	0.0000000000000000E+00	0.0000000000000000E+00	0.0000000000000000E+00	0.0000000000000000E+00	0.0000000000000000E+00	0.0000000000000000E+00	0.0000000000000000E+00	0.0000000000000000E+00	0.0000000000000000E+00	0.0000000000000000E+00	0.0000000000000000E+00	0.0000000000000000E+00	0.0000000000000000E+00	
9.0797280622776144E-02	1.5972054500720112E-01	-2.0414586925245087E-02	-4.8619419257562822E-03	-2.5492882317489717E-02	5.5394998167320220E-01	-1.0287336093811377E+00	1.2259824887343720E+00	0.0000000000000000E+00	0.0000000000000000E+00	0.0000000000000000E+00	0.0000000000000000E+00	0.0000000000000000E+00	0.0000000000000000E+00	0.0000000000000000E+00	0.0000000000000000E+00	0.0000000000000000E+00	0.0000000000000000E+00	0.0000000000000000E+00	0.0000000000000000E+00	
8.5867397638393558E-02	1.7245508085126215E-01	-4.2189800873790997E-02	2.3151829261872231E-03	-1.5286018416961146E-02	3.3261041268698011E-01	-6.1532757513128700E-01	7.3940386703515182E-01	2.0616463985024421E-02	0.0000000000000000E+00	0.0000000000000000E+00	0.0000000000000000E+00	0.0000000000000000E+00	0.0000000000000000E+00	0.0000000000000000E+00	0.0000000000000000E+00	0.0000000000000000E+00	0.0000000000000000E+00	0.0000000000000000E+00	0.0000000000000000E+00	
7.6327016512628229E-02	1.6462213230606909E-01	-4.9611689913164787E-02	5.7162091687653141E-03	-8.9188973152541703E-03	1.9444418881158376E-01	-3.5775454654638594E-01	4.3499148711844227E-01	-2.2173860272331189E-02	1.5941162575324802E-01	0.0000000000000000E+00	0.0000000000000000E+00	0.0000000000000000E+00	0.0000000000000000E+00	0.0000000000000000E+00	0.0000000000000000E+00	0.0000000000000000E+00	0.0000000000000000E+00	0.0000000000000000E+00	0.0000000000000000E+00	
8.0209233622134515E-02	1.6963674608633666E-01	-4.8544803606638369E-02	4.9223282784470017E-03	-1.0756761448310269E-02	2.3434196352076964E-01	-4.3204817632398185E-01	5.2301360446198963E-01	-1.1294066403857689E-02	9.2221728498229183E-02	1.2953803678226099E+00	0.0000000000000000E+00	0.0000000000000000E+00	0.0000000000000000E+00	0.0000000000000000E+00	0.0000000000000000E+00	0.0000000000000000E+00	0.0000000000000000E+00	0.0000000000000000E+00	0.0000000000000000E+00	
3.7922443280752213E-02	7.8867537958540290E-02	-2.1523836909076874E-02	1.8958925825681887E-03	-5.6362369905298051E-03	1.2272955015657100E-01	-2.2657960688683534E-01	2.7348496630112007E-01	-5.6433988460525761E-04	1.3655874638223056E-02	2.1445660501838271E-02	1.7287352967302603E-03	0.0000000000000000E+00	0.0000000000000000E+00	0.0000000000000000E+00	0.0000000000000000E+00	0.0000000000000000E+00	0.0000000000000000E+00	0.0000000000000000E+00	0.0000000000000000E+00	
4.5016505067025758E-02	9.3933703989701939E-02	-2.5884420984388080E-02	2.3515056879571516E-03	-6.5617559811225338E-03	1.4289526021710514E-01	-2.6374399196300624E-01	3.1851167786575380E-01	-1.7875364044435830E-03	2.3218921206013602E-02	1.6377390395578112E-01	-1.9396986039338870E-04	1.1660483420536467E-01	0.0000000000000000E+00	0.0000000000000000E+00	0.0000000000000000E+00	0.0000000000000000E+00	0.0000000000000000E+00	0.0000000000000000E+00	0.0000000000000000E+00	
5.1911890784344737E-02	1.0831027542328243E-01	-2.9836763480546161E-02	2.7079223281061718E-03	-7.5716673016816491E-03	1.6488760894098051E-01	-3.0433808563655701E-01	3.6752889312048359E-01	-2.0195568451668987E-03	2.6513444365282773E-02	1.8368866569501666E-01	-1.3970625792340976E-04	9.1160084127340335E-02	7.7997036621815521E-02	0.0000000000000000E+00	0.0000000000000000E+00	0.0000000000000000E+00	0.0000000000000000E+00	0.0000000000000000E+00	0.0000000000000000E+00	
1.1528583421943450E-01	2.4039982468131260E-01	-6.6116644660088153E-02	5.9700091321502405E-03	-1.6870967127491712E-02	3.6739223853074443E-01	-6.7813572244739717E-01	8.1886496151463639E-01	-4.0007936150848085E-03	5.5844445280061050E-02	3.4800703377105524E-01	6.6290733869747535E-04	-2.9941179220864944E-01	-2.9695384630404287E-01	3.2563250234418012E-01	0.0000000000000000E+00	0.0000000000000000E+00	0.0000000000000000E+00	0.0000000000000000E+00	0.0000000000000000E+00	
4.8910359124063933E-02	1.0198556230556814E-01	-2.8045073362556339E-02	2.5312503363768019E-03	-7.1595284354370875E-03	1.5590996625088244E-01	-2.8778095196546932E-01	3.4749970077075720E-01	-1.6802570284007604E-03	2.3584993600013687E-02	1.4552778190576895E-01	3.1558941871058369E-04	-1.4474005093485831E-01	-1.4257871149911158E-01	1.5553607614182491E-01	1.0611520488333197E+00	0.0000000000000000E+00	0.0000000000000000E+00	0.0000000000000000E+00	0.0000000000000000E+00	
3.4529474559236911E-02	7.2025780618779511E-02	-1.9827500821381239E-02	1.7955750683821478E-03	-5.0435002439343027E-03	1.0983120617918996E-01	-2.0272248471722465E-01	2.4480491711362706E-01	-1.2811668023105585E-03	1.7245812473375130E-02	1.1448959203428133E-01	3.1981246104222875E-05	-3.7789607510217982E-03	-8.4669134544583802E-03	1.3223850774101154E-02	4.2921670149464575E-02	6.5891625628040993E-04	0.0000000000000000E+00	0.0000000000000000E+00	0.0000000000000000E+00	
6.3173670224216882E-02	1.3177460801303800E-01	-3.6274787152831285E-02	3.2848751758904541E-03	-9.2276729724988446E-03	2.0094899496831384E-01	-3.7090457025055945E-01	4.4789892090437755E-01	-2.3413866732655761E-03	3.1536019304024276E-02	2.0914577396787654E-01	6.3700726372623186E-05	-9.5898797135500983E-03	-1.7997778391574147E-02	2.6820271764457372E-02	9.7733172480411468E-02	-5.9602055176412598E-04	8.3534647700054046E-02	0.0000000000000000E+00	0.0000000000000000E+00	
2.6039419083695847E-02	5.4316194408991152E-02	-1.4952349782186101E-02	1.3540833190511194E-03	-3.8034099706903330E-03	8.2826030625047883E-02	-1.5287730326973850E-01	1.8461255615108960E-01	-9.6617268215973685E-04	1.3005546135095898E-02	8.6341197985971480E-02	2.4083070110318734E-05	-2.8319136634265712E-03	-6.3683287473282630E-03	9.9548395822924695E-03	3.2239819512393492E-02	5.0894117856602520E-04	-7.2956849811544017E-02	9.8972579458252483E-02	0.0000000000000000E+00	

b
7.6634931690918243E-02	
1.5985418961596609E-01	
-4.4004981935350469E-02	
3.9850207064851999E-03	
-1.1193690606547268E-02	
2.4376255072571934E-01	
-4.4992819564243036E-01	
5.4332702077545481E-01	
-2.8424351787226525E-03	
3.8269228078818975E-02	
2.5397584637697224E-01	
7.2977886986384368E-05	
-9.4176760324891015E-03	
-1.9757067662035801E-02	
3.0360629131915368E-02	
1.0265722688066656E-01	
7.6857426940766800E-04	
-1.1093417522025448E-01	
1.5139990999342229E-01	
4.3010116145097040E-02	

c
0.0000000000000000E+00	
1.7342385375780556E-01	
3.0484982420032158E-01	
5.5271395645729193E-01	
4.7079204549750037E-02	
1.5652540451324129E-01	
1.8602224049074517E-01	
2.8426620035751449E-01	
9.5094727548792268E-01	
6.8046501070096010E-01	
5.9705366562360063E-01	
1.8970821645077285E+00	
2.9742664004529606E-01	
6.0813463700134940E-01	
7.3080004188477765E-01	
9.1656999044951792E-01	
1.4309687554614530E+00	
4.1043824968249148E-01	
8.4898255952298962E-01	
3.3543896258348421E-01	

alpha
0.0000000000000000E+00	0.0000000000000000E+00	0.0000000000000000E+00	0.0000000000000000E+00	0.0000000000000000E+00	0.0000000000000000E+00	0.0000000000000000E+00	0.0000000000000000E+00	0.0000000000000000E+00	0.0000000000000000E+00	0.0000000000000000E+00	0.0000000000000000E+00	0.0000000000000000E+00	0.0000000000000000E+00	0.0000000000000000E+00	0.0000000000000000E+00	0.0000000000000000E+00	0.0000000000000000E+00	0.0000000000000000E+00	0.0000000000000000E+00	0.0000000000000000E+00	
0.0000000000000000E+00	0.0000000000000000E+00	0.0000000000000000E+00	0.0000000000000000E+00	0.0000000000000000E+00	0.0000000000000000E+00	0.0000000000000000E+00	0.0000000000000000E+00	0.0000000000000000E+00	0.0000000000000000E+00	0.0000000000000000E+00	0.0000000000000000E+00	0.0000000000000000E+00	0.0000000000000000E+00	0.0000000000000000E+00	0.0000000000000000E+00	0.0000000000000000E+00	0.0000000000000000E+00	0.0000000000000000E+00	0.0000000000000000E+00	0.0000000000000000E+00	
0.0000000000000000E+00	0.0000000000000000E+00	0.0000000000000000E+00	0.0000000000000000E+00	0.0000000000000000E+00	0.0000000000000000E+00	0.0000000000000000E+00	0.0000000000000000E+00	0.0000000000000000E+00	0.0000000000000000E+00	0.0000000000000000E+00	0.0000000000000000E+00	0.0000000000000000E+00	0.0000000000000000E+00	0.0000000000000000E+00	0.0000000000000000E+00	0.0000000000000000E+00	0.0000000000000000E+00	0.0000000000000000E+00	0.0000000000000000E+00	0.0000000000000000E+00	
0.0000000000000000E+00	-0.0000000000000000E+00	0.0000000000000000E+00	0.0000000000000000E+00	0.0000000000000000E+00	0.0000000000000000E+00	0.0000000000000000E+00	0.0000000000000000E+00	0.0000000000000000E+00	0.0000000000000000E+00	0.0000000000000000E+00	0.0000000000000000E+00	0.0000000000000000E+00	0.0000000000000000E+00	0.0000000000000000E+00	0.0000000000000000E+00	0.0000000000000000E+00	0.0000000000000000E+00	0.0000000000000000E+00	0.0000000000000000E+00	0.0000000000000000E+00	
-0.0000000000000000E+00	0.0000000000000000E+00	-0.0000000000000000E+00	0.0000000000000000E+00	0.0000000000000000E+00	0.0000000000000000E+00	0.0000000000000000E+00	0.0000000000000000E+00	0.0000000000000000E+00	0.0000000000000000E+00	0.0000000000000000E+00	0.0000000000000000E+00	0.0000000000000000E+00	0.0000000000000000E+00	0.0000000000000000E+00	0.0000000000000000E+00	0.0000000000000000E+00	0.0000000000000000E+00	0.0000000000000000E+00	0.0000000000000000E+00	0.0000000000000000E+00	
0.0000000000000000E+00	0.0000000000000000E+00	-0.0000000000000000E+00	0.0000000000000000E+00	0.0000000000000000E+00	0.0000000000000000E+00	0.0000000000000000E+00	0.0000000000000000E+00	0.0000000000000000E+00	0.0000000000000000E+00	0.0000000000000000E+00	0.0000000000000000E+00	0.0000000000000000E+00	0.0000000000000000E+00	0.0000000000000000E+00	0.0000000000000000E+00	0.0000000000000000E+00	0.0000000000000000E+00	0.0000000000000000E+00	0.0000000000000000E+00	0.0000000000000000E+00	
0.0000000000000000E+00	0.0000000000000000E+00	-0.0000000000000000E+00	0.0000000000000000E+00	-0.0000000000000000E+00	0.0000000000000000E+00	0.0000000000000000E+00	0.0000000000000000E+00	0.0000000000000000E+00	0.0000000000000000E+00	0.0000000000000000E+00	0.0000000000000000E+00	0.0000000000000000E+00	0.0000000000000000E+00	0.0000000000000000E+00	0.0000000000000000E+00	0.0000000000000000E+00	0.0000000000000000E+00	0.0000000000000000E+00	0.0000000000000000E+00	0.0000000000000000E+00	
0.0000000000000000E+00	0.0000000000000000E+00	-0.0000000000000000E+00	0.0000000000000000E+00	0.0000000000000000E+00	-0.0000000000000000E+00	0.0000000000000000E+00	0.0000000000000000E+00	0.0000000000000000E+00	0.0000000000000000E+00	0.0000000000000000E+00	0.0000000000000000E+00	0.0000000000000000E+00	0.0000000000000000E+00	0.0000000000000000E+00	0.0000000000000000E+00	0.0000000000000000E+00	0.0000000000000000E+00	0.0000000000000000E+00	0.0000000000000000E+00	0.0000000000000000E+00	
0.0000000000000000E+00	0.0000000000000000E+00	-0.0000000000000000E+00	-0.0000000000000000E+00	-0.0000000000000000E+00	0.0000000000000000E+00	-0.0000000000000000E+00	0.0000000000000000E+00	0.0000000000000000E+00	0.0000000000000000E+00	0.0000000000000000E+00	0.0000000000000000E+00	0.0000000000000000E+00	0.0000000000000000E+00	0.0000000000000000E+00	0.0000000000000000E+00	0.0000000000000000E+00	0.0000000000000000E+00	0.0000000000000000E+00	0.0000000000000000E+00	0.0000000000000000E+00	
0.0000000000000000E+00	0.0000000000000000E+00	-0.0000000000000000E+00	0.0000000000000000E+00	-0.0000000000000000E+00	0.0000000000000000E+00	-0.0000000000000000E+00	0.0000000000000000E+00	0.0000000000000000E+00	0.0000000000000000E+00	0.0000000000000000E+00	0.0000000000000000E+00	0.0000000000000000E+00	0.0000000000000000E+00	0.0000000000000000E+00	0.0000000000000000E+00	0.0000000000000000E+00	0.0000000000000000E+00	0.0000000000000000E+00	0.0000000000000000E+00	0.0000000000000000E+00	
0.0000000000000000E+00	0.0000000000000000E+00	-0.0000000000000000E+00	0.0000000000000000E+00	-0.0000000000000000E+00	0.0000000000000000E+00	-0.0000000000000000E+00	0.0000000000000000E+00	-0.0000000000000000E+00	0.0000000000000000E+00	0.0000000000000000E+00	0.0000000000000000E+00	0.0000000000000000E+00	0.0000000000000000E+00	0.0000000000000000E+00	0.0000000000000000E+00	0.0000000000000000E+00	0.0000000000000000E+00	0.0000000000000000E+00	0.0000000000000000E+00	0.0000000000000000E+00	
0.0000000000000000E+00	0.0000000000000000E+00	-0.0000000000000000E+00	0.0000000000000000E+00	-0.0000000000000000E+00	0.0000000000000000E+00	-0.0000000000000000E+00	0.0000000000000000E+00	-0.0000000000000000E+00	0.0000000000000000E+00	0.0000000000000000E+00	0.0000000000000000E+00	0.0000000000000000E+00	0.0000000000000000E+00	0.0000000000000000E+00	0.0000000000000000E+00	0.0000000000000000E+00	0.0000000000000000E+00	0.0000000000000000E+00	0.0000000000000000E+00	0.0000000000000000E+00	
0.0000000000000000E+00	0.0000000000000000E+00	-0.0000000000000000E+00	0.0000000000000000E+00	-0.0000000000000000E+00	0.0000000000000000E+00	-0.0000000000000000E+00	0.0000000000000000E+00	-0.0000000000000000E+00	0.0000000000000000E+00	0.0000000000000000E+00	0.0000000000000000E+00	0.0000000000000000E+00	0.0000000000000000E+00	0.0000000000000000E+00	0.0000000000000000E+00	0.0000000000000000E+00	0.0000000000000000E+00	0.0000000000000000E+00	0.0000000000000000E+00	0.0000000000000000E+00	
0.0000000000000000E+00	0.0000000000000000E+00	-0.0000000000000000E+00	0.0000000000000000E+00	-0.0000000000000000E+00	0.0000000000000000E+00	-0.0000000000000000E+00	0.0000000000000000E+00	-0.0000000000000000E+00	0.0000000000000000E+00	0.0000000000000000E+00	-0.0000000000000000E+00	0.0000000000000000E+00	0.0000000000000000E+00	0.0000000000000000E+00	0.0000000000000000E+00	0.0000000000000000E+00	0.0000000000000000E+00	0.0000000000000000E+00	0.0000000000000000E+00	0.0000000000000000E+00	
0.0000000000000000E+00	0.0000000000000000E+00	-0.0000000000000000E+00	0.0000000000000000E+00	-0.0000000000000000E+00	0.0000000000000000E+00	-0.0000000000000000E+00	0.0000000000000000E+00	-0.0000000000000000E+00	0.0000000000000000E+00	0.0000000000000000E+00	-0.0000000000000000E+00	0.0000000000000000E+00	0.0000000000000000E+00	0.0000000000000000E+00	0.0000000000000000E+00	0.0000000000000000E+00	0.0000000000000000E+00	0.0000000000000000E+00	0.0000000000000000E+00	0.0000000000000000E+00	
0.0000000000000000E+00	0.0000000000000000E+00	-0.0000000000000000E+00	0.0000000000000000E+00	-0.0000000000000000E+00	0.0000000000000000E+00	-0.0000000000000000E+00	0.0000000000000000E+00	-0.0000000000000000E+00	0.0000000000000000E+00	0.0000000000000000E+00	0.0000000000000000E+00	-0.0000000000000000E+00	-0.0000000000000000E+00	0.0000000000000000E+00	0.0000000000000000E+00	0.0000000000000000E+00	0.0000000000000000E+00	0.0000000000000000E+00	0.0000000000000000E+00	0.0000000000000000E+00	
0.0000000000000000E+00	0.0000000000000000E+00	-0.0000000000000000E+00	0.0000000000000000E+00	-0.0000000000000000E+00	0.0000000000000000E+00	-0.0000000000000000E+00	0.0000000000000000E+00	-0.0000000000000000E+00	0.0000000000000000E+00	0.0000000000000000E+00	0.0000000000000000E+00	-0.0000000000000000E+00	-0.0000000000000000E+00	0.0000000000000000E+00	0.0000000000000000E+00	0.0000000000000000E+00	0.0000000000000000E+00	0.0000000000000000E+00	0.0000000000000000E+00	0.0000000000000000E+00	
0.0000000000000000E+00	0.0000000000000000E+00	-0.0000000000000000E+00	0.0000000000000000E+00	-0.0000000000000000E+00	0.0000000000000000E+00	-0.0000000000000000E+00	0.0000000000000000E+00	-0.0000000000000000E+00	0.0000000000000000E+00	0.0000000000000000E+00	0.0000000000000000E+00	-0.0000000000000000E+00	-0.0000000000000000E+00	0.0000000000000000E+00	0.0000000000000000E+00	0.0000000000000000E+00	0.0000000000000000E+00	0.0000000000000000E+00	0.0000000000000000E+00	0.0000000000000000E+00	
0.0000000000000000E+00	0.0000000000000000E+00	-0.0000000000000000E+00	0.0000000000000000E+00	-0.0000000000000000E+00	0.0000000000000000E+00	-0.0000000000000000E+00	0.0000000000000000E+00	-0.0000000000000000E+00	0.0000000000000000E+00	0.0000000000000000E+00	0.0000000000000000E+00	-0.0000000000000000E+00	-0.0000000000000000E+00	0.0000000000000000E+00	0.0000000000000000E+00	-0.0000000000000000E+00	0.0000000000000000E+00	0.0000000000000000E+00	0.0000000000000000E+00	0.0000000000000000E+00	
0.0000000000000000E+00	0.0000000000000000E+00	-0.0000000000000000E+00	0.0000000000000000E+00	-0.0000000000000000E+00	0.0000000000000000E+00	-0.0000000000000000E+00	0.0000000000000000E+00	-0.0000000000000000E+00	0.0000000000000000E+00	0.0000000000000000E+00	0.0000000000000000E+00	-0.0000000000000000E+00	-0.0000000000000000E+00	0.0000000000000000E+00	0.0000000000000000E+00	0.0000000000000000E+00	-0.0000000000000000E+00	0.0000000000000000E+00	0.0000000000000000E+00	0.0000000000000000E+00	
0.0000000000000000E+00	0.0000000000000000E+00	-0.0000000000000000E+00	0.0000000000000000E+00	-0.0000000000000000E+00	0.0000000000000000E+00	-0.0000000000000000E+00	0.0000000000000000E+00	-0.0000000000000000E+00	0.0000000000000000E+00	0.0000000000000000E+00	0.0000000000000000E+00	-0.0000000000000000E+00	-0.0000000000000000E+00	0.0000000000000000E+00	0.0000000000000000E+00	0.0000000000000000E+00	-0.0000000000000000E+00	0.0000000000000000E+00	0.0000000000000000E+00	0.0000000000000000E+00	

beta
0.0000000000000000E+00	0.0000000000000000E+00	0.0000000000000000E+00	0.0000000000000000E+00	0.0000000000000000E+00	0.0000000000000000E+00	0.0000000000000000E+00	0.0000000000000000E+00	0.0000000000000000E+00	0.0000000000000000E+00	0.0000000000000000E+00	0.0000000000000000E+00	0.0000000000000000E+00	0.0000000000000000E+00	0.0000000000000000E+00	0.0000000000000000E+00	0.0000000000000000E+00	0.0000000000000000E+00	0.0000000000000000E+00	0.0000000000000000E+00	0.0000000000000000E+00	
1.7342385375780556E-01	0.0000000000000000E+00	0.0000000000000000E+00	0.0000000000000000E+00	0.0000000000000000E+00	0.0000000000000000E+00	0.0000000000000000E+00	0.0000000000000000E+00	0.0000000000000000E+00	0.0000000000000000E+00	0.0000000000000000E+00	0.0000000000000000E+00	0.0000000000000000E+00	0.0000000000000000E+00	0.0000000000000000E+00	0.0000000000000000E+00	0.0000000000000000E+00	0.0000000000000000E+00	0.0000000000000000E+00	0.0000000000000000E+00	0.0000000000000000E+00	
1.9159776914673604E-02	2.8569004728564801E-01	0.0000000000000000E+00	0.0000000000000000E+00	0.0000000000000000E+00	0.0000000000000000E+00	0.0000000000000000E+00	0.0000000000000000E+00	0.0000000000000000E+00	0.0000000000000000E+00	0.0000000000000000E+00	0.0000000000000000E+00	0.0000000000000000E+00	0.0000000000000000E+00	0.0000000000000000E+00	0.0000000000000000E+00	0.0000000000000000E+00	0.0000000000000000E+00	0.0000000000000000E+00	0.0000000000000000E+00	0.0000000000000000E+00	
1.9945156421764432E-01	-3.3400805155814828E-01	6.8727044379779589E-01	0.0000000000000000E+00	0.0000000000000000E+00	0.0000000000000000E+00	0.0000000000000000E+00	0.0000000000000000E+00	0.0000000000000000E+00	0.0000000000000000E+00	0.0000000000000000E+00	0.0000000000000000E+00	0.0000000000000000E+00	0.0000000000000000E+00	0.0000000000000000E+00	0.0000000000000000E+00	0.0000000000000000E+00	0.0000000000000000E+00	0.0000000000000000E+00	0.0000000000000000E+00	0.0000000000000000E+00	
-2.1273449549581606E-02	3.5577980680428767E-01	-4.1554836331472922E-01	1.2812121060977319E-01	0.0000000000000000E+00	0.0000000000000000E+00	0.0000000000000000E+00	0.0000000000000000E+00	0.0000000000000000E+00	0.0000000000000000E+00	0.0000000000000000E+00	0.0000000000000000E+00	0.0000000000000000E+00	0.0000000000000000E+00	0.0000000000000000E+00	0.0000000000000000E+00	0.0000000000000000E+00	0.0000000000000000E+00	0.0000000000000000E+00	0.0000000000000000E+00	0.0000000000000000E+00	
5.8684558200778947E-02	1.4440116451916185E-01	-5.7204820397229184E-02	1.0153130383125653E-02	4.9137180740403122E-04	0.0000000000000000E+00	0.0000000000000000E+00	0.0000000000000000E+00	0.0000000000000000E+00	0.0000000000000000E+00	0.0000000000000000E+00	0.0000000000000000E+00	0.0000000000000000E+00	0.0000000000000000E+00	0.0000000000000000E+00	0.0000000000000000E+00	0.0000000000000000E+00	0.0000000000000000E+00	0.0000000000000000E+00	0.0000000000000000E+00	0.0000000000000000E+00	
5.3675067621243078E-02	1.2580637236556047E-01	-4.5620879025262497E-02	7.2621280281747400E-03	-2.1340329459274793E-03	4.7033584446956857E-02	0.0000000000000000E+00	0.0000000000000000E+00	0.0000000000000000E+00	0.0000000000000000E+00	0.0000000000000000E+00	0.0000000000000000E+00	0.0000000000000000E+00	0.0000000000000000E+00	0.0000000000000000E+00	0.0000000000000000E+00	0.0000000000000000E+00	0.0000000000000000E+00	0.0000000000000000E+00	0.0000000000000000E+00	0.0000000000000000E+00	
2.2050115815423654E-02	8.0411609768896164E-02	-4.9453056322370403E-02	1.2261325452398140E-02	1.0964110683799821E-02	-2.3736788632234107E-01	4.4539998128170821E-01	0.0000000000000000E+00	0.0000000000000000E+00	0.0000000000000000E+00	0.0000000000000000E+00	0.0000000000000000E+00	0.0000000000000000E+00	0.0000000000000000E+00	0.0000000000000000E+00	0.0000000000000000E+00	0.0000000000000000E+00	0.0000000000000000E+00	0.0000000000000000E+00	0.0000000000000000E+00	0.0000000000000000E+00	
9.0797280622776144E-02	1.5972054500720112E-01	-2.0414586925245087E-02	-4.8619419257562822E-03	-2.5492882317489717E-02	5.5394998167320220E-01	-1.0287336093811377E+00	1.2259824887343720E+00	0.0000000000000000E+00	0.0000000000000000E+00	0.0000000000000000E+00	0.0000000000000000E+00	0.0000000000000000E+00	0.0000000000000000E+00	0.0000000000000000E+00	0.0000000000000000E+00	0.0000000000000000E+00	0.0000000000000000E+00	0.0000000000000000E+00	0.0000000000000000E+00	0.0000000000000000E+00	
8.5867397638393558E-02	1.7245508085126215E-01	-4.2189800873790997E-02	2.3151829261872231E-03	-1.5286018416961146E-02	3.3261041268698011E-01	-6.1532757513128700E-01	7.3940386703515182E-01	2.0616463985024421E-02	0.0000000000000000E+00	0.0000000000000000E+00	0.0000000000000000E+00	0.0000000000000000E+00	0.0000000000000000E+00	0.0000000000000000E+00	0.0000000000000000E+00	0.0000000000000000E+00	0.0000000000000000E+00	0.0000000000000000E+00	0.0000000000000000E+00	0.0000000000000000E+00	
7.6327016512628229E-02	1.6462213230606909E-01	-4.9611689913164787E-02	5.7162091687653141E-03	-8.9188973152541703E-03	1.9444418881158376E-01	-3.5775454654638594E-01	4.3499148711844227E-01	-2.2173860272331189E-02	1.5941162575324802E-01	0.0000000000000000E+00	0.0000000000000000E+00	0.0000000000000000E+00	0.0000000000000000E+00	0.0000000000000000E+00	0.0000000000000000E+00	0.0000000000000000E+00	0.0000000000000000E+00	0.0000000000000000E+00	0.0000000000000000E+00	0.0000000000000000E+00	
8.0209233622134515E-02	1.6963674608633666E-01	-4.8544803606638369E-02	4.9223282784470017E-03	-1.0756761448310269E-02	2.3434196352076964E-01	-4.3204817632398185E-01	5.2301360446198963E-01	-1.1294066403857689E-02	9.2221728498229183E-02	1.2953803678226099E+00	0.0000000000000000E+00	0.0000000000000000E+00	0.0000000000000000E+00	0.0000000000000000E+00	0.0000000000000000E+00	0.0000000000000000E+00	0.0000000000000000E+00	0.0000000000000000E+00	0.0000000000000000E+00	0.0000000000000000E+00	
3.7922443280752213E-02	7.8867537958540290E-02	-2.1523836909076874E-02	1.8958925825681887E-03	-5.6362369905298051E-03	1.2272955015657100E-01	-2.2657960688683534E-01	2.7348496630112007E-01	-5.6433988460525761E-04	1.3655874638223056E-02	2.1445660501838271E-02	1.7287352967302603E-03	0.0000000000000000E+00	0.0000000000000000E+00	0.0000000000000000E+00	0.0000000000000000E+00	0.0000000000000000E+00	0.0000000000000000E+00	0.0000000000000000E+00	0.0000000000000000E+00	0.0000000000000000E+00	
4.5016505067025758E-02	9.3933703989701939E-02	-2.5884420984388080E-02	2.3515056879571516E-03	-6.5617559811225338E-03	1.4289526021710514E-01	-2.6374399196300624E-01	3.1851167786575380E-01	-1.7875364044435830E-03	2.3218921206013602E-02	1.6377390395578112E-01	-1.9396986039338870E-04	1.1660483420536467E-01	0.0000000000000000E+00	0.0000000000000000E+00	0.0000000000000000E+00	0.0000000000000000E+00	0.0000000000000000E+00	0.0000000000000000E+00	0.0000000000000000E+00	0.0000000000000000E+00	
5.1911890784344737E-02	1.0831027542328243E-01	-2.9836763480546161E-02	2.7079223281061718E-03	-7.5716673016816491E-03	1.6488760894098051E-01	-3.0433808563655701E-01	3.6752889312048359E-01	-2.0195568451668987E-03	2.6513444365282773E-02	1.8368866569501666E-01	-1.3970625792340976E-04	9.1160084127340335E-02	7.7997036621815521E-02	0.0000000000000000E+00	0.0000000000000000E+00	0.0000000000000000E+00	0.0000000000000000E+00	0.0000000000000000E+00	0.0000000000000000E+00	0.0000000000000000E+00	
1.1528583421943450E-01	2.4039982468131260E-01	-6.6116644660088153E-02	5.9700091321502405E-03	-1.6870967127491712E-02	3.6739223853074443E-01	-6.7813572244739717E-01	8.1886496151463639E-01	-4.0007936150848085E-03	5.5844445280061050E-02	3.4800703377105524E-01	6.6290733869747535E-04	-2.9941179220864944E-01	-2.9695384630404287E-01	3.2563250234418012E-01	0.0000000000000000E+00	0.0000000000000000E+00	0.0000000000000000E+00	0.0000000000000000E+00	0.0000000000000000E+00	0.0000000000000000E+00	
4.8910359124063933E-02	1.0198556230556814E-01	-2.8045073362556339E-02	2.5312503363768019E-03	-7.1595284354370875E-03	1.5590996625088244E-01	-2.8778095196546932E-01	3.4749970077075720E-01	-1.6802570284007604E-03	2.3584993600013687E-02	1.4552778190576895E-01	3.1558941871058369E-04	-1.4474005093485831E-01	-1.4257871149911158E-01	1.5553607614182491E-01	1.0611520488333197E+00	0.0000000000000000E+00	0.0000000000000000E+00	0.0000000000000000E+00	0.0000000000000000E+00	0.0000000000000000E+00	
3.4529474559236911E-02	7.2025780618779511E-02	-1.9827500821381239E-02	1.7955750683821478E-03	-5.0435002439343027E-03	1.0983120617918996E-01	-2.0272248471722465E-01	2.4480491711362706E-01	-1.2811668023105585E-03	1.7245812473375130E-02	1.1448959203428133E-01	3.1981246104222875E-05	-3.7789607510217982E-03	-8.4669134544583802E-03	1.3223850774101154E-02	4.2921670149464575E-02	6.5891625628040993E-04	0.0000000000000000E+00	0.0000000000000000E+00	0.0000000000000000E+00	0.0000000000000000E+00	
6.3173670224216882E-02	1.3177460801303800E-01	-3.6274787152831285E-02	3.2848751758904541E-03	-9.2276729724988446E-03	2.0094899496831384E-01	-3.7090457025055945E-01	4.4789892090437755E-01	-2.3413866732655761E-03	3.1536019304024276E-02	2.0914577396787654E-01	6.3700726372623186E-05	-9.5898797135500983E-03	-1.7997778391574147E-02	2.6820271764457372E-02	9.7733172480411468E-02	-5.9602055176412598E-04	8.3534647700054046E-02	0.0000000000000000E+00	0.0000000000000000E+00	0.0000000000000000E+00	
2.6039419083695847E-02	5.4316194408991152E-02	-1.4952349782186101E-02	1.3540833190511194E-03	-3.8034099706903330E-03	8.2826030625047883E-02	-1.5287730326973850E-01	1.8461255615108960E-01	-9.6617268215973685E-04	1.3005546135095898E-02	8.6341197985971480E-02	2.4083070110318734E-05	-2.8319136634265712E-03	-6.3683287473282630E-03	9.9548395822924695E-03	3.2239819512393492E-02	5.0894117856602520E-04	-7.2956849811544017E-02	9.8972579458252483E-02	0.0000000000000000E+00	0.0000000000000000E+00	
7.6634931690918243E-02	1.5985418961596609E-01	-4.4004981935350469E-02	3.9850207064851999E-03	-1.1193690606547268E-02	2.4376255072571934E-01	-4.4992819564243036E-01	5.4332702077545481E-01	-2.8424351787226525E-03	3.8269228078818975E-02	2.5397584637697224E-01	7.2977886986384368E-05	-9.4176760324891015E-03	-1.9757067662035801E-02	3.0360629131915368E-02	1.0265722688066656E-01	7.6857426940766800E-04	-1.1093417522025448E-01	1.5139990999342229E-01	4.3010116145097040E-02	0.0000000000000000E+00	

gamma1
0.0000000000000000E+00	0.0000000000000000E+00	-1.1682479703229380E+00	-2.5112155037089772E+00	-5.5259960154735988E-01	2.9243033509511740E-03	-4.7948973385386493E+00	-5.3095533497183016E+00	-2.3624194456630736E+00	2.0068995756589547E-01	-1.4985808661597710E+00	4.8941228502377687E-01	-1.0387512755259576E-01	-1.3287664273288191E-01	7.5858678822837511E-01	-4.3321586294096939E+00	4.8199700138402146E-01	-7.0924756614960671E-03	-8.8422252029506054E-01	-8.9129367099545231E-01	1.5297157134040762E+00	

gamma2
0.0000000000000000E+00	1.0000000000000000E+00	8.8952052154583572E-01	8.8988129100385194E-01	3.5701564494677057E-01	2.4232462479216824E-01	1.2727083024258155E+00	1.1126977210342681E+00	5.1360709645409097E-01	1.1181089682044856E-01	2.7881272382085232E-01	4.9032886260666715E-02	4.1871051065897870E-02	4.4602463796686219E-02	1.4897271251154750E-02	2.6244269699436817E-01	-4.7486056986590294E-03	2.3219312682036197E-02	6.2852588972458059E-02	5.4473719351268962E-02	2.4345446089014514E-02	

gamma3
0.0000000000000000E+00	0.0000000000000000E+00	0.0000000000000000E+00	0.0000000000000000E+00	1.9595487007932735E-01	-6.9871675039100595E-05	1.0592231169810050E-01	1.0730426871909635E+00	8.9257826744389124E-01	-1.4078912484894415E-01	-2.6869890558434262E-01	-6.5175753568318007E-02	4.9177812903108553E-01	4.6017684776493678E-01	-6.4689512947008251E-03	4.4034728024115377E-01	6.1086885767527943E-01	5.0546454457410162E-01	5.4668509293072887E-01	7.1414182420995431E-01	-1.0558095282893749E+00	

delta
1.0000000000000000E+00	1.4375468781258596E+00	1.5081653637261594E+00	-1.4575347066062688E-01	3.1495761082838158E-01	3.5505919368536931E-01	2.3616389374566960E-01	1.0267488547302055E-01	3.5991243524519438E+00	1.5172890003890782E+00	1.8171662741779953E+00	2.8762263521436831E+00	4.6350154228218754E-01	1.5573122110727220E+00	2.0001066778080254E+00	9.1690694855534305E-01	2.0474618401365854E+00	-3.2336329115436924E-01	3.2899060754742177E-01	0.0000000000000000E+00	

r
0.0000000000000000E+00	

errcoeff
1.0489663907360076E-05	

v
1.0000000000000000E+00	
1.0000000000000000E+00	
1.0000000000000000E+00	
1.0000000000000000E+00	
1.0000000000000000E+00	
1.0000000000000000E+00	
1.0000000000000000E+00	
1.0000000000000000E+00	
1.0000000000000000E+00	
1.0000000000000000E+00	
1.0000000000000000E+00	
1.0000000000000000E+00	
1.0000000000000000E+00	
1.0000000000000000E+00	
1.0000000000000000E+00	
1.0000000000000000E+00	
1.0000000000000000E+00	
1.0000000000000000E+00	
1.0000000000000000E+00	
1.0000000000000000E+00	
1.0000000000000000E+00	

==============================================================

