#stage		 order
18	 		5


A
0.0000000000000000E+00	0.0000000000000000E+00	0.0000000000000000E+00	0.0000000000000000E+00	0.0000000000000000E+00	0.0000000000000000E+00	0.0000000000000000E+00	0.0000000000000000E+00	0.0000000000000000E+00	0.0000000000000000E+00	0.0000000000000000E+00	0.0000000000000000E+00	0.0000000000000000E+00	0.0000000000000000E+00	0.0000000000000000E+00	0.0000000000000000E+00	0.0000000000000000E+00	0.0000000000000000E+00	
3.6299033865348246E-01	0.0000000000000000E+00	0.0000000000000000E+00	0.0000000000000000E+00	0.0000000000000000E+00	0.0000000000000000E+00	0.0000000000000000E+00	0.0000000000000000E+00	0.0000000000000000E+00	0.0000000000000000E+00	0.0000000000000000E+00	0.0000000000000000E+00	0.0000000000000000E+00	0.0000000000000000E+00	0.0000000000000000E+00	0.0000000000000000E+00	0.0000000000000000E+00	0.0000000000000000E+00	
-3.7834406578159491E-01	1.2097840636520194E+00	0.0000000000000000E+00	0.0000000000000000E+00	0.0000000000000000E+00	0.0000000000000000E+00	0.0000000000000000E+00	0.0000000000000000E+00	0.0000000000000000E+00	0.0000000000000000E+00	0.0000000000000000E+00	0.0000000000000000E+00	0.0000000000000000E+00	0.0000000000000000E+00	0.0000000000000000E+00	0.0000000000000000E+00	0.0000000000000000E+00	0.0000000000000000E+00	
-4.5811027460592191E-01	1.1529383343818838E+00	4.2670949612117737E-01	0.0000000000000000E+00	0.0000000000000000E+00	0.0000000000000000E+00	0.0000000000000000E+00	0.0000000000000000E+00	0.0000000000000000E+00	0.0000000000000000E+00	0.0000000000000000E+00	0.0000000000000000E+00	0.0000000000000000E+00	0.0000000000000000E+00	0.0000000000000000E+00	0.0000000000000000E+00	0.0000000000000000E+00	0.0000000000000000E+00	
-6.0198869564615642E-01	3.4252477517489677E-01	1.2679268582847580E-01	-6.6348514182951995E-03	0.0000000000000000E+00	0.0000000000000000E+00	0.0000000000000000E+00	0.0000000000000000E+00	0.0000000000000000E+00	0.0000000000000000E+00	0.0000000000000000E+00	0.0000000000000000E+00	0.0000000000000000E+00	0.0000000000000000E+00	0.0000000000000000E+00	0.0000000000000000E+00	0.0000000000000000E+00	0.0000000000000000E+00	
-1.4027265984709043E+00	6.8265417942366347E-01	2.5270833823380678E-01	4.6541972636342660E-03	-5.7655233414775013E-02	0.0000000000000000E+00	0.0000000000000000E+00	0.0000000000000000E+00	0.0000000000000000E+00	0.0000000000000000E+00	0.0000000000000000E+00	0.0000000000000000E+00	0.0000000000000000E+00	0.0000000000000000E+00	0.0000000000000000E+00	0.0000000000000000E+00	0.0000000000000000E+00	0.0000000000000000E+00	
-1.4989318073804379E+00	6.5616420991638835E-01	2.4290932080564537E-01	1.7742355174716680E-02	-1.3162857214391621E-01	4.2542856233418871E-02	0.0000000000000000E+00	0.0000000000000000E+00	0.0000000000000000E+00	0.0000000000000000E+00	0.0000000000000000E+00	0.0000000000000000E+00	0.0000000000000000E+00	0.0000000000000000E+00	0.0000000000000000E+00	0.0000000000000000E+00	0.0000000000000000E+00	0.0000000000000000E+00	
5.7853702237324378E-01	-1.9805660064172625E-01	-7.3325751439008546E-02	-1.6462729773898094E-02	1.0352723217523194E-01	-2.5409782278283204E-02	-2.5550835006249013E-02	0.0000000000000000E+00	0.0000000000000000E+00	0.0000000000000000E+00	0.0000000000000000E+00	0.0000000000000000E+00	0.0000000000000000E+00	0.0000000000000000E+00	0.0000000000000000E+00	0.0000000000000000E+00	0.0000000000000000E+00	0.0000000000000000E+00	
1.1113807716110620E+00	-4.2740122703980427E-01	-1.5822862428120460E-01	-2.3450888129003662E-02	1.5405350952986946E-01	-4.1169800888582554E-02	-5.2385376383068852E-02	6.1706632730294808E-01	0.0000000000000000E+00	0.0000000000000000E+00	0.0000000000000000E+00	0.0000000000000000E+00	0.0000000000000000E+00	0.0000000000000000E+00	0.0000000000000000E+00	0.0000000000000000E+00	0.0000000000000000E+00	0.0000000000000000E+00	
2.8082294252358131E-01	-1.1405427555219136E-01	-4.2223394264994052E-02	-4.8702357083016548E-03	3.3139251390662428E-02	-9.4160499333749252E-03	-1.3662959865963036E-02	1.6175831506184812E-01	6.0444188567142319E-03	0.0000000000000000E+00	0.0000000000000000E+00	0.0000000000000000E+00	0.0000000000000000E+00	0.0000000000000000E+00	0.0000000000000000E+00	0.0000000000000000E+00	0.0000000000000000E+00	0.0000000000000000E+00	
-1.1236613556141695E-02	8.5515479131957672E-02	3.1648716628456031E-02	-1.3905221379377747E-02	7.5992456718309898E-02	-1.2806614465213556E-02	6.2419278264796152E-03	-8.4479376289877894E-02	-5.3729972815097504E-04	-1.6734999558365403E-02	0.0000000000000000E+00	0.0000000000000000E+00	0.0000000000000000E+00	0.0000000000000000E+00	0.0000000000000000E+00	0.0000000000000000E+00	0.0000000000000000E+00	0.0000000000000000E+00	
-6.1861632563654317E-02	1.9530817219077773E-01	7.2283993965411283E-02	-2.8569522040269666E-02	1.5524504456118851E-01	-2.5640946284559513E-02	1.4982748897043029E-02	-1.9962575700516758E-01	-1.9526119646659889E-03	-3.3874302232317313E-02	5.4932737092382988E-01	0.0000000000000000E+00	0.0000000000000000E+00	0.0000000000000000E+00	0.0000000000000000E+00	0.0000000000000000E+00	0.0000000000000000E+00	0.0000000000000000E+00	
1.3174660934582130E-01	2.3162128175582231E-01	8.5713792052277138E-02	-5.1948337663815680E-02	2.8787895195302493E-01	-5.0852121703513192E-02	1.3649887545430311E-02	-1.9886865377046836E-01	1.7950936586608335E-03	-6.4801695047102009E-02	5.0105193735370790E-01	-4.1011368508575052E-01	0.0000000000000000E+00	0.0000000000000000E+00	0.0000000000000000E+00	0.0000000000000000E+00	0.0000000000000000E+00	0.0000000000000000E+00	
1.2142896224232100E-01	4.1765766251088166E-01	1.5456396091235058E-01	-8.3443123356473137E-02	4.6034557546343235E-01	-8.0120630801232523E-02	2.6945343418462386E-02	-3.8004246379099504E-01	9.0934835822254097E-04	-1.0290456583957366E-01	9.8865684315454150E-01	-7.3187283779869350E-01	2.7922309337137485E-01	0.0000000000000000E+00	0.0000000000000000E+00	0.0000000000000000E+00	0.0000000000000000E+00	0.0000000000000000E+00	
1.0415083883030719E-01	2.8903020125785772E-02	1.0691678203692823E-02	-1.4208345301125636E-02	8.0297952333062694E-02	-1.5087965520152617E-02	-5.7901431206822812E-05	-8.6204249525743681E-03	1.9818728643492467E-03	-1.8618471367394973E-02	-1.7955466639635320E-03	-5.6947079355449737E-02	4.8380778015041925E-04	-5.3297943172444891E-05	0.0000000000000000E+00	0.0000000000000000E+00	0.0000000000000000E+00	0.0000000000000000E+00	
8.9368900329064985E-02	-2.6821969093544208E-02	-9.9307215609367172E-03	-3.2001730857370240E-03	1.9595551854011413E-02	-4.5395377766806310E-03	-3.6815222932752366E-03	4.2347939527570592E-02	1.8889930587337510E-03	-5.0591153416907342E-03	-1.3474564919310250E-01	4.0607940024867818E-02	-3.7050161331072348E-02	-6.9091543274323129E-04	2.8556768241091424E-01	0.0000000000000000E+00	0.0000000000000000E+00	0.0000000000000000E+00	
-2.5115190121011280E-02	-7.0499022750262264E-02	-2.6089588045037408E-02	1.4491693630053818E-02	-8.0041151302524760E-02	1.3984389126984275E-02	-4.4555340390671485E-03	6.3296938175867928E-02	-2.4605591840354485E-04	1.7924473143002446E-02	-1.6349473311451834E-01	1.2384120938665491E-01	-4.6223076079262383E-02	-7.8113621501464333E-04	3.3264728425044349E-01	4.2755019626968011E-01	0.0000000000000000E+00	0.0000000000000000E+00	
-1.0304958105094714E-02	-1.9140927055784490E-02	-7.0833208927859326E-03	4.2416498146141835E-03	-2.3495331612728650E-02	4.1443103325570297E-03	-1.1397068282533054E-03	1.6541831205089768E-02	-1.3667155635732256E-04	5.2852026588886972E-03	-4.1833488602620442E-02	3.3853021952171998E-02	-1.1863949449119716E-02	-1.9820875071344590E-04	8.4712443718632180E-02	1.6900442415306569E-02	7.8123582751922785E-02	0.0000000000000000E+00	

b
-2.3713787442572565E-01	
-2.8125025627664729E-01	
-1.0407582100103241E-01	
6.9875968470949540E-02	
-3.8860017840909167E-01	
6.9439042204316126E-02	
-1.5025218652219088E-02	
2.2723201621045580E-01	
-3.7261848699745243E-03	
8.7952108071312735E-02	
-5.5182696539056564E-01	
5.0306456975126734E-01	
-1.5745861350690604E-01	
-2.5712387750766339E-03	
1.1069503166074561E+00	
-2.1905289291076060E+00	
7.5250588992361633E-01	
2.1151813691754726E+00	

c
0.0000000000000000E+00	
3.6299033865348246E-01	
8.3143999787042455E-01	
1.1215375558971392E+00	
-1.3930608606107905E-01	
-5.2036511696457477E-01	
-6.7120163739418481E-01	
3.4325855540931066E-01	
1.1798646917222158E+00	
2.9753801250798106E-01	
5.9698455328075946E-02	
6.3562255844761606E-01	
4.7687306039409494E-01	
1.0713471678446189E+00	
1.1112013760230800E-01	
2.5365724209638013E-01	
5.7679069639758518E-01	
1.2860592199572518E-01	

alpha
0.0000000000000000E+00	0.0000000000000000E+00	0.0000000000000000E+00	0.0000000000000000E+00	0.0000000000000000E+00	0.0000000000000000E+00	0.0000000000000000E+00	0.0000000000000000E+00	0.0000000000000000E+00	0.0000000000000000E+00	0.0000000000000000E+00	0.0000000000000000E+00	0.0000000000000000E+00	0.0000000000000000E+00	0.0000000000000000E+00	0.0000000000000000E+00	0.0000000000000000E+00	0.0000000000000000E+00	0.0000000000000000E+00	
0.0000000000000000E+00	0.0000000000000000E+00	0.0000000000000000E+00	0.0000000000000000E+00	0.0000000000000000E+00	0.0000000000000000E+00	0.0000000000000000E+00	0.0000000000000000E+00	0.0000000000000000E+00	0.0000000000000000E+00	0.0000000000000000E+00	0.0000000000000000E+00	0.0000000000000000E+00	0.0000000000000000E+00	0.0000000000000000E+00	0.0000000000000000E+00	0.0000000000000000E+00	0.0000000000000000E+00	0.0000000000000000E+00	
-0.0000000000000000E+00	0.0000000000000000E+00	0.0000000000000000E+00	0.0000000000000000E+00	0.0000000000000000E+00	0.0000000000000000E+00	0.0000000000000000E+00	0.0000000000000000E+00	0.0000000000000000E+00	0.0000000000000000E+00	0.0000000000000000E+00	0.0000000000000000E+00	0.0000000000000000E+00	0.0000000000000000E+00	0.0000000000000000E+00	0.0000000000000000E+00	0.0000000000000000E+00	0.0000000000000000E+00	0.0000000000000000E+00	
-0.0000000000000000E+00	0.0000000000000000E+00	0.0000000000000000E+00	0.0000000000000000E+00	0.0000000000000000E+00	0.0000000000000000E+00	0.0000000000000000E+00	0.0000000000000000E+00	0.0000000000000000E+00	0.0000000000000000E+00	0.0000000000000000E+00	0.0000000000000000E+00	0.0000000000000000E+00	0.0000000000000000E+00	0.0000000000000000E+00	0.0000000000000000E+00	0.0000000000000000E+00	0.0000000000000000E+00	0.0000000000000000E+00	
-0.0000000000000000E+00	0.0000000000000000E+00	0.0000000000000000E+00	-0.0000000000000000E+00	0.0000000000000000E+00	0.0000000000000000E+00	0.0000000000000000E+00	0.0000000000000000E+00	0.0000000000000000E+00	0.0000000000000000E+00	0.0000000000000000E+00	0.0000000000000000E+00	0.0000000000000000E+00	0.0000000000000000E+00	0.0000000000000000E+00	0.0000000000000000E+00	0.0000000000000000E+00	0.0000000000000000E+00	0.0000000000000000E+00	
-0.0000000000000000E+00	0.0000000000000000E+00	0.0000000000000000E+00	0.0000000000000000E+00	-0.0000000000000000E+00	0.0000000000000000E+00	0.0000000000000000E+00	0.0000000000000000E+00	0.0000000000000000E+00	0.0000000000000000E+00	0.0000000000000000E+00	0.0000000000000000E+00	0.0000000000000000E+00	0.0000000000000000E+00	0.0000000000000000E+00	0.0000000000000000E+00	0.0000000000000000E+00	0.0000000000000000E+00	0.0000000000000000E+00	
-0.0000000000000000E+00	0.0000000000000000E+00	0.0000000000000000E+00	0.0000000000000000E+00	-0.0000000000000000E+00	0.0000000000000000E+00	0.0000000000000000E+00	0.0000000000000000E+00	0.0000000000000000E+00	0.0000000000000000E+00	0.0000000000000000E+00	0.0000000000000000E+00	0.0000000000000000E+00	0.0000000000000000E+00	0.0000000000000000E+00	0.0000000000000000E+00	0.0000000000000000E+00	0.0000000000000000E+00	0.0000000000000000E+00	
0.0000000000000000E+00	-0.0000000000000000E+00	-0.0000000000000000E+00	-0.0000000000000000E+00	0.0000000000000000E+00	-0.0000000000000000E+00	-0.0000000000000000E+00	0.0000000000000000E+00	0.0000000000000000E+00	0.0000000000000000E+00	0.0000000000000000E+00	0.0000000000000000E+00	0.0000000000000000E+00	0.0000000000000000E+00	0.0000000000000000E+00	0.0000000000000000E+00	0.0000000000000000E+00	0.0000000000000000E+00	0.0000000000000000E+00	
0.0000000000000000E+00	-0.0000000000000000E+00	-0.0000000000000000E+00	-0.0000000000000000E+00	0.0000000000000000E+00	-0.0000000000000000E+00	-0.0000000000000000E+00	0.0000000000000000E+00	0.0000000000000000E+00	0.0000000000000000E+00	0.0000000000000000E+00	0.0000000000000000E+00	0.0000000000000000E+00	0.0000000000000000E+00	0.0000000000000000E+00	0.0000000000000000E+00	0.0000000000000000E+00	0.0000000000000000E+00	0.0000000000000000E+00	
0.0000000000000000E+00	-0.0000000000000000E+00	-0.0000000000000000E+00	-0.0000000000000000E+00	0.0000000000000000E+00	-0.0000000000000000E+00	-0.0000000000000000E+00	0.0000000000000000E+00	0.0000000000000000E+00	0.0000000000000000E+00	0.0000000000000000E+00	0.0000000000000000E+00	0.0000000000000000E+00	0.0000000000000000E+00	0.0000000000000000E+00	0.0000000000000000E+00	0.0000000000000000E+00	0.0000000000000000E+00	0.0000000000000000E+00	
-0.0000000000000000E+00	0.0000000000000000E+00	0.0000000000000000E+00	-0.0000000000000000E+00	0.0000000000000000E+00	-0.0000000000000000E+00	0.0000000000000000E+00	-0.0000000000000000E+00	-0.0000000000000000E+00	-0.0000000000000000E+00	0.0000000000000000E+00	0.0000000000000000E+00	0.0000000000000000E+00	0.0000000000000000E+00	0.0000000000000000E+00	0.0000000000000000E+00	0.0000000000000000E+00	0.0000000000000000E+00	0.0000000000000000E+00	
-0.0000000000000000E+00	0.0000000000000000E+00	0.0000000000000000E+00	-0.0000000000000000E+00	0.0000000000000000E+00	-0.0000000000000000E+00	0.0000000000000000E+00	-0.0000000000000000E+00	-0.0000000000000000E+00	-0.0000000000000000E+00	0.0000000000000000E+00	0.0000000000000000E+00	0.0000000000000000E+00	0.0000000000000000E+00	0.0000000000000000E+00	0.0000000000000000E+00	0.0000000000000000E+00	0.0000000000000000E+00	0.0000000000000000E+00	
0.0000000000000000E+00	0.0000000000000000E+00	0.0000000000000000E+00	-0.0000000000000000E+00	0.0000000000000000E+00	-0.0000000000000000E+00	0.0000000000000000E+00	-0.0000000000000000E+00	0.0000000000000000E+00	-0.0000000000000000E+00	0.0000000000000000E+00	-0.0000000000000000E+00	0.0000000000000000E+00	0.0000000000000000E+00	0.0000000000000000E+00	0.0000000000000000E+00	0.0000000000000000E+00	0.0000000000000000E+00	0.0000000000000000E+00	
0.0000000000000000E+00	0.0000000000000000E+00	0.0000000000000000E+00	-0.0000000000000000E+00	0.0000000000000000E+00	-0.0000000000000000E+00	0.0000000000000000E+00	-0.0000000000000000E+00	0.0000000000000000E+00	-0.0000000000000000E+00	0.0000000000000000E+00	-0.0000000000000000E+00	0.0000000000000000E+00	0.0000000000000000E+00	0.0000000000000000E+00	0.0000000000000000E+00	0.0000000000000000E+00	0.0000000000000000E+00	0.0000000000000000E+00	
0.0000000000000000E+00	0.0000000000000000E+00	0.0000000000000000E+00	-0.0000000000000000E+00	0.0000000000000000E+00	-0.0000000000000000E+00	-0.0000000000000000E+00	-0.0000000000000000E+00	0.0000000000000000E+00	-0.0000000000000000E+00	-0.0000000000000000E+00	-0.0000000000000000E+00	0.0000000000000000E+00	-0.0000000000000000E+00	0.0000000000000000E+00	0.0000000000000000E+00	0.0000000000000000E+00	0.0000000000000000E+00	0.0000000000000000E+00	
0.0000000000000000E+00	-0.0000000000000000E+00	-0.0000000000000000E+00	-0.0000000000000000E+00	0.0000000000000000E+00	-0.0000000000000000E+00	-0.0000000000000000E+00	0.0000000000000000E+00	0.0000000000000000E+00	-0.0000000000000000E+00	-0.0000000000000000E+00	0.0000000000000000E+00	-0.0000000000000000E+00	-0.0000000000000000E+00	0.0000000000000000E+00	0.0000000000000000E+00	0.0000000000000000E+00	0.0000000000000000E+00	0.0000000000000000E+00	
-0.0000000000000000E+00	-0.0000000000000000E+00	-0.0000000000000000E+00	0.0000000000000000E+00	-0.0000000000000000E+00	0.0000000000000000E+00	-0.0000000000000000E+00	0.0000000000000000E+00	-0.0000000000000000E+00	0.0000000000000000E+00	-0.0000000000000000E+00	0.0000000000000000E+00	-0.0000000000000000E+00	-0.0000000000000000E+00	0.0000000000000000E+00	0.0000000000000000E+00	0.0000000000000000E+00	0.0000000000000000E+00	0.0000000000000000E+00	
-0.0000000000000000E+00	-0.0000000000000000E+00	-0.0000000000000000E+00	0.0000000000000000E+00	-0.0000000000000000E+00	0.0000000000000000E+00	-0.0000000000000000E+00	0.0000000000000000E+00	-0.0000000000000000E+00	0.0000000000000000E+00	-0.0000000000000000E+00	0.0000000000000000E+00	-0.0000000000000000E+00	-0.0000000000000000E+00	0.0000000000000000E+00	0.0000000000000000E+00	0.0000000000000000E+00	0.0000000000000000E+00	0.0000000000000000E+00	
-0.0000000000000000E+00	-0.0000000000000000E+00	-0.0000000000000000E+00	0.0000000000000000E+00	-0.0000000000000000E+00	0.0000000000000000E+00	-0.0000000000000000E+00	0.0000000000000000E+00	-0.0000000000000000E+00	0.0000000000000000E+00	-0.0000000000000000E+00	0.0000000000000000E+00	-0.0000000000000000E+00	-0.0000000000000000E+00	0.0000000000000000E+00	-0.0000000000000000E+00	0.0000000000000000E+00	0.0000000000000000E+00	0.0000000000000000E+00	

beta
0.0000000000000000E+00	0.0000000000000000E+00	0.0000000000000000E+00	0.0000000000000000E+00	0.0000000000000000E+00	0.0000000000000000E+00	0.0000000000000000E+00	0.0000000000000000E+00	0.0000000000000000E+00	0.0000000000000000E+00	0.0000000000000000E+00	0.0000000000000000E+00	0.0000000000000000E+00	0.0000000000000000E+00	0.0000000000000000E+00	0.0000000000000000E+00	0.0000000000000000E+00	0.0000000000000000E+00	0.0000000000000000E+00	
3.6299033865348246E-01	0.0000000000000000E+00	0.0000000000000000E+00	0.0000000000000000E+00	0.0000000000000000E+00	0.0000000000000000E+00	0.0000000000000000E+00	0.0000000000000000E+00	0.0000000000000000E+00	0.0000000000000000E+00	0.0000000000000000E+00	0.0000000000000000E+00	0.0000000000000000E+00	0.0000000000000000E+00	0.0000000000000000E+00	0.0000000000000000E+00	0.0000000000000000E+00	0.0000000000000000E+00	0.0000000000000000E+00	
-3.7834406578159491E-01	1.2097840636520194E+00	0.0000000000000000E+00	0.0000000000000000E+00	0.0000000000000000E+00	0.0000000000000000E+00	0.0000000000000000E+00	0.0000000000000000E+00	0.0000000000000000E+00	0.0000000000000000E+00	0.0000000000000000E+00	0.0000000000000000E+00	0.0000000000000000E+00	0.0000000000000000E+00	0.0000000000000000E+00	0.0000000000000000E+00	0.0000000000000000E+00	0.0000000000000000E+00	0.0000000000000000E+00	
-4.5811027460592191E-01	1.1529383343818838E+00	4.2670949612117737E-01	0.0000000000000000E+00	0.0000000000000000E+00	0.0000000000000000E+00	0.0000000000000000E+00	0.0000000000000000E+00	0.0000000000000000E+00	0.0000000000000000E+00	0.0000000000000000E+00	0.0000000000000000E+00	0.0000000000000000E+00	0.0000000000000000E+00	0.0000000000000000E+00	0.0000000000000000E+00	0.0000000000000000E+00	0.0000000000000000E+00	0.0000000000000000E+00	
-6.0198869564615642E-01	3.4252477517489677E-01	1.2679268582847580E-01	-6.6348514182951995E-03	0.0000000000000000E+00	0.0000000000000000E+00	0.0000000000000000E+00	0.0000000000000000E+00	0.0000000000000000E+00	0.0000000000000000E+00	0.0000000000000000E+00	0.0000000000000000E+00	0.0000000000000000E+00	0.0000000000000000E+00	0.0000000000000000E+00	0.0000000000000000E+00	0.0000000000000000E+00	0.0000000000000000E+00	0.0000000000000000E+00	
-1.4027265984709043E+00	6.8265417942366347E-01	2.5270833823380678E-01	4.6541972636342660E-03	-5.7655233414775013E-02	0.0000000000000000E+00	0.0000000000000000E+00	0.0000000000000000E+00	0.0000000000000000E+00	0.0000000000000000E+00	0.0000000000000000E+00	0.0000000000000000E+00	0.0000000000000000E+00	0.0000000000000000E+00	0.0000000000000000E+00	0.0000000000000000E+00	0.0000000000000000E+00	0.0000000000000000E+00	0.0000000000000000E+00	
-1.4989318073804379E+00	6.5616420991638835E-01	2.4290932080564537E-01	1.7742355174716680E-02	-1.3162857214391621E-01	4.2542856233418871E-02	0.0000000000000000E+00	0.0000000000000000E+00	0.0000000000000000E+00	0.0000000000000000E+00	0.0000000000000000E+00	0.0000000000000000E+00	0.0000000000000000E+00	0.0000000000000000E+00	0.0000000000000000E+00	0.0000000000000000E+00	0.0000000000000000E+00	0.0000000000000000E+00	0.0000000000000000E+00	
5.7853702237324378E-01	-1.9805660064172625E-01	-7.3325751439008546E-02	-1.6462729773898094E-02	1.0352723217523194E-01	-2.5409782278283204E-02	-2.5550835006249013E-02	0.0000000000000000E+00	0.0000000000000000E+00	0.0000000000000000E+00	0.0000000000000000E+00	0.0000000000000000E+00	0.0000000000000000E+00	0.0000000000000000E+00	0.0000000000000000E+00	0.0000000000000000E+00	0.0000000000000000E+00	0.0000000000000000E+00	0.0000000000000000E+00	
1.1113807716110620E+00	-4.2740122703980427E-01	-1.5822862428120460E-01	-2.3450888129003662E-02	1.5405350952986946E-01	-4.1169800888582554E-02	-5.2385376383068852E-02	6.1706632730294808E-01	0.0000000000000000E+00	0.0000000000000000E+00	0.0000000000000000E+00	0.0000000000000000E+00	0.0000000000000000E+00	0.0000000000000000E+00	0.0000000000000000E+00	0.0000000000000000E+00	0.0000000000000000E+00	0.0000000000000000E+00	0.0000000000000000E+00	
2.8082294252358131E-01	-1.1405427555219136E-01	-4.2223394264994052E-02	-4.8702357083016548E-03	3.3139251390662428E-02	-9.4160499333749252E-03	-1.3662959865963036E-02	1.6175831506184812E-01	6.0444188567142319E-03	0.0000000000000000E+00	0.0000000000000000E+00	0.0000000000000000E+00	0.0000000000000000E+00	0.0000000000000000E+00	0.0000000000000000E+00	0.0000000000000000E+00	0.0000000000000000E+00	0.0000000000000000E+00	0.0000000000000000E+00	
-1.1236613556141695E-02	8.5515479131957672E-02	3.1648716628456031E-02	-1.3905221379377747E-02	7.5992456718309898E-02	-1.2806614465213556E-02	6.2419278264796152E-03	-8.4479376289877894E-02	-5.3729972815097504E-04	-1.6734999558365403E-02	0.0000000000000000E+00	0.0000000000000000E+00	0.0000000000000000E+00	0.0000000000000000E+00	0.0000000000000000E+00	0.0000000000000000E+00	0.0000000000000000E+00	0.0000000000000000E+00	0.0000000000000000E+00	
-6.1861632563654317E-02	1.9530817219077773E-01	7.2283993965411283E-02	-2.8569522040269666E-02	1.5524504456118851E-01	-2.5640946284559513E-02	1.4982748897043029E-02	-1.9962575700516758E-01	-1.9526119646659889E-03	-3.3874302232317313E-02	5.4932737092382988E-01	0.0000000000000000E+00	0.0000000000000000E+00	0.0000000000000000E+00	0.0000000000000000E+00	0.0000000000000000E+00	0.0000000000000000E+00	0.0000000000000000E+00	0.0000000000000000E+00	
1.3174660934582130E-01	2.3162128175582231E-01	8.5713792052277138E-02	-5.1948337663815680E-02	2.8787895195302493E-01	-5.0852121703513192E-02	1.3649887545430311E-02	-1.9886865377046836E-01	1.7950936586608335E-03	-6.4801695047102009E-02	5.0105193735370790E-01	-4.1011368508575052E-01	0.0000000000000000E+00	0.0000000000000000E+00	0.0000000000000000E+00	0.0000000000000000E+00	0.0000000000000000E+00	0.0000000000000000E+00	0.0000000000000000E+00	
1.2142896224232100E-01	4.1765766251088166E-01	1.5456396091235058E-01	-8.3443123356473137E-02	4.6034557546343235E-01	-8.0120630801232523E-02	2.6945343418462386E-02	-3.8004246379099504E-01	9.0934835822254097E-04	-1.0290456583957366E-01	9.8865684315454150E-01	-7.3187283779869350E-01	2.7922309337137485E-01	0.0000000000000000E+00	0.0000000000000000E+00	0.0000000000000000E+00	0.0000000000000000E+00	0.0000000000000000E+00	0.0000000000000000E+00	
1.0415083883030719E-01	2.8903020125785772E-02	1.0691678203692823E-02	-1.4208345301125636E-02	8.0297952333062694E-02	-1.5087965520152617E-02	-5.7901431206822812E-05	-8.6204249525743681E-03	1.9818728643492467E-03	-1.8618471367394973E-02	-1.7955466639635320E-03	-5.6947079355449737E-02	4.8380778015041925E-04	-5.3297943172444891E-05	0.0000000000000000E+00	0.0000000000000000E+00	0.0000000000000000E+00	0.0000000000000000E+00	0.0000000000000000E+00	
8.9368900329064985E-02	-2.6821969093544208E-02	-9.9307215609367172E-03	-3.2001730857370240E-03	1.9595551854011413E-02	-4.5395377766806310E-03	-3.6815222932752366E-03	4.2347939527570592E-02	1.8889930587337510E-03	-5.0591153416907342E-03	-1.3474564919310250E-01	4.0607940024867818E-02	-3.7050161331072348E-02	-6.9091543274323129E-04	2.8556768241091424E-01	0.0000000000000000E+00	0.0000000000000000E+00	0.0000000000000000E+00	0.0000000000000000E+00	
-2.5115190121011280E-02	-7.0499022750262264E-02	-2.6089588045037408E-02	1.4491693630053818E-02	-8.0041151302524760E-02	1.3984389126984275E-02	-4.4555340390671485E-03	6.3296938175867928E-02	-2.4605591840354485E-04	1.7924473143002446E-02	-1.6349473311451834E-01	1.2384120938665491E-01	-4.6223076079262383E-02	-7.8113621501464333E-04	3.3264728425044349E-01	4.2755019626968011E-01	0.0000000000000000E+00	0.0000000000000000E+00	0.0000000000000000E+00	
-1.0304958105094714E-02	-1.9140927055784490E-02	-7.0833208927859326E-03	4.2416498146141835E-03	-2.3495331612728650E-02	4.1443103325570297E-03	-1.1397068282533054E-03	1.6541831205089768E-02	-1.3667155635732256E-04	5.2852026588886972E-03	-4.1833488602620442E-02	3.3853021952171998E-02	-1.1863949449119716E-02	-1.9820875071344590E-04	8.4712443718632180E-02	1.6900442415306569E-02	7.8123582751922785E-02	0.0000000000000000E+00	0.0000000000000000E+00	
-2.3713787442572565E-01	-2.8125025627664729E-01	-1.0407582100103241E-01	6.9875968470949540E-02	-3.8860017840909167E-01	6.9439042204316126E-02	-1.5025218652219088E-02	2.2723201621045580E-01	-3.7261848699745243E-03	8.7952108071312735E-02	-5.5182696539056564E-01	5.0306456975126734E-01	-1.5745861350690604E-01	-2.5712387750766339E-03	1.1069503166074561E+00	-2.1905289291076060E+00	7.5250588992361633E-01	2.1151813691754726E+00	0.0000000000000000E+00	

gamma1
0.0000000000000000E+00	0.0000000000000000E+00	6.9603856282640919E-01	9.5302204527804291E-01	4.1347603189355819E-02	-2.5520094421158905E+00	1.4854438444527409E+00	-3.3504215707857571E-01	2.0729404748713978E+00	2.5360709979203511E-01	1.7430050858730177E+00	2.3998597977430625E+00	1.2262780191541318E+00	1.9639118798250399E+00	-1.1252392541416301E-02	1.9719189675538161E+01	1.4360858890624345E-01	2.2516047325459349E-01	9.6322501275083336E+00	

gamma2
0.0000000000000000E+00	1.0000000000000000E+00	2.0422978947182653E+00	3.1571163220273701E-01	1.5078851655785912E+00	4.7198643568846572E+00	-2.7357699538628868E+00	1.4818910490287360E+00	-1.4513730903010742E+00	-1.7364221897727794E-01	2.3115429235576617E+00	1.8058365851014704E-01	-9.7379056852192036E-01	5.3322775271644718E-01	-4.0364154369203298E-01	4.8228874088101996E+00	3.1724810825382993E-01	7.7847877663760917E-02	2.3082756833630285E+00	

gamma3
0.0000000000000000E+00	0.0000000000000000E+00	0.0000000000000000E+00	0.0000000000000000E+00	4.7848585241573915E-01	1.9849743137173298E-01	6.6076355853569368E-01	9.7640604553479238E-01	-6.9899088383378416E-01	7.8259842613499231E-01	6.0692022279535152E-01	-9.1869950966064151E-01	-2.5067577177485996E+00	4.6418305568774210E-01	-8.2768781510011769E-02	1.1085817578346682E+00	1.1394017447535063E+00	1.0299178894128951E+00	-1.0688945220990855E+00	

delta
1.0000000000000000E+00	-8.5116694388233594E-01	-3.2853875543823679E-05	1.6963687463611812E-01	3.9207317451331658E-01	-2.9153956952921545E-01	-1.7695821287628186E-01	1.5639814590483778E-02	-4.9145814698917281E-02	-7.9249965148775658E-01	-2.0804798491807515E+00	3.2261455388847288E-01	-3.3634971407103942E-01	-3.2169843063833296E-02	-1.4008046969403467E+00	3.2191038628002180E+00	-2.3845469082036774E+00	0.0000000000000000E+00	

r
0.0000000000000000E+00	

errcoeff
3.2341434393832524E-05	

v
1.0000000000000000E+00	
1.0000000000000000E+00	
1.0000000000000000E+00	
1.0000000000000000E+00	
1.0000000000000000E+00	
1.0000000000000000E+00	
1.0000000000000000E+00	
1.0000000000000000E+00	
1.0000000000000000E+00	
1.0000000000000000E+00	
1.0000000000000000E+00	
1.0000000000000000E+00	
1.0000000000000000E+00	
1.0000000000000000E+00	
1.0000000000000000E+00	
1.0000000000000000E+00	
1.0000000000000000E+00	
1.0000000000000000E+00	
1.0000000000000000E+00	

==============================================================

