#stage		 order
22	 		5


A
0.0000000000000000E+00	0.0000000000000000E+00	0.0000000000000000E+00	0.0000000000000000E+00	0.0000000000000000E+00	0.0000000000000000E+00	0.0000000000000000E+00	0.0000000000000000E+00	0.0000000000000000E+00	0.0000000000000000E+00	0.0000000000000000E+00	0.0000000000000000E+00	0.0000000000000000E+00	0.0000000000000000E+00	0.0000000000000000E+00	0.0000000000000000E+00	0.0000000000000000E+00	0.0000000000000000E+00	0.0000000000000000E+00	0.0000000000000000E+00	0.0000000000000000E+00	0.0000000000000000E+00	
1.7146202482814252E-01	0.0000000000000000E+00	0.0000000000000000E+00	0.0000000000000000E+00	0.0000000000000000E+00	0.0000000000000000E+00	0.0000000000000000E+00	0.0000000000000000E+00	0.0000000000000000E+00	0.0000000000000000E+00	0.0000000000000000E+00	0.0000000000000000E+00	0.0000000000000000E+00	0.0000000000000000E+00	0.0000000000000000E+00	0.0000000000000000E+00	0.0000000000000000E+00	0.0000000000000000E+00	0.0000000000000000E+00	0.0000000000000000E+00	0.0000000000000000E+00	0.0000000000000000E+00	
7.4083952535363193E-02	1.2176409381562019E-02	0.0000000000000000E+00	0.0000000000000000E+00	0.0000000000000000E+00	0.0000000000000000E+00	0.0000000000000000E+00	0.0000000000000000E+00	0.0000000000000000E+00	0.0000000000000000E+00	0.0000000000000000E+00	0.0000000000000000E+00	0.0000000000000000E+00	0.0000000000000000E+00	0.0000000000000000E+00	0.0000000000000000E+00	0.0000000000000000E+00	0.0000000000000000E+00	0.0000000000000000E+00	0.0000000000000000E+00	0.0000000000000000E+00	0.0000000000000000E+00	
2.1794113531672932E-03	4.0063948522346682E-03	6.9023423599817957E-01	0.0000000000000000E+00	0.0000000000000000E+00	0.0000000000000000E+00	0.0000000000000000E+00	0.0000000000000000E+00	0.0000000000000000E+00	0.0000000000000000E+00	0.0000000000000000E+00	0.0000000000000000E+00	0.0000000000000000E+00	0.0000000000000000E+00	0.0000000000000000E+00	0.0000000000000000E+00	0.0000000000000000E+00	0.0000000000000000E+00	0.0000000000000000E+00	0.0000000000000000E+00	0.0000000000000000E+00	0.0000000000000000E+00	
-1.4119977530564132E-01	-1.3933073352177985E-02	6.8280353439450936E-01	1.1841176442449149E-01	0.0000000000000000E+00	0.0000000000000000E+00	0.0000000000000000E+00	0.0000000000000000E+00	0.0000000000000000E+00	0.0000000000000000E+00	0.0000000000000000E+00	0.0000000000000000E+00	0.0000000000000000E+00	0.0000000000000000E+00	0.0000000000000000E+00	0.0000000000000000E+00	0.0000000000000000E+00	0.0000000000000000E+00	0.0000000000000000E+00	0.0000000000000000E+00	0.0000000000000000E+00	0.0000000000000000E+00	
-7.4639791944627415E-02	-6.7423258891041683E-03	4.7606299370745331E-01	2.8462636405394315E-02	-7.6140467586669425E-01	0.0000000000000000E+00	0.0000000000000000E+00	0.0000000000000000E+00	0.0000000000000000E+00	0.0000000000000000E+00	0.0000000000000000E+00	0.0000000000000000E+00	0.0000000000000000E+00	0.0000000000000000E+00	0.0000000000000000E+00	0.0000000000000000E+00	0.0000000000000000E+00	0.0000000000000000E+00	0.0000000000000000E+00	0.0000000000000000E+00	0.0000000000000000E+00	0.0000000000000000E+00	
-2.4593460090850922E-02	-1.1631165984340597E-03	3.5249909699267645E-01	-4.8622568386040260E-02	3.9813673265689942E-01	2.4227398597504152E-01	0.0000000000000000E+00	0.0000000000000000E+00	0.0000000000000000E+00	0.0000000000000000E+00	0.0000000000000000E+00	0.0000000000000000E+00	0.0000000000000000E+00	0.0000000000000000E+00	0.0000000000000000E+00	0.0000000000000000E+00	0.0000000000000000E+00	0.0000000000000000E+00	0.0000000000000000E+00	0.0000000000000000E+00	0.0000000000000000E+00	0.0000000000000000E+00	
4.7207783159568650E-03	8.6727510124781941E-04	5.1373023430899098E-02	-2.5957356689831200E-02	3.1846987974417929E-01	2.7735099024135906E-01	1.1558514524144053E-01	0.0000000000000000E+00	0.0000000000000000E+00	0.0000000000000000E+00	0.0000000000000000E+00	0.0000000000000000E+00	0.0000000000000000E+00	0.0000000000000000E+00	0.0000000000000000E+00	0.0000000000000000E+00	0.0000000000000000E+00	0.0000000000000000E+00	0.0000000000000000E+00	0.0000000000000000E+00	0.0000000000000000E+00	0.0000000000000000E+00	
-1.0367356983774630E-01	-7.2308393591586379E-03	1.0557111086827997E+00	-7.7413144951650290E-02	2.5103294125577258E-01	-1.4924740313325624E-01	-1.6340672642638726E-01	1.5934057217909767E-01	0.0000000000000000E+00	0.0000000000000000E+00	0.0000000000000000E+00	0.0000000000000000E+00	0.0000000000000000E+00	0.0000000000000000E+00	0.0000000000000000E+00	0.0000000000000000E+00	0.0000000000000000E+00	0.0000000000000000E+00	0.0000000000000000E+00	0.0000000000000000E+00	0.0000000000000000E+00	0.0000000000000000E+00	
1.3607026570399869E-02	1.3340593332924833E-03	-6.7395341247966409E-02	-1.0937999116417650E-02	2.0313807369160536E-01	2.1320500836771938E-01	9.8837995191042374E-02	1.0850911835689064E-01	3.3041174061584404E-02	0.0000000000000000E+00	0.0000000000000000E+00	0.0000000000000000E+00	0.0000000000000000E+00	0.0000000000000000E+00	0.0000000000000000E+00	0.0000000000000000E+00	0.0000000000000000E+00	0.0000000000000000E+00	0.0000000000000000E+00	0.0000000000000000E+00	0.0000000000000000E+00	0.0000000000000000E+00	
2.9758112333385923E-02	2.3566249210035277E-03	-2.5106886306114190E-01	6.8161796908149334E-03	1.0031400939643298E-01	1.8420164095320943E-01	1.0340804601879841E-01	4.8756550351076407E-02	1.8290818269582634E-02	-2.1762352425564228E-02	0.0000000000000000E+00	0.0000000000000000E+00	0.0000000000000000E+00	0.0000000000000000E+00	0.0000000000000000E+00	0.0000000000000000E+00	0.0000000000000000E+00	0.0000000000000000E+00	0.0000000000000000E+00	0.0000000000000000E+00	0.0000000000000000E+00	0.0000000000000000E+00	
-1.2726262262223809E-01	-8.9645359217478786E-03	1.2795705845850658E+00	-9.0180260382620225E-02	2.5391585450352816E-01	-2.2768474358733348E-01	-2.1836574087627370E-01	1.6586393487191908E-01	2.8936648233970200E-02	2.9023824295011519E-02	-2.8527241299235856E-01	0.0000000000000000E+00	0.0000000000000000E+00	0.0000000000000000E+00	0.0000000000000000E+00	0.0000000000000000E+00	0.0000000000000000E+00	0.0000000000000000E+00	0.0000000000000000E+00	0.0000000000000000E+00	0.0000000000000000E+00	0.0000000000000000E+00	
-6.6653346905230476E-02	-4.8896276690811513E-03	6.3422307731587635E-01	-3.6574261305733491E-02	1.3734537096743354E-02	-2.1704970696085660E-01	-1.5346048799320583E-01	2.1496099511286934E-02	-3.5569219347659151E-03	2.6384766411653923E-02	-2.1747416422389623E-01	7.3049114105928770E-01	0.0000000000000000E+00	0.0000000000000000E+00	0.0000000000000000E+00	0.0000000000000000E+00	0.0000000000000000E+00	0.0000000000000000E+00	0.0000000000000000E+00	0.0000000000000000E+00	0.0000000000000000E+00	0.0000000000000000E+00	
-5.9102237779839785E-02	-4.0188357577748534E-03	6.2093739511656110E-01	-4.9793522874084672E-02	2.0646341826583167E-01	-3.3125251028953306E-02	-7.2386732032854895E-02	1.2556787557019841E-01	2.7331930995118069E-02	5.1754651551451474E-03	-8.1948419598565581E-02	7.2690821162545438E-03	2.1890999869168687E-04	0.0000000000000000E+00	0.0000000000000000E+00	0.0000000000000000E+00	0.0000000000000000E+00	0.0000000000000000E+00	0.0000000000000000E+00	0.0000000000000000E+00	0.0000000000000000E+00	0.0000000000000000E+00	
-7.7583456075168686E-02	-5.3373236573867680E-03	8.0368088589119535E-01	-6.1977315697687274E-02	2.3312911765917818E-01	-7.4561765944514719E-02	-1.0744439899317901E-01	1.4405865636919146E-01	2.9932333461926024E-02	1.0347673942901894E-02	-1.2920235629385923E-01	1.3446476713774819E-01	9.3573803791628803E-05	-9.2162236766618044E-01	0.0000000000000000E+00	0.0000000000000000E+00	0.0000000000000000E+00	0.0000000000000000E+00	0.0000000000000000E+00	0.0000000000000000E+00	0.0000000000000000E+00	0.0000000000000000E+00	
-1.2664132013739676E-01	-8.6582789706700358E-03	1.3218413827341760E+00	-1.0412402188343228E-01	4.1363005839890366E-01	-9.4573244856639080E-02	-1.6453754947004484E-01	2.5328914921835610E-01	5.4051186712916269E-02	1.3787748425540083E-02	-1.9201515494637472E-01	1.1041502967188427E-01	3.2194788263496896E-04	-2.3219612916368400E+00	-4.4594402135267741E-01	0.0000000000000000E+00	0.0000000000000000E+00	0.0000000000000000E+00	0.0000000000000000E+00	0.0000000000000000E+00	0.0000000000000000E+00	0.0000000000000000E+00	
6.2326367447189113E-03	4.6199005484754644E-04	-5.8423487830135734E-02	3.1586294481447535E-03	1.6403213817339224E-03	2.2694441158274306E-02	1.5308533941937236E-02	-4.0678764529566980E-04	7.9151248051274187E-04	-2.7414655319531311E-03	2.2004850854338259E-02	-7.7948003975684452E-02	9.6644311830120283E-05	-4.2925552580527926E-01	-5.5675518742670765E-02	-1.2545684679029450E-02	0.0000000000000000E+00	0.0000000000000000E+00	0.0000000000000000E+00	0.0000000000000000E+00	0.0000000000000000E+00	0.0000000000000000E+00	
-5.3590836483302295E-01	-3.7032322687263336E-02	5.5209871539237776E+00	-4.1908274305084980E-01	1.5093416412501588E+00	-5.9786690438567969E-01	-7.7528167762030242E-01	9.3971829351322522E-01	1.9090964267960833E-01	8.0948473570126286E-02	-9.5011199567840054E-01	1.2617646106397384E+00	1.2986832248495020E-04	-3.8704909095970121E+00	-1.0366067177809353E+00	5.4436653957687986E-02	-7.5229181665234374E-02	0.0000000000000000E+00	0.0000000000000000E+00	0.0000000000000000E+00	0.0000000000000000E+00	0.0000000000000000E+00	
-1.3737154195420634E-02	-9.4504259319189360E-04	1.4230201662575653E-01	-1.0973862308648391E-02	4.1278268638614897E-02	-1.3202335184997218E-02	-1.9024504357160039E-02	2.5507307477944725E-02	5.2998664820266776E-03	1.8322135345926337E-03	-2.2877094366065422E-02	2.3809571237049638E-02	1.6567140693690055E-05	-1.6317882221871327E-01	-3.5706711683920311E-02	-2.1125985661131323E-04	2.8260532930356966E-04	7.6153707162945070E-04	0.0000000000000000E+00	0.0000000000000000E+00	0.0000000000000000E+00	0.0000000000000000E+00	
-6.5520115137460450E-02	-4.4430092468713822E-03	6.9062507200019363E-01	-5.5870726561735196E-02	2.3638202639144645E-01	-3.0572403360066475E-02	-7.7788968718365825E-02	1.4331409988789912E-01	3.1476561791364793E-02	5.0342161402417498E-03	-8.6567165689069747E-02	-1.6661787552633534E-02	2.8102911478089456E-04	-1.7543799281398276E+00	-3.0970227124978017E-01	-2.5524791292726487E-02	3.5086982006075622E-02	-2.4716838008708893E-03	1.8749696814376733E+00	0.0000000000000000E+00	0.0000000000000000E+00	0.0000000000000000E+00	
-3.6280599940576447E-02	-2.4753572672396073E-03	3.7962669006731420E-01	-3.0108886163649262E-02	1.2162122451129584E-01	-2.4532271371078086E-02	-4.6113417717594293E-02	7.4275202556623399E-02	1.5974823691531921E-02	3.6570612208373958E-03	-5.3226532495319674E-02	2.1336339785889745E-02	1.0820407911942466E-04	-7.4237446614925573E-01	-1.3877647358973724E-01	-8.3798682424592458E-03	1.1510436774295677E-02	6.3891661206963804E-05	7.2966000476055393E-02	4.3239696041384333E-03	0.0000000000000000E+00	0.0000000000000000E+00	
1.2368003693525180E-01	8.4380162434856947E-03	-1.2942233044024058E+00	1.0266490064010468E-01	-4.1487517270314311E-01	8.3408570896699938E-02	1.5711139910757080E-01	-2.5335120188875038E-01	-5.4500337662639675E-02	-1.2441529892191315E-02	1.8129426354466388E-01	-7.1844585691236196E-02	-3.7024782751534459E-04	2.5374199108382172E+00	4.7404041321540219E-01	2.8734539088808190E-02	-3.9469676743752555E-02	-1.7605702159146586E-04	-2.7687084349177132E-01	-1.4369853739519796E-02	-2.7819850048039957E-01	0.0000000000000000E+00	

b
5.7022633666053757E-02	
3.9043927751929441E-03	
-5.9410447819046652E-01	
4.6563776492027475E-02	
-1.8266375048846406E-01	
4.5520158609730021E-02	
7.5259992054558467E-02	
-1.1208511716363390E-01	
-2.3775662680756149E-02	
-6.5440175507196496E-03	
8.8502263899894018E-02	
-6.1521153843969500E-02	
-1.2665074864155225E-04	
9.5702409861050342E-01	
1.8815831156409857E-01	
7.9016747369083928E-03	
-1.0840117845480002E-02	
-1.4122217950720802E-03	
7.6922745569608342E-01	
-1.8437519030245708E-02	
-2.4538972946026227E-01	
1.7815660692659694E-02	

c
0.0000000000000000E+00	
1.7146202482814252E-01	
8.6260361916925210E-02	
6.9642004220358156E-01	
6.4608245016118160E-01	
-3.3826116358757824E-01	
9.1853067054929216E-01	
7.4240973538525146E-01	
9.6511293840947121E-01	
5.9333911520815041E-01	
2.2107076644759810E-01	
7.9958053010692254E-01	
7.2667110440207860E-01	
6.9258907814572757E-01	
-2.2021976062043258E-02	
-1.2911183802096637E+00	
-5.6460691383371076E-01	
1.2606255205581074E+00	
-3.8766833227116659E-02	
5.8766681802026755E-01	
-3.7680402850860117E-01	
9.8610073896528738E-01	

alpha
0.0000000000000000E+00	0.0000000000000000E+00	0.0000000000000000E+00	0.0000000000000000E+00	0.0000000000000000E+00	0.0000000000000000E+00	0.0000000000000000E+00	0.0000000000000000E+00	0.0000000000000000E+00	0.0000000000000000E+00	0.0000000000000000E+00	0.0000000000000000E+00	0.0000000000000000E+00	0.0000000000000000E+00	0.0000000000000000E+00	0.0000000000000000E+00	0.0000000000000000E+00	0.0000000000000000E+00	0.0000000000000000E+00	0.0000000000000000E+00	0.0000000000000000E+00	0.0000000000000000E+00	0.0000000000000000E+00	
0.0000000000000000E+00	0.0000000000000000E+00	0.0000000000000000E+00	0.0000000000000000E+00	0.0000000000000000E+00	0.0000000000000000E+00	0.0000000000000000E+00	0.0000000000000000E+00	0.0000000000000000E+00	0.0000000000000000E+00	0.0000000000000000E+00	0.0000000000000000E+00	0.0000000000000000E+00	0.0000000000000000E+00	0.0000000000000000E+00	0.0000000000000000E+00	0.0000000000000000E+00	0.0000000000000000E+00	0.0000000000000000E+00	0.0000000000000000E+00	0.0000000000000000E+00	0.0000000000000000E+00	0.0000000000000000E+00	
0.0000000000000000E+00	0.0000000000000000E+00	0.0000000000000000E+00	0.0000000000000000E+00	0.0000000000000000E+00	0.0000000000000000E+00	0.0000000000000000E+00	0.0000000000000000E+00	0.0000000000000000E+00	0.0000000000000000E+00	0.0000000000000000E+00	0.0000000000000000E+00	0.0000000000000000E+00	0.0000000000000000E+00	0.0000000000000000E+00	0.0000000000000000E+00	0.0000000000000000E+00	0.0000000000000000E+00	0.0000000000000000E+00	0.0000000000000000E+00	0.0000000000000000E+00	0.0000000000000000E+00	0.0000000000000000E+00	
0.0000000000000000E+00	0.0000000000000000E+00	0.0000000000000000E+00	0.0000000000000000E+00	0.0000000000000000E+00	0.0000000000000000E+00	0.0000000000000000E+00	0.0000000000000000E+00	0.0000000000000000E+00	0.0000000000000000E+00	0.0000000000000000E+00	0.0000000000000000E+00	0.0000000000000000E+00	0.0000000000000000E+00	0.0000000000000000E+00	0.0000000000000000E+00	0.0000000000000000E+00	0.0000000000000000E+00	0.0000000000000000E+00	0.0000000000000000E+00	0.0000000000000000E+00	0.0000000000000000E+00	0.0000000000000000E+00	
-0.0000000000000000E+00	-0.0000000000000000E+00	0.0000000000000000E+00	0.0000000000000000E+00	0.0000000000000000E+00	0.0000000000000000E+00	0.0000000000000000E+00	0.0000000000000000E+00	0.0000000000000000E+00	0.0000000000000000E+00	0.0000000000000000E+00	0.0000000000000000E+00	0.0000000000000000E+00	0.0000000000000000E+00	0.0000000000000000E+00	0.0000000000000000E+00	0.0000000000000000E+00	0.0000000000000000E+00	0.0000000000000000E+00	0.0000000000000000E+00	0.0000000000000000E+00	0.0000000000000000E+00	0.0000000000000000E+00	
-0.0000000000000000E+00	-0.0000000000000000E+00	0.0000000000000000E+00	0.0000000000000000E+00	-0.0000000000000000E+00	0.0000000000000000E+00	0.0000000000000000E+00	0.0000000000000000E+00	0.0000000000000000E+00	0.0000000000000000E+00	0.0000000000000000E+00	0.0000000000000000E+00	0.0000000000000000E+00	0.0000000000000000E+00	0.0000000000000000E+00	0.0000000000000000E+00	0.0000000000000000E+00	0.0000000000000000E+00	0.0000000000000000E+00	0.0000000000000000E+00	0.0000000000000000E+00	0.0000000000000000E+00	0.0000000000000000E+00	
-0.0000000000000000E+00	-0.0000000000000000E+00	0.0000000000000000E+00	-0.0000000000000000E+00	0.0000000000000000E+00	0.0000000000000000E+00	0.0000000000000000E+00	0.0000000000000000E+00	0.0000000000000000E+00	0.0000000000000000E+00	0.0000000000000000E+00	0.0000000000000000E+00	0.0000000000000000E+00	0.0000000000000000E+00	0.0000000000000000E+00	0.0000000000000000E+00	0.0000000000000000E+00	0.0000000000000000E+00	0.0000000000000000E+00	0.0000000000000000E+00	0.0000000000000000E+00	0.0000000000000000E+00	0.0000000000000000E+00	
0.0000000000000000E+00	0.0000000000000000E+00	0.0000000000000000E+00	-0.0000000000000000E+00	0.0000000000000000E+00	0.0000000000000000E+00	0.0000000000000000E+00	0.0000000000000000E+00	0.0000000000000000E+00	0.0000000000000000E+00	0.0000000000000000E+00	0.0000000000000000E+00	0.0000000000000000E+00	0.0000000000000000E+00	0.0000000000000000E+00	0.0000000000000000E+00	0.0000000000000000E+00	0.0000000000000000E+00	0.0000000000000000E+00	0.0000000000000000E+00	0.0000000000000000E+00	0.0000000000000000E+00	0.0000000000000000E+00	
-0.0000000000000000E+00	-0.0000000000000000E+00	0.0000000000000000E+00	-0.0000000000000000E+00	0.0000000000000000E+00	-0.0000000000000000E+00	-0.0000000000000000E+00	0.0000000000000000E+00	0.0000000000000000E+00	0.0000000000000000E+00	0.0000000000000000E+00	0.0000000000000000E+00	0.0000000000000000E+00	0.0000000000000000E+00	0.0000000000000000E+00	0.0000000000000000E+00	0.0000000000000000E+00	0.0000000000000000E+00	0.0000000000000000E+00	0.0000000000000000E+00	0.0000000000000000E+00	0.0000000000000000E+00	0.0000000000000000E+00	
0.0000000000000000E+00	0.0000000000000000E+00	-0.0000000000000000E+00	-0.0000000000000000E+00	0.0000000000000000E+00	0.0000000000000000E+00	0.0000000000000000E+00	0.0000000000000000E+00	0.0000000000000000E+00	0.0000000000000000E+00	0.0000000000000000E+00	0.0000000000000000E+00	0.0000000000000000E+00	0.0000000000000000E+00	0.0000000000000000E+00	0.0000000000000000E+00	0.0000000000000000E+00	0.0000000000000000E+00	0.0000000000000000E+00	0.0000000000000000E+00	0.0000000000000000E+00	0.0000000000000000E+00	0.0000000000000000E+00	
0.0000000000000000E+00	0.0000000000000000E+00	-0.0000000000000000E+00	0.0000000000000000E+00	0.0000000000000000E+00	0.0000000000000000E+00	0.0000000000000000E+00	0.0000000000000000E+00	0.0000000000000000E+00	-0.0000000000000000E+00	0.0000000000000000E+00	0.0000000000000000E+00	0.0000000000000000E+00	0.0000000000000000E+00	0.0000000000000000E+00	0.0000000000000000E+00	0.0000000000000000E+00	0.0000000000000000E+00	0.0000000000000000E+00	0.0000000000000000E+00	0.0000000000000000E+00	0.0000000000000000E+00	0.0000000000000000E+00	
-0.0000000000000000E+00	-0.0000000000000000E+00	0.0000000000000000E+00	-0.0000000000000000E+00	0.0000000000000000E+00	-0.0000000000000000E+00	-0.0000000000000000E+00	0.0000000000000000E+00	0.0000000000000000E+00	0.0000000000000000E+00	-0.0000000000000000E+00	0.0000000000000000E+00	0.0000000000000000E+00	0.0000000000000000E+00	0.0000000000000000E+00	0.0000000000000000E+00	0.0000000000000000E+00	0.0000000000000000E+00	0.0000000000000000E+00	0.0000000000000000E+00	0.0000000000000000E+00	0.0000000000000000E+00	0.0000000000000000E+00	
-0.0000000000000000E+00	-0.0000000000000000E+00	0.0000000000000000E+00	-0.0000000000000000E+00	0.0000000000000000E+00	-0.0000000000000000E+00	-0.0000000000000000E+00	0.0000000000000000E+00	-0.0000000000000000E+00	0.0000000000000000E+00	-0.0000000000000000E+00	0.0000000000000000E+00	0.0000000000000000E+00	0.0000000000000000E+00	0.0000000000000000E+00	0.0000000000000000E+00	0.0000000000000000E+00	0.0000000000000000E+00	0.0000000000000000E+00	0.0000000000000000E+00	0.0000000000000000E+00	0.0000000000000000E+00	0.0000000000000000E+00	
-0.0000000000000000E+00	-0.0000000000000000E+00	0.0000000000000000E+00	-0.0000000000000000E+00	0.0000000000000000E+00	-0.0000000000000000E+00	-0.0000000000000000E+00	0.0000000000000000E+00	0.0000000000000000E+00	0.0000000000000000E+00	-0.0000000000000000E+00	0.0000000000000000E+00	0.0000000000000000E+00	0.0000000000000000E+00	0.0000000000000000E+00	0.0000000000000000E+00	0.0000000000000000E+00	0.0000000000000000E+00	0.0000000000000000E+00	0.0000000000000000E+00	0.0000000000000000E+00	0.0000000000000000E+00	0.0000000000000000E+00	
-0.0000000000000000E+00	-0.0000000000000000E+00	0.0000000000000000E+00	-0.0000000000000000E+00	0.0000000000000000E+00	-0.0000000000000000E+00	-0.0000000000000000E+00	0.0000000000000000E+00	0.0000000000000000E+00	0.0000000000000000E+00	-0.0000000000000000E+00	0.0000000000000000E+00	0.0000000000000000E+00	-0.0000000000000000E+00	0.0000000000000000E+00	0.0000000000000000E+00	0.0000000000000000E+00	0.0000000000000000E+00	0.0000000000000000E+00	0.0000000000000000E+00	0.0000000000000000E+00	0.0000000000000000E+00	0.0000000000000000E+00	
-0.0000000000000000E+00	-0.0000000000000000E+00	0.0000000000000000E+00	-0.0000000000000000E+00	0.0000000000000000E+00	-0.0000000000000000E+00	-0.0000000000000000E+00	0.0000000000000000E+00	0.0000000000000000E+00	0.0000000000000000E+00	-0.0000000000000000E+00	0.0000000000000000E+00	0.0000000000000000E+00	-0.0000000000000000E+00	-0.0000000000000000E+00	0.0000000000000000E+00	0.0000000000000000E+00	0.0000000000000000E+00	0.0000000000000000E+00	0.0000000000000000E+00	0.0000000000000000E+00	0.0000000000000000E+00	0.0000000000000000E+00	
0.0000000000000000E+00	0.0000000000000000E+00	-0.0000000000000000E+00	0.0000000000000000E+00	0.0000000000000000E+00	0.0000000000000000E+00	0.0000000000000000E+00	-0.0000000000000000E+00	0.0000000000000000E+00	-0.0000000000000000E+00	0.0000000000000000E+00	-0.0000000000000000E+00	0.0000000000000000E+00	-0.0000000000000000E+00	-0.0000000000000000E+00	-0.0000000000000000E+00	0.0000000000000000E+00	0.0000000000000000E+00	0.0000000000000000E+00	0.0000000000000000E+00	0.0000000000000000E+00	0.0000000000000000E+00	0.0000000000000000E+00	
-0.0000000000000000E+00	-0.0000000000000000E+00	0.0000000000000000E+00	-0.0000000000000000E+00	0.0000000000000000E+00	-0.0000000000000000E+00	-0.0000000000000000E+00	0.0000000000000000E+00	0.0000000000000000E+00	0.0000000000000000E+00	-0.0000000000000000E+00	0.0000000000000000E+00	0.0000000000000000E+00	-0.0000000000000000E+00	-0.0000000000000000E+00	0.0000000000000000E+00	-0.0000000000000000E+00	0.0000000000000000E+00	0.0000000000000000E+00	0.0000000000000000E+00	0.0000000000000000E+00	0.0000000000000000E+00	0.0000000000000000E+00	
-0.0000000000000000E+00	-0.0000000000000000E+00	0.0000000000000000E+00	-0.0000000000000000E+00	0.0000000000000000E+00	-0.0000000000000000E+00	-0.0000000000000000E+00	0.0000000000000000E+00	0.0000000000000000E+00	0.0000000000000000E+00	-0.0000000000000000E+00	0.0000000000000000E+00	0.0000000000000000E+00	-0.0000000000000000E+00	-0.0000000000000000E+00	-0.0000000000000000E+00	0.0000000000000000E+00	0.0000000000000000E+00	0.0000000000000000E+00	0.0000000000000000E+00	0.0000000000000000E+00	0.0000000000000000E+00	0.0000000000000000E+00	
-0.0000000000000000E+00	-0.0000000000000000E+00	0.0000000000000000E+00	-0.0000000000000000E+00	0.0000000000000000E+00	-0.0000000000000000E+00	-0.0000000000000000E+00	0.0000000000000000E+00	0.0000000000000000E+00	0.0000000000000000E+00	-0.0000000000000000E+00	-0.0000000000000000E+00	0.0000000000000000E+00	-0.0000000000000000E+00	-0.0000000000000000E+00	-0.0000000000000000E+00	0.0000000000000000E+00	-0.0000000000000000E+00	0.0000000000000000E+00	0.0000000000000000E+00	0.0000000000000000E+00	0.0000000000000000E+00	0.0000000000000000E+00	
-0.0000000000000000E+00	-0.0000000000000000E+00	0.0000000000000000E+00	-0.0000000000000000E+00	0.0000000000000000E+00	-0.0000000000000000E+00	-0.0000000000000000E+00	0.0000000000000000E+00	0.0000000000000000E+00	0.0000000000000000E+00	-0.0000000000000000E+00	0.0000000000000000E+00	0.0000000000000000E+00	-0.0000000000000000E+00	-0.0000000000000000E+00	-0.0000000000000000E+00	0.0000000000000000E+00	0.0000000000000000E+00	0.0000000000000000E+00	0.0000000000000000E+00	0.0000000000000000E+00	0.0000000000000000E+00	0.0000000000000000E+00	
0.0000000000000000E+00	0.0000000000000000E+00	-0.0000000000000000E+00	0.0000000000000000E+00	-0.0000000000000000E+00	0.0000000000000000E+00	0.0000000000000000E+00	-0.0000000000000000E+00	-0.0000000000000000E+00	-0.0000000000000000E+00	0.0000000000000000E+00	-0.0000000000000000E+00	-0.0000000000000000E+00	0.0000000000000000E+00	0.0000000000000000E+00	0.0000000000000000E+00	-0.0000000000000000E+00	-0.0000000000000000E+00	-0.0000000000000000E+00	-0.0000000000000000E+00	-0.0000000000000000E+00	0.0000000000000000E+00	0.0000000000000000E+00	
0.0000000000000000E+00	0.0000000000000000E+00	-0.0000000000000000E+00	0.0000000000000000E+00	-0.0000000000000000E+00	0.0000000000000000E+00	0.0000000000000000E+00	-0.0000000000000000E+00	-0.0000000000000000E+00	-0.0000000000000000E+00	0.0000000000000000E+00	-0.0000000000000000E+00	-0.0000000000000000E+00	0.0000000000000000E+00	0.0000000000000000E+00	0.0000000000000000E+00	-0.0000000000000000E+00	-0.0000000000000000E+00	0.0000000000000000E+00	-0.0000000000000000E+00	-0.0000000000000000E+00	0.0000000000000000E+00	0.0000000000000000E+00	

beta
0.0000000000000000E+00	0.0000000000000000E+00	0.0000000000000000E+00	0.0000000000000000E+00	0.0000000000000000E+00	0.0000000000000000E+00	0.0000000000000000E+00	0.0000000000000000E+00	0.0000000000000000E+00	0.0000000000000000E+00	0.0000000000000000E+00	0.0000000000000000E+00	0.0000000000000000E+00	0.0000000000000000E+00	0.0000000000000000E+00	0.0000000000000000E+00	0.0000000000000000E+00	0.0000000000000000E+00	0.0000000000000000E+00	0.0000000000000000E+00	0.0000000000000000E+00	0.0000000000000000E+00	0.0000000000000000E+00	
1.7146202482814252E-01	0.0000000000000000E+00	0.0000000000000000E+00	0.0000000000000000E+00	0.0000000000000000E+00	0.0000000000000000E+00	0.0000000000000000E+00	0.0000000000000000E+00	0.0000000000000000E+00	0.0000000000000000E+00	0.0000000000000000E+00	0.0000000000000000E+00	0.0000000000000000E+00	0.0000000000000000E+00	0.0000000000000000E+00	0.0000000000000000E+00	0.0000000000000000E+00	0.0000000000000000E+00	0.0000000000000000E+00	0.0000000000000000E+00	0.0000000000000000E+00	0.0000000000000000E+00	0.0000000000000000E+00	
7.4083952535363193E-02	1.2176409381562019E-02	0.0000000000000000E+00	0.0000000000000000E+00	0.0000000000000000E+00	0.0000000000000000E+00	0.0000000000000000E+00	0.0000000000000000E+00	0.0000000000000000E+00	0.0000000000000000E+00	0.0000000000000000E+00	0.0000000000000000E+00	0.0000000000000000E+00	0.0000000000000000E+00	0.0000000000000000E+00	0.0000000000000000E+00	0.0000000000000000E+00	0.0000000000000000E+00	0.0000000000000000E+00	0.0000000000000000E+00	0.0000000000000000E+00	0.0000000000000000E+00	0.0000000000000000E+00	
2.1794113531672932E-03	4.0063948522346682E-03	6.9023423599817957E-01	0.0000000000000000E+00	0.0000000000000000E+00	0.0000000000000000E+00	0.0000000000000000E+00	0.0000000000000000E+00	0.0000000000000000E+00	0.0000000000000000E+00	0.0000000000000000E+00	0.0000000000000000E+00	0.0000000000000000E+00	0.0000000000000000E+00	0.0000000000000000E+00	0.0000000000000000E+00	0.0000000000000000E+00	0.0000000000000000E+00	0.0000000000000000E+00	0.0000000000000000E+00	0.0000000000000000E+00	0.0000000000000000E+00	0.0000000000000000E+00	
-1.4119977530564132E-01	-1.3933073352177985E-02	6.8280353439450936E-01	1.1841176442449149E-01	0.0000000000000000E+00	0.0000000000000000E+00	0.0000000000000000E+00	0.0000000000000000E+00	0.0000000000000000E+00	0.0000000000000000E+00	0.0000000000000000E+00	0.0000000000000000E+00	0.0000000000000000E+00	0.0000000000000000E+00	0.0000000000000000E+00	0.0000000000000000E+00	0.0000000000000000E+00	0.0000000000000000E+00	0.0000000000000000E+00	0.0000000000000000E+00	0.0000000000000000E+00	0.0000000000000000E+00	0.0000000000000000E+00	
-7.4639791944627415E-02	-6.7423258891041683E-03	4.7606299370745331E-01	2.8462636405394315E-02	-7.6140467586669425E-01	0.0000000000000000E+00	0.0000000000000000E+00	0.0000000000000000E+00	0.0000000000000000E+00	0.0000000000000000E+00	0.0000000000000000E+00	0.0000000000000000E+00	0.0000000000000000E+00	0.0000000000000000E+00	0.0000000000000000E+00	0.0000000000000000E+00	0.0000000000000000E+00	0.0000000000000000E+00	0.0000000000000000E+00	0.0000000000000000E+00	0.0000000000000000E+00	0.0000000000000000E+00	0.0000000000000000E+00	
-2.4593460090850922E-02	-1.1631165984340597E-03	3.5249909699267645E-01	-4.8622568386040260E-02	3.9813673265689942E-01	2.4227398597504152E-01	0.0000000000000000E+00	0.0000000000000000E+00	0.0000000000000000E+00	0.0000000000000000E+00	0.0000000000000000E+00	0.0000000000000000E+00	0.0000000000000000E+00	0.0000000000000000E+00	0.0000000000000000E+00	0.0000000000000000E+00	0.0000000000000000E+00	0.0000000000000000E+00	0.0000000000000000E+00	0.0000000000000000E+00	0.0000000000000000E+00	0.0000000000000000E+00	0.0000000000000000E+00	
4.7207783159568650E-03	8.6727510124781941E-04	5.1373023430899098E-02	-2.5957356689831200E-02	3.1846987974417929E-01	2.7735099024135906E-01	1.1558514524144053E-01	0.0000000000000000E+00	0.0000000000000000E+00	0.0000000000000000E+00	0.0000000000000000E+00	0.0000000000000000E+00	0.0000000000000000E+00	0.0000000000000000E+00	0.0000000000000000E+00	0.0000000000000000E+00	0.0000000000000000E+00	0.0000000000000000E+00	0.0000000000000000E+00	0.0000000000000000E+00	0.0000000000000000E+00	0.0000000000000000E+00	0.0000000000000000E+00	
-1.0367356983774630E-01	-7.2308393591586379E-03	1.0557111086827997E+00	-7.7413144951650290E-02	2.5103294125577258E-01	-1.4924740313325624E-01	-1.6340672642638726E-01	1.5934057217909767E-01	0.0000000000000000E+00	0.0000000000000000E+00	0.0000000000000000E+00	0.0000000000000000E+00	0.0000000000000000E+00	0.0000000000000000E+00	0.0000000000000000E+00	0.0000000000000000E+00	0.0000000000000000E+00	0.0000000000000000E+00	0.0000000000000000E+00	0.0000000000000000E+00	0.0000000000000000E+00	0.0000000000000000E+00	0.0000000000000000E+00	
1.3607026570399869E-02	1.3340593332924833E-03	-6.7395341247966409E-02	-1.0937999116417650E-02	2.0313807369160536E-01	2.1320500836771938E-01	9.8837995191042374E-02	1.0850911835689064E-01	3.3041174061584404E-02	0.0000000000000000E+00	0.0000000000000000E+00	0.0000000000000000E+00	0.0000000000000000E+00	0.0000000000000000E+00	0.0000000000000000E+00	0.0000000000000000E+00	0.0000000000000000E+00	0.0000000000000000E+00	0.0000000000000000E+00	0.0000000000000000E+00	0.0000000000000000E+00	0.0000000000000000E+00	0.0000000000000000E+00	
2.9758112333385923E-02	2.3566249210035277E-03	-2.5106886306114190E-01	6.8161796908149334E-03	1.0031400939643298E-01	1.8420164095320943E-01	1.0340804601879841E-01	4.8756550351076407E-02	1.8290818269582634E-02	-2.1762352425564228E-02	0.0000000000000000E+00	0.0000000000000000E+00	0.0000000000000000E+00	0.0000000000000000E+00	0.0000000000000000E+00	0.0000000000000000E+00	0.0000000000000000E+00	0.0000000000000000E+00	0.0000000000000000E+00	0.0000000000000000E+00	0.0000000000000000E+00	0.0000000000000000E+00	0.0000000000000000E+00	
-1.2726262262223809E-01	-8.9645359217478786E-03	1.2795705845850658E+00	-9.0180260382620225E-02	2.5391585450352816E-01	-2.2768474358733348E-01	-2.1836574087627370E-01	1.6586393487191908E-01	2.8936648233970200E-02	2.9023824295011519E-02	-2.8527241299235856E-01	0.0000000000000000E+00	0.0000000000000000E+00	0.0000000000000000E+00	0.0000000000000000E+00	0.0000000000000000E+00	0.0000000000000000E+00	0.0000000000000000E+00	0.0000000000000000E+00	0.0000000000000000E+00	0.0000000000000000E+00	0.0000000000000000E+00	0.0000000000000000E+00	
-6.6653346905230476E-02	-4.8896276690811513E-03	6.3422307731587635E-01	-3.6574261305733491E-02	1.3734537096743354E-02	-2.1704970696085660E-01	-1.5346048799320583E-01	2.1496099511286934E-02	-3.5569219347659151E-03	2.6384766411653923E-02	-2.1747416422389623E-01	7.3049114105928770E-01	0.0000000000000000E+00	0.0000000000000000E+00	0.0000000000000000E+00	0.0000000000000000E+00	0.0000000000000000E+00	0.0000000000000000E+00	0.0000000000000000E+00	0.0000000000000000E+00	0.0000000000000000E+00	0.0000000000000000E+00	0.0000000000000000E+00	
-5.9102237779839785E-02	-4.0188357577748534E-03	6.2093739511656110E-01	-4.9793522874084672E-02	2.0646341826583167E-01	-3.3125251028953306E-02	-7.2386732032854895E-02	1.2556787557019841E-01	2.7331930995118069E-02	5.1754651551451474E-03	-8.1948419598565581E-02	7.2690821162545438E-03	2.1890999869168687E-04	0.0000000000000000E+00	0.0000000000000000E+00	0.0000000000000000E+00	0.0000000000000000E+00	0.0000000000000000E+00	0.0000000000000000E+00	0.0000000000000000E+00	0.0000000000000000E+00	0.0000000000000000E+00	0.0000000000000000E+00	
-7.7583456075168686E-02	-5.3373236573867680E-03	8.0368088589119535E-01	-6.1977315697687274E-02	2.3312911765917818E-01	-7.4561765944514719E-02	-1.0744439899317901E-01	1.4405865636919146E-01	2.9932333461926024E-02	1.0347673942901894E-02	-1.2920235629385923E-01	1.3446476713774819E-01	9.3573803791628803E-05	-9.2162236766618044E-01	0.0000000000000000E+00	0.0000000000000000E+00	0.0000000000000000E+00	0.0000000000000000E+00	0.0000000000000000E+00	0.0000000000000000E+00	0.0000000000000000E+00	0.0000000000000000E+00	0.0000000000000000E+00	
-1.2664132013739676E-01	-8.6582789706700358E-03	1.3218413827341760E+00	-1.0412402188343228E-01	4.1363005839890366E-01	-9.4573244856639080E-02	-1.6453754947004484E-01	2.5328914921835610E-01	5.4051186712916269E-02	1.3787748425540083E-02	-1.9201515494637472E-01	1.1041502967188427E-01	3.2194788263496896E-04	-2.3219612916368400E+00	-4.4594402135267741E-01	0.0000000000000000E+00	0.0000000000000000E+00	0.0000000000000000E+00	0.0000000000000000E+00	0.0000000000000000E+00	0.0000000000000000E+00	0.0000000000000000E+00	0.0000000000000000E+00	
6.2326367447189113E-03	4.6199005484754644E-04	-5.8423487830135734E-02	3.1586294481447535E-03	1.6403213817339224E-03	2.2694441158274306E-02	1.5308533941937236E-02	-4.0678764529566980E-04	7.9151248051274187E-04	-2.7414655319531311E-03	2.2004850854338259E-02	-7.7948003975684452E-02	9.6644311830120283E-05	-4.2925552580527926E-01	-5.5675518742670765E-02	-1.2545684679029450E-02	0.0000000000000000E+00	0.0000000000000000E+00	0.0000000000000000E+00	0.0000000000000000E+00	0.0000000000000000E+00	0.0000000000000000E+00	0.0000000000000000E+00	
-5.3590836483302295E-01	-3.7032322687263336E-02	5.5209871539237776E+00	-4.1908274305084980E-01	1.5093416412501588E+00	-5.9786690438567969E-01	-7.7528167762030242E-01	9.3971829351322522E-01	1.9090964267960833E-01	8.0948473570126286E-02	-9.5011199567840054E-01	1.2617646106397384E+00	1.2986832248495020E-04	-3.8704909095970121E+00	-1.0366067177809353E+00	5.4436653957687986E-02	-7.5229181665234374E-02	0.0000000000000000E+00	0.0000000000000000E+00	0.0000000000000000E+00	0.0000000000000000E+00	0.0000000000000000E+00	0.0000000000000000E+00	
-1.3737154195420634E-02	-9.4504259319189360E-04	1.4230201662575653E-01	-1.0973862308648391E-02	4.1278268638614897E-02	-1.3202335184997218E-02	-1.9024504357160039E-02	2.5507307477944725E-02	5.2998664820266776E-03	1.8322135345926337E-03	-2.2877094366065422E-02	2.3809571237049638E-02	1.6567140693690055E-05	-1.6317882221871327E-01	-3.5706711683920311E-02	-2.1125985661131323E-04	2.8260532930356966E-04	7.6153707162945070E-04	0.0000000000000000E+00	0.0000000000000000E+00	0.0000000000000000E+00	0.0000000000000000E+00	0.0000000000000000E+00	
-6.5520115137460450E-02	-4.4430092468713822E-03	6.9062507200019363E-01	-5.5870726561735196E-02	2.3638202639144645E-01	-3.0572403360066475E-02	-7.7788968718365825E-02	1.4331409988789912E-01	3.1476561791364793E-02	5.0342161402417498E-03	-8.6567165689069747E-02	-1.6661787552633534E-02	2.8102911478089456E-04	-1.7543799281398276E+00	-3.0970227124978017E-01	-2.5524791292726487E-02	3.5086982006075622E-02	-2.4716838008708893E-03	1.8749696814376733E+00	0.0000000000000000E+00	0.0000000000000000E+00	0.0000000000000000E+00	0.0000000000000000E+00	
-3.6280599940576447E-02	-2.4753572672396073E-03	3.7962669006731420E-01	-3.0108886163649262E-02	1.2162122451129584E-01	-2.4532271371078086E-02	-4.6113417717594293E-02	7.4275202556623399E-02	1.5974823691531921E-02	3.6570612208373958E-03	-5.3226532495319674E-02	2.1336339785889745E-02	1.0820407911942466E-04	-7.4237446614925573E-01	-1.3877647358973724E-01	-8.3798682424592458E-03	1.1510436774295677E-02	6.3891661206963804E-05	7.2966000476055393E-02	4.3239696041384333E-03	0.0000000000000000E+00	0.0000000000000000E+00	0.0000000000000000E+00	
1.2368003693525180E-01	8.4380162434856947E-03	-1.2942233044024058E+00	1.0266490064010468E-01	-4.1487517270314311E-01	8.3408570896699938E-02	1.5711139910757080E-01	-2.5335120188875038E-01	-5.4500337662639675E-02	-1.2441529892191315E-02	1.8129426354466388E-01	-7.1844585691236196E-02	-3.7024782751534459E-04	2.5374199108382172E+00	4.7404041321540219E-01	2.8734539088808190E-02	-3.9469676743752555E-02	-1.7605702159146586E-04	-2.7687084349177132E-01	-1.4369853739519796E-02	-2.7819850048039957E-01	0.0000000000000000E+00	0.0000000000000000E+00	
5.7022633666053757E-02	3.9043927751929441E-03	-5.9410447819046652E-01	4.6563776492027475E-02	-1.8266375048846406E-01	4.5520158609730021E-02	7.5259992054558467E-02	-1.1208511716363390E-01	-2.3775662680756149E-02	-6.5440175507196496E-03	8.8502263899894018E-02	-6.1521153843969500E-02	-1.2665074864155225E-04	9.5702409861050342E-01	1.8815831156409857E-01	7.9016747369083928E-03	-1.0840117845480002E-02	-1.4122217950720802E-03	7.6922745569608342E-01	-1.8437519030245708E-02	-2.4538972946026227E-01	1.7815660692659694E-02	0.0000000000000000E+00	

gamma1
0.0000000000000000E+00	0.0000000000000000E+00	5.2392374374413342E-01	1.2754402290524880E+00	-5.6498048280663760E-01	3.5203233490044339E-01	-2.7527812965943299E-01	1.6002729637360322E+00	9.1788088896039421E-01	1.0831107236165085E+00	8.8107584788889348E-01	-1.8072622372734366E+00	1.1340416365301123E+00	-2.5058505103219531E-01	6.5114276523009817E-01	2.2112972925961261E+00	5.5796539415328084E-01	-4.3564880757907911E+00	1.6806016171698218E-02	-3.9960569458327138E+00	-2.8541148377198344E-01	-3.3645554390216472E+00	8.8206704578391526E-01	

gamma2
0.0000000000000000E+00	1.0000000000000000E+00	5.6792792684200477E-01	8.0042434745419533E-01	1.2430409617233069E+00	3.6144767856794197E-01	9.2232255267318997E-01	-6.7171439342251160E-01	1.4782316137869580E+00	-1.1525051866317768E+00	-2.0346078206575471E-01	1.0027465937352453E+00	-4.1435036761366639E-01	3.1176653379111036E-01	2.1518000535388629E-01	-3.7876946029404734E-01	-1.8587902837862202E-01	1.2300972918511688E+00	3.8082019914337371E-02	8.8635735523622039E-01	2.4828864681205090E-01	-1.4038504281544375E-02	4.5349211609338103E-01	

gamma3
0.0000000000000000E+00	0.0000000000000000E+00	0.0000000000000000E+00	0.0000000000000000E+00	4.3851794261230020E-01	4.3208063607296954E-01	9.7200887836725003E-01	7.6084301313548139E-02	9.2528555309507787E-01	-3.3836443793089582E-01	4.0136153582554618E-01	9.4169233097870031E-01	1.0085437030976485E+00	1.3034214619531326E-01	-2.0064045006199455E-01	-5.5217772303085533E-01	1.1986106300621682E+00	3.3225784532615221E-01	8.4821374415696160E-01	1.1039921181515220E+00	-1.2917079684216179E-01	4.4032832718158401E+00	-1.1331096421549547E+00	

delta
1.0000000000000000E+00	-1.6173120962176410E-01	-1.1823865448275408E+00	1.2503328952863779E+00	-3.0893082604514271E-01	-2.6847391065163212E-01	6.7810156867513061E-01	-1.5773005602272718E+00	3.4891130707059587E-01	1.6096434952099252E+00	4.7229376370423520E-01	8.9707429419280815E-01	8.3567661877745725E-01	-1.0395457221042745E+00	-8.1350489079980437E-01	2.3300999912519118E+00	1.4156681311030903E-02	-5.3995581245551461E-01	8.4661747609040805E-01	1.3062510809705146E+00	-2.9386431564510951E+00	0.0000000000000000E+00	

r
0.0000000000000000E+00	

errcoeff
5.9249880743930550E-03	

v
1.0000000000000000E+00	
1.0000000000000000E+00	
1.0000000000000000E+00	
1.0000000000000000E+00	
1.0000000000000000E+00	
1.0000000000000000E+00	
1.0000000000000000E+00	
1.0000000000000000E+00	
1.0000000000000000E+00	
1.0000000000000000E+00	
1.0000000000000000E+00	
1.0000000000000000E+00	
1.0000000000000000E+00	
1.0000000000000000E+00	
1.0000000000000000E+00	
1.0000000000000000E+00	
1.0000000000000000E+00	
1.0000000000000000E+00	
1.0000000000000000E+00	
1.0000000000000000E+00	
1.0000000000000000E+00	
1.0000000000000000E+00	
1.0000000000000000E+00	

==============================================================

