#stage		 order
16	 		5


A
0.0000000000000000E+00	0.0000000000000000E+00	0.0000000000000000E+00	0.0000000000000000E+00	0.0000000000000000E+00	0.0000000000000000E+00	0.0000000000000000E+00	0.0000000000000000E+00	0.0000000000000000E+00	0.0000000000000000E+00	0.0000000000000000E+00	0.0000000000000000E+00	0.0000000000000000E+00	0.0000000000000000E+00	0.0000000000000000E+00	0.0000000000000000E+00	
7.7637326865299255E-02	0.0000000000000000E+00	0.0000000000000000E+00	0.0000000000000000E+00	0.0000000000000000E+00	0.0000000000000000E+00	0.0000000000000000E+00	0.0000000000000000E+00	0.0000000000000000E+00	0.0000000000000000E+00	0.0000000000000000E+00	0.0000000000000000E+00	0.0000000000000000E+00	0.0000000000000000E+00	0.0000000000000000E+00	0.0000000000000000E+00	
-1.0299206174585915E-01	3.7023123139100939E-01	0.0000000000000000E+00	0.0000000000000000E+00	0.0000000000000000E+00	0.0000000000000000E+00	0.0000000000000000E+00	0.0000000000000000E+00	0.0000000000000000E+00	0.0000000000000000E+00	0.0000000000000000E+00	0.0000000000000000E+00	0.0000000000000000E+00	0.0000000000000000E+00	0.0000000000000000E+00	0.0000000000000000E+00	
1.6790717550075115E-01	-4.8957616217260513E-01	9.1588584167919718E-01	0.0000000000000000E+00	0.0000000000000000E+00	0.0000000000000000E+00	0.0000000000000000E+00	0.0000000000000000E+00	0.0000000000000000E+00	0.0000000000000000E+00	0.0000000000000000E+00	0.0000000000000000E+00	0.0000000000000000E+00	0.0000000000000000E+00	0.0000000000000000E+00	0.0000000000000000E+00	
-5.3564918829355346E-01	1.8188744144266162E+00	-1.4262529757217770E+00	7.7441154003204626E-01	0.0000000000000000E+00	0.0000000000000000E+00	0.0000000000000000E+00	0.0000000000000000E+00	0.0000000000000000E+00	0.0000000000000000E+00	0.0000000000000000E+00	0.0000000000000000E+00	0.0000000000000000E+00	0.0000000000000000E+00	0.0000000000000000E+00	0.0000000000000000E+00	
-2.0262167685076563E-02	1.2376345474013217E-01	2.6581393004684822E-01	-4.2060999437917246E-02	1.0858551844383273E-01	0.0000000000000000E+00	0.0000000000000000E+00	0.0000000000000000E+00	0.0000000000000000E+00	0.0000000000000000E+00	0.0000000000000000E+00	0.0000000000000000E+00	0.0000000000000000E+00	0.0000000000000000E+00	0.0000000000000000E+00	0.0000000000000000E+00	
1.3715640029586360E-01	-4.2991495165397187E-01	5.7360283946891277E-01	-2.4479739184858879E-01	-1.2983511223966368E-01	4.8982330232206411E-01	0.0000000000000000E+00	0.0000000000000000E+00	0.0000000000000000E+00	0.0000000000000000E+00	0.0000000000000000E+00	0.0000000000000000E+00	0.0000000000000000E+00	0.0000000000000000E+00	0.0000000000000000E+00	0.0000000000000000E+00	
-1.7302647780093194E-01	7.1967808728010541E-01	3.0810336415028144E-01	7.8592729884171764E-02	4.2692007600729542E-01	-8.6483919792877095E-01	-4.7535261261724965E-01	0.0000000000000000E+00	0.0000000000000000E+00	0.0000000000000000E+00	0.0000000000000000E+00	0.0000000000000000E+00	0.0000000000000000E+00	0.0000000000000000E+00	0.0000000000000000E+00	0.0000000000000000E+00	
8.9880303746108114E-01	-3.3895416500723172E+00	4.2944723130398499E-01	-8.6122989577799169E-01	-1.6999672645526385E+00	4.0066856456821212E+00	1.9357106279552929E+00	9.2292792599410634E-01	0.0000000000000000E+00	0.0000000000000000E+00	0.0000000000000000E+00	0.0000000000000000E+00	0.0000000000000000E+00	0.0000000000000000E+00	0.0000000000000000E+00	0.0000000000000000E+00	
4.4155121204999398E-02	-7.5989615371078068E-02	5.4779321063099085E-01	-1.5984031075031491E-01	5.0814977805213823E-02	7.0784349423642423E-02	-4.3344749607355126E-02	1.8459724877338823E-03	9.0083965759135245E-05	0.0000000000000000E+00	0.0000000000000000E+00	0.0000000000000000E+00	0.0000000000000000E+00	0.0000000000000000E+00	0.0000000000000000E+00	0.0000000000000000E+00	
5.5768482192481480E-04	-4.1388902221638846E-03	-1.1577839675658421E-02	2.1086578524828975E-03	-4.0755583387840320E-03	5.3206612786196768E-03	4.3142799245186924E-03	1.5507509494827646E-03	-1.3573153145074451E-06	7.5171702031302479E-01	0.0000000000000000E+00	0.0000000000000000E+00	0.0000000000000000E+00	0.0000000000000000E+00	0.0000000000000000E+00	0.0000000000000000E+00	
-3.7366671053567481E-02	1.6170457916330558E-01	1.0309545209355403E-01	8.8150639519912477E-03	1.0152101760849423E-01	-1.9551912854783823E-01	-1.1226581749652670E-01	-4.8357568170737941E-02	2.0653704743475986E-07	1.5385650516989742E+00	6.2973625561762714E-01	0.0000000000000000E+00	0.0000000000000000E+00	0.0000000000000000E+00	0.0000000000000000E+00	0.0000000000000000E+00	
-9.4843591886161469E-02	4.1890461402003182E-01	3.1094433709484709E-01	1.1380051326345821E-02	2.7024483095272489E-01	-5.0805523362217175E-01	-2.9790169996077009E-01	-1.2680913982683495E-01	7.1703385906139627E-06	1.0330455828394136E-01	-1.5061512046574022E-02	-6.0888939245212585E-04	0.0000000000000000E+00	0.0000000000000000E+00	0.0000000000000000E+00	0.0000000000000000E+00	
1.7400407273665430E-01	-7.6910183182390279E-01	-5.7373954760189083E-01	-2.0149101933233372E-02	-4.9663606158680829E-01	9.3288174191611084E-01	5.4740203242170971E-01	2.3291928251377980E-01	-1.3595828526602629E-05	6.2641989946751492E-02	1.3464899254834264E-01	1.5516120562222701E-03	4.1414318410354606E-01	0.0000000000000000E+00	0.0000000000000000E+00	0.0000000000000000E+00	
2.7035429362216634E-01	-1.1957201642482966E+00	-8.9578618547604039E-01	-3.0334709580742539E-02	-7.7274560836131378E-01	1.4504825444778870E+00	8.5165589170199774E-01	3.6225176036193218E-01	-2.1711403895964707E-05	4.3325474785440954E-01	3.5176921904944913E-01	2.9896189194334108E-03	8.1190471492357585E-01	4.3155936356981428E-01	0.0000000000000000E+00	0.0000000000000000E+00	
-2.1553979560034220E-01	9.5064433913534252E-01	6.9878870173602792E-01	2.7615513245108969E-02	6.1214939539091207E-01	-1.1527164248956208E+00	-6.7494055357006832E-01	-2.8753522768294004E-01	1.5235221777401469E-05	8.4110932219614476E-01	2.2309315681915387E-01	-3.3895082577789504E-04	-5.2343826798046944E-02	2.0785604699426363E-02	1.2748094690745104E-03	0.0000000000000000E+00	

b
-3.8091037993227293E-02	
1.6728358685010619E-01	
1.1931522427129340E-01	
5.8125117633429733E-03	
1.0711602340463960E-01	
-2.0271280640621642E-01	
-1.1818011670057169E-01	
-5.0469380630276478E-02	
2.1289109797328243E-06	
4.7100025910782445E-01	
1.7622874608773631E-01	
4.9555817638529819E-04	
1.5238571186390273E-01	
1.0279529733309026E-01	
-6.4956192678438263E-04	
1.0766785588777741E-01	

c
0.0000000000000000E+00	
7.7637326865299255E-02	
2.6723916964515027E-01	
5.9421685500734323E-01	
6.3138379044333204E-01	
4.3583973610781934E-01	
3.9603508634461615E-01	
2.0075968974901326E-02	
2.2428356579936395E+00	
4.3630903978959146E-01	
7.4577540958813282E-01	
2.1499284414023236E+00	
7.1505495281517187E-02	
6.4055276946875528E-01	
2.0716137754103765E+00	
9.9206129854017233E-01	

alpha
0.0000000000000000E+00	0.0000000000000000E+00	0.0000000000000000E+00	0.0000000000000000E+00	0.0000000000000000E+00	0.0000000000000000E+00	0.0000000000000000E+00	0.0000000000000000E+00	0.0000000000000000E+00	0.0000000000000000E+00	0.0000000000000000E+00	0.0000000000000000E+00	0.0000000000000000E+00	0.0000000000000000E+00	0.0000000000000000E+00	0.0000000000000000E+00	0.0000000000000000E+00	
0.0000000000000000E+00	0.0000000000000000E+00	0.0000000000000000E+00	0.0000000000000000E+00	0.0000000000000000E+00	0.0000000000000000E+00	0.0000000000000000E+00	0.0000000000000000E+00	0.0000000000000000E+00	0.0000000000000000E+00	0.0000000000000000E+00	0.0000000000000000E+00	0.0000000000000000E+00	0.0000000000000000E+00	0.0000000000000000E+00	0.0000000000000000E+00	0.0000000000000000E+00	
-0.0000000000000000E+00	0.0000000000000000E+00	0.0000000000000000E+00	0.0000000000000000E+00	0.0000000000000000E+00	0.0000000000000000E+00	0.0000000000000000E+00	0.0000000000000000E+00	0.0000000000000000E+00	0.0000000000000000E+00	0.0000000000000000E+00	0.0000000000000000E+00	0.0000000000000000E+00	0.0000000000000000E+00	0.0000000000000000E+00	0.0000000000000000E+00	0.0000000000000000E+00	
0.0000000000000000E+00	-0.0000000000000000E+00	0.0000000000000000E+00	0.0000000000000000E+00	0.0000000000000000E+00	0.0000000000000000E+00	0.0000000000000000E+00	0.0000000000000000E+00	0.0000000000000000E+00	0.0000000000000000E+00	0.0000000000000000E+00	0.0000000000000000E+00	0.0000000000000000E+00	0.0000000000000000E+00	0.0000000000000000E+00	0.0000000000000000E+00	0.0000000000000000E+00	
-0.0000000000000000E+00	0.0000000000000000E+00	-0.0000000000000000E+00	0.0000000000000000E+00	0.0000000000000000E+00	0.0000000000000000E+00	0.0000000000000000E+00	0.0000000000000000E+00	0.0000000000000000E+00	0.0000000000000000E+00	0.0000000000000000E+00	0.0000000000000000E+00	0.0000000000000000E+00	0.0000000000000000E+00	0.0000000000000000E+00	0.0000000000000000E+00	0.0000000000000000E+00	
-0.0000000000000000E+00	0.0000000000000000E+00	0.0000000000000000E+00	-0.0000000000000000E+00	0.0000000000000000E+00	0.0000000000000000E+00	0.0000000000000000E+00	0.0000000000000000E+00	0.0000000000000000E+00	0.0000000000000000E+00	0.0000000000000000E+00	0.0000000000000000E+00	0.0000000000000000E+00	0.0000000000000000E+00	0.0000000000000000E+00	0.0000000000000000E+00	0.0000000000000000E+00	
0.0000000000000000E+00	-0.0000000000000000E+00	0.0000000000000000E+00	-0.0000000000000000E+00	-0.0000000000000000E+00	0.0000000000000000E+00	0.0000000000000000E+00	0.0000000000000000E+00	0.0000000000000000E+00	0.0000000000000000E+00	0.0000000000000000E+00	0.0000000000000000E+00	0.0000000000000000E+00	0.0000000000000000E+00	0.0000000000000000E+00	0.0000000000000000E+00	0.0000000000000000E+00	
-0.0000000000000000E+00	0.0000000000000000E+00	0.0000000000000000E+00	0.0000000000000000E+00	0.0000000000000000E+00	-0.0000000000000000E+00	-0.0000000000000000E+00	0.0000000000000000E+00	0.0000000000000000E+00	0.0000000000000000E+00	0.0000000000000000E+00	0.0000000000000000E+00	0.0000000000000000E+00	0.0000000000000000E+00	0.0000000000000000E+00	0.0000000000000000E+00	0.0000000000000000E+00	
0.0000000000000000E+00	-0.0000000000000000E+00	0.0000000000000000E+00	-0.0000000000000000E+00	-0.0000000000000000E+00	0.0000000000000000E+00	0.0000000000000000E+00	0.0000000000000000E+00	0.0000000000000000E+00	0.0000000000000000E+00	0.0000000000000000E+00	0.0000000000000000E+00	0.0000000000000000E+00	0.0000000000000000E+00	0.0000000000000000E+00	0.0000000000000000E+00	0.0000000000000000E+00	
0.0000000000000000E+00	-0.0000000000000000E+00	0.0000000000000000E+00	-0.0000000000000000E+00	0.0000000000000000E+00	0.0000000000000000E+00	-0.0000000000000000E+00	0.0000000000000000E+00	0.0000000000000000E+00	0.0000000000000000E+00	0.0000000000000000E+00	0.0000000000000000E+00	0.0000000000000000E+00	0.0000000000000000E+00	0.0000000000000000E+00	0.0000000000000000E+00	0.0000000000000000E+00	
0.0000000000000000E+00	-0.0000000000000000E+00	-0.0000000000000000E+00	0.0000000000000000E+00	-0.0000000000000000E+00	0.0000000000000000E+00	0.0000000000000000E+00	0.0000000000000000E+00	-0.0000000000000000E+00	0.0000000000000000E+00	0.0000000000000000E+00	0.0000000000000000E+00	0.0000000000000000E+00	0.0000000000000000E+00	0.0000000000000000E+00	0.0000000000000000E+00	0.0000000000000000E+00	
-0.0000000000000000E+00	0.0000000000000000E+00	0.0000000000000000E+00	0.0000000000000000E+00	0.0000000000000000E+00	-0.0000000000000000E+00	-0.0000000000000000E+00	-0.0000000000000000E+00	0.0000000000000000E+00	0.0000000000000000E+00	0.0000000000000000E+00	0.0000000000000000E+00	0.0000000000000000E+00	0.0000000000000000E+00	0.0000000000000000E+00	0.0000000000000000E+00	0.0000000000000000E+00	
-0.0000000000000000E+00	0.0000000000000000E+00	0.0000000000000000E+00	0.0000000000000000E+00	0.0000000000000000E+00	-0.0000000000000000E+00	-0.0000000000000000E+00	-0.0000000000000000E+00	0.0000000000000000E+00	0.0000000000000000E+00	-0.0000000000000000E+00	-0.0000000000000000E+00	0.0000000000000000E+00	0.0000000000000000E+00	0.0000000000000000E+00	0.0000000000000000E+00	0.0000000000000000E+00	
0.0000000000000000E+00	-0.0000000000000000E+00	-0.0000000000000000E+00	-0.0000000000000000E+00	-0.0000000000000000E+00	0.0000000000000000E+00	0.0000000000000000E+00	0.0000000000000000E+00	-0.0000000000000000E+00	0.0000000000000000E+00	0.0000000000000000E+00	0.0000000000000000E+00	0.0000000000000000E+00	0.0000000000000000E+00	0.0000000000000000E+00	0.0000000000000000E+00	0.0000000000000000E+00	
0.0000000000000000E+00	-0.0000000000000000E+00	-0.0000000000000000E+00	-0.0000000000000000E+00	-0.0000000000000000E+00	0.0000000000000000E+00	0.0000000000000000E+00	0.0000000000000000E+00	-0.0000000000000000E+00	0.0000000000000000E+00	0.0000000000000000E+00	0.0000000000000000E+00	0.0000000000000000E+00	0.0000000000000000E+00	0.0000000000000000E+00	0.0000000000000000E+00	0.0000000000000000E+00	
-0.0000000000000000E+00	0.0000000000000000E+00	0.0000000000000000E+00	0.0000000000000000E+00	0.0000000000000000E+00	-0.0000000000000000E+00	-0.0000000000000000E+00	-0.0000000000000000E+00	0.0000000000000000E+00	0.0000000000000000E+00	0.0000000000000000E+00	-0.0000000000000000E+00	-0.0000000000000000E+00	0.0000000000000000E+00	0.0000000000000000E+00	0.0000000000000000E+00	0.0000000000000000E+00	
-0.0000000000000000E+00	0.0000000000000000E+00	0.0000000000000000E+00	0.0000000000000000E+00	0.0000000000000000E+00	-0.0000000000000000E+00	-0.0000000000000000E+00	-0.0000000000000000E+00	0.0000000000000000E+00	0.0000000000000000E+00	0.0000000000000000E+00	0.0000000000000000E+00	0.0000000000000000E+00	0.0000000000000000E+00	-0.0000000000000000E+00	0.0000000000000000E+00	0.0000000000000000E+00	

beta
0.0000000000000000E+00	0.0000000000000000E+00	0.0000000000000000E+00	0.0000000000000000E+00	0.0000000000000000E+00	0.0000000000000000E+00	0.0000000000000000E+00	0.0000000000000000E+00	0.0000000000000000E+00	0.0000000000000000E+00	0.0000000000000000E+00	0.0000000000000000E+00	0.0000000000000000E+00	0.0000000000000000E+00	0.0000000000000000E+00	0.0000000000000000E+00	0.0000000000000000E+00	
7.7637326865299255E-02	0.0000000000000000E+00	0.0000000000000000E+00	0.0000000000000000E+00	0.0000000000000000E+00	0.0000000000000000E+00	0.0000000000000000E+00	0.0000000000000000E+00	0.0000000000000000E+00	0.0000000000000000E+00	0.0000000000000000E+00	0.0000000000000000E+00	0.0000000000000000E+00	0.0000000000000000E+00	0.0000000000000000E+00	0.0000000000000000E+00	0.0000000000000000E+00	
-1.0299206174585915E-01	3.7023123139100939E-01	0.0000000000000000E+00	0.0000000000000000E+00	0.0000000000000000E+00	0.0000000000000000E+00	0.0000000000000000E+00	0.0000000000000000E+00	0.0000000000000000E+00	0.0000000000000000E+00	0.0000000000000000E+00	0.0000000000000000E+00	0.0000000000000000E+00	0.0000000000000000E+00	0.0000000000000000E+00	0.0000000000000000E+00	0.0000000000000000E+00	
1.6790717550075115E-01	-4.8957616217260513E-01	9.1588584167919718E-01	0.0000000000000000E+00	0.0000000000000000E+00	0.0000000000000000E+00	0.0000000000000000E+00	0.0000000000000000E+00	0.0000000000000000E+00	0.0000000000000000E+00	0.0000000000000000E+00	0.0000000000000000E+00	0.0000000000000000E+00	0.0000000000000000E+00	0.0000000000000000E+00	0.0000000000000000E+00	0.0000000000000000E+00	
-5.3564918829355346E-01	1.8188744144266162E+00	-1.4262529757217770E+00	7.7441154003204626E-01	0.0000000000000000E+00	0.0000000000000000E+00	0.0000000000000000E+00	0.0000000000000000E+00	0.0000000000000000E+00	0.0000000000000000E+00	0.0000000000000000E+00	0.0000000000000000E+00	0.0000000000000000E+00	0.0000000000000000E+00	0.0000000000000000E+00	0.0000000000000000E+00	0.0000000000000000E+00	
-2.0262167685076563E-02	1.2376345474013217E-01	2.6581393004684822E-01	-4.2060999437917246E-02	1.0858551844383273E-01	0.0000000000000000E+00	0.0000000000000000E+00	0.0000000000000000E+00	0.0000000000000000E+00	0.0000000000000000E+00	0.0000000000000000E+00	0.0000000000000000E+00	0.0000000000000000E+00	0.0000000000000000E+00	0.0000000000000000E+00	0.0000000000000000E+00	0.0000000000000000E+00	
1.3715640029586360E-01	-4.2991495165397187E-01	5.7360283946891277E-01	-2.4479739184858879E-01	-1.2983511223966368E-01	4.8982330232206411E-01	0.0000000000000000E+00	0.0000000000000000E+00	0.0000000000000000E+00	0.0000000000000000E+00	0.0000000000000000E+00	0.0000000000000000E+00	0.0000000000000000E+00	0.0000000000000000E+00	0.0000000000000000E+00	0.0000000000000000E+00	0.0000000000000000E+00	
-1.7302647780093194E-01	7.1967808728010541E-01	3.0810336415028144E-01	7.8592729884171764E-02	4.2692007600729542E-01	-8.6483919792877095E-01	-4.7535261261724965E-01	0.0000000000000000E+00	0.0000000000000000E+00	0.0000000000000000E+00	0.0000000000000000E+00	0.0000000000000000E+00	0.0000000000000000E+00	0.0000000000000000E+00	0.0000000000000000E+00	0.0000000000000000E+00	0.0000000000000000E+00	
8.9880303746108114E-01	-3.3895416500723172E+00	4.2944723130398499E-01	-8.6122989577799169E-01	-1.6999672645526385E+00	4.0066856456821212E+00	1.9357106279552929E+00	9.2292792599410634E-01	0.0000000000000000E+00	0.0000000000000000E+00	0.0000000000000000E+00	0.0000000000000000E+00	0.0000000000000000E+00	0.0000000000000000E+00	0.0000000000000000E+00	0.0000000000000000E+00	0.0000000000000000E+00	
4.4155121204999398E-02	-7.5989615371078068E-02	5.4779321063099085E-01	-1.5984031075031491E-01	5.0814977805213823E-02	7.0784349423642423E-02	-4.3344749607355126E-02	1.8459724877338823E-03	9.0083965759135245E-05	0.0000000000000000E+00	0.0000000000000000E+00	0.0000000000000000E+00	0.0000000000000000E+00	0.0000000000000000E+00	0.0000000000000000E+00	0.0000000000000000E+00	0.0000000000000000E+00	
5.5768482192481480E-04	-4.1388902221638846E-03	-1.1577839675658421E-02	2.1086578524828975E-03	-4.0755583387840320E-03	5.3206612786196768E-03	4.3142799245186924E-03	1.5507509494827646E-03	-1.3573153145074451E-06	7.5171702031302479E-01	0.0000000000000000E+00	0.0000000000000000E+00	0.0000000000000000E+00	0.0000000000000000E+00	0.0000000000000000E+00	0.0000000000000000E+00	0.0000000000000000E+00	
-3.7366671053567481E-02	1.6170457916330558E-01	1.0309545209355403E-01	8.8150639519912477E-03	1.0152101760849423E-01	-1.9551912854783823E-01	-1.1226581749652670E-01	-4.8357568170737941E-02	2.0653704743475986E-07	1.5385650516989742E+00	6.2973625561762714E-01	0.0000000000000000E+00	0.0000000000000000E+00	0.0000000000000000E+00	0.0000000000000000E+00	0.0000000000000000E+00	0.0000000000000000E+00	
-9.4843591886161469E-02	4.1890461402003182E-01	3.1094433709484709E-01	1.1380051326345821E-02	2.7024483095272489E-01	-5.0805523362217175E-01	-2.9790169996077009E-01	-1.2680913982683495E-01	7.1703385906139627E-06	1.0330455828394136E-01	-1.5061512046574022E-02	-6.0888939245212585E-04	0.0000000000000000E+00	0.0000000000000000E+00	0.0000000000000000E+00	0.0000000000000000E+00	0.0000000000000000E+00	
1.7400407273665430E-01	-7.6910183182390279E-01	-5.7373954760189083E-01	-2.0149101933233372E-02	-4.9663606158680829E-01	9.3288174191611084E-01	5.4740203242170971E-01	2.3291928251377980E-01	-1.3595828526602629E-05	6.2641989946751492E-02	1.3464899254834264E-01	1.5516120562222701E-03	4.1414318410354606E-01	0.0000000000000000E+00	0.0000000000000000E+00	0.0000000000000000E+00	0.0000000000000000E+00	
2.7035429362216634E-01	-1.1957201642482966E+00	-8.9578618547604039E-01	-3.0334709580742539E-02	-7.7274560836131378E-01	1.4504825444778870E+00	8.5165589170199774E-01	3.6225176036193218E-01	-2.1711403895964707E-05	4.3325474785440954E-01	3.5176921904944913E-01	2.9896189194334108E-03	8.1190471492357585E-01	4.3155936356981428E-01	0.0000000000000000E+00	0.0000000000000000E+00	0.0000000000000000E+00	
-2.1553979560034220E-01	9.5064433913534252E-01	6.9878870173602792E-01	2.7615513245108969E-02	6.1214939539091207E-01	-1.1527164248956208E+00	-6.7494055357006832E-01	-2.8753522768294004E-01	1.5235221777401469E-05	8.4110932219614476E-01	2.2309315681915387E-01	-3.3895082577789504E-04	-5.2343826798046944E-02	2.0785604699426363E-02	1.2748094690745104E-03	0.0000000000000000E+00	0.0000000000000000E+00	
-3.8091037993227293E-02	1.6728358685010619E-01	1.1931522427129340E-01	5.8125117633429733E-03	1.0711602340463960E-01	-2.0271280640621642E-01	-1.1818011670057169E-01	-5.0469380630276478E-02	2.1289109797328243E-06	4.7100025910782445E-01	1.7622874608773631E-01	4.9555817638529819E-04	1.5238571186390273E-01	1.0279529733309026E-01	-6.4956192678438263E-04	1.0766785588777741E-01	0.0000000000000000E+00	

gamma1
0.0000000000000000E+00	0.0000000000000000E+00	-1.8231831658179232E+00	-5.9118978835359481E+00	-2.2293966796667712E+00	1.5194624129405310E-01	-3.1347278912097307E+00	-2.9371100778024073E+00	-4.3961351284818289E+00	2.3248870711044178E-01	-1.4053516293214337E-02	1.9718498783474692E+00	-2.6008550461935442E-01	-2.6409578220113690E+00	2.0426328523059087E+00	-2.2610766810187988E-01	-5.0953647783613754E-01	

gamma2
0.0000000000000000E+00	1.0000000000000000E+00	2.3265791843213557E+00	1.9138456363741359E+00	1.1899494321966302E+00	3.6406549341407590E-01	6.7258471539679388E-01	6.3147388559405804E-01	5.3364120788501890E-01	1.6361052689998004E-01	-1.2141054548068647E-03	3.9680973983915208E-02	9.8760345200832003E-02	6.3927150291569548E-02	5.9159961068171299E-02	1.5894354002612490E-01	1.5225870423738450E-01	

gamma3
0.0000000000000000E+00	0.0000000000000000E+00	0.0000000000000000E+00	0.0000000000000000E+00	-1.7402911531058607E+00	-4.6616443517452888E-01	-2.3222868672415328E-01	-1.3344176227135942E+00	6.1733430276047740E-01	-4.6714582632104984E-01	1.0242292505182553E+00	-1.3793109405388013E+00	9.8040842843107687E-03	2.7389640364400587E+00	-1.7951745803377068E+00	-1.0699983843127490E+00	-6.9000011405557915E-01	

delta
1.0000000000000000E+00	2.1344813228070841E-01	2.3980750502424342E+00	5.6486255144763386E-01	-5.6654569789317988E-01	2.8829577899294687E+00	1.8551763670299437E+00	6.0710790165575401E-01	-1.4087637580652530E+00	8.3494227360480955E-01	1.8871633038706357E+00	2.3913275052806071E+00	1.4499622383869986E+00	-1.3892568751058738E+00	1.7255914935799912E+00	0.0000000000000000E+00	

r
0.0000000000000000E+00	

errcoeff
4.0533389063818454E-05	

v
1.0000000000000000E+00	
1.0000000000000000E+00	
1.0000000000000000E+00	
1.0000000000000000E+00	
1.0000000000000000E+00	
1.0000000000000000E+00	
1.0000000000000000E+00	
1.0000000000000000E+00	
1.0000000000000000E+00	
1.0000000000000000E+00	
1.0000000000000000E+00	
1.0000000000000000E+00	
1.0000000000000000E+00	
1.0000000000000000E+00	
1.0000000000000000E+00	
1.0000000000000000E+00	
1.0000000000000000E+00	

==============================================================

