#stage		 order
11	 		5


A
0.0000000000000000E+00	0.0000000000000000E+00	0.0000000000000000E+00	0.0000000000000000E+00	0.0000000000000000E+00	0.0000000000000000E+00	0.0000000000000000E+00	0.0000000000000000E+00	0.0000000000000000E+00	0.0000000000000000E+00	0.0000000000000000E+00	
1.7647966779837818E-01	0.0000000000000000E+00	0.0000000000000000E+00	0.0000000000000000E+00	0.0000000000000000E+00	0.0000000000000000E+00	0.0000000000000000E+00	0.0000000000000000E+00	0.0000000000000000E+00	0.0000000000000000E+00	0.0000000000000000E+00	
-2.6221781397120059E-01	5.2105393778254538E-01	0.0000000000000000E+00	0.0000000000000000E+00	0.0000000000000000E+00	0.0000000000000000E+00	0.0000000000000000E+00	0.0000000000000000E+00	0.0000000000000000E+00	0.0000000000000000E+00	0.0000000000000000E+00	
-9.0128310337513104E-02	2.9204956819155348E-01	1.1896675332979280E-01	0.0000000000000000E+00	0.0000000000000000E+00	0.0000000000000000E+00	0.0000000000000000E+00	0.0000000000000000E+00	0.0000000000000000E+00	0.0000000000000000E+00	0.0000000000000000E+00	
2.3840447088552402E-02	1.9442266734239949E-01	3.7864604700380333E-02	1.2696010616232536E-02	0.0000000000000000E+00	0.0000000000000000E+00	0.0000000000000000E+00	0.0000000000000000E+00	0.0000000000000000E+00	0.0000000000000000E+00	0.0000000000000000E+00	
3.4868348463811802E-02	4.6248481862431287E-02	-5.3872999342246299E-03	-4.0110801648780586E-02	4.2787300036153197E-01	0.0000000000000000E+00	0.0000000000000000E+00	0.0000000000000000E+00	0.0000000000000000E+00	0.0000000000000000E+00	0.0000000000000000E+00	
3.8692404112997444E-02	4.1356531173862260E-02	-8.5210357797603255E-03	-4.6965358429688853E-02	3.3631586860180068E-01	2.5267743572998158E-01	0.0000000000000000E+00	0.0000000000000000E+00	0.0000000000000000E+00	0.0000000000000000E+00	0.0000000000000000E+00	
7.8874274860967250E-02	6.4234735410874599E-02	-2.2492184937884404E-02	-1.0068480209183367E-01	4.0663705963689956E-01	5.1527511496741840E-02	2.3412664537650693E-01	0.0000000000000000E+00	0.0000000000000000E+00	0.0000000000000000E+00	0.0000000000000000E+00	
1.1360214910193314E-01	8.6581772604609558E-02	-3.3910048759165180E-02	-1.4647838050556600E-01	5.0318941028471265E-01	-6.2865888278018950E-02	1.2607682646530199E-01	1.2926923601262999E-01	0.0000000000000000E+00	0.0000000000000000E+00	0.0000000000000000E+00	
7.4326803687979059E-02	6.0098888980917281E-02	-2.1305760111626559E-02	-9.4986416139567320E-02	3.7718277579032733E-01	3.8569490460737432E-02	2.0524563271883658E-01	-3.7496899578873644E-02	2.5114310509137971E-01	0.0000000000000000E+00	0.0000000000000000E+00	
7.3572792108302337E-02	6.0714387117232455E-02	-2.0776949779122280E-02	-9.3720889476204980E-02	3.9038410799122125E-01	6.6475413456545923E-02	2.4674741576736645E-01	-8.0458018139828641E-02	1.1558534668591730E-01	1.8013052954143186E-01	0.0000000000000000E+00	

b
7.4897508892341438E-02	
6.1539085518246148E-02	
-2.1219571773545262E-02	
-9.5474551690703652E-02	
3.9368157463623005E-01	
6.1471027734075451E-02	
2.4163884934308749E-01	
-7.2408445302776667E-02	
1.4681557781354274E-01	
8.1710833414029682E-02	
1.2734811141547264E-01	

c
0.0000000000000000E+00	
1.7647966779837818E-01	
2.5883612381134480E-01	
3.2088801118383314E-01	
2.6882372974756480E-01	
4.6349172910476988E-01	
6.1355584540919272E-01	
7.1222323975227209E-01	
7.1546507692643724E-01	
8.5277762090010989E-01	
9.3865413527286157E-01	

alpha
0.0000000000000000E+00	0.0000000000000000E+00	0.0000000000000000E+00	0.0000000000000000E+00	0.0000000000000000E+00	0.0000000000000000E+00	0.0000000000000000E+00	0.0000000000000000E+00	0.0000000000000000E+00	0.0000000000000000E+00	0.0000000000000000E+00	0.0000000000000000E+00	
0.0000000000000000E+00	0.0000000000000000E+00	0.0000000000000000E+00	0.0000000000000000E+00	0.0000000000000000E+00	0.0000000000000000E+00	0.0000000000000000E+00	0.0000000000000000E+00	0.0000000000000000E+00	0.0000000000000000E+00	0.0000000000000000E+00	0.0000000000000000E+00	
-0.0000000000000000E+00	0.0000000000000000E+00	0.0000000000000000E+00	0.0000000000000000E+00	0.0000000000000000E+00	0.0000000000000000E+00	0.0000000000000000E+00	0.0000000000000000E+00	0.0000000000000000E+00	0.0000000000000000E+00	0.0000000000000000E+00	0.0000000000000000E+00	
-0.0000000000000000E+00	0.0000000000000000E+00	0.0000000000000000E+00	0.0000000000000000E+00	0.0000000000000000E+00	0.0000000000000000E+00	0.0000000000000000E+00	0.0000000000000000E+00	0.0000000000000000E+00	0.0000000000000000E+00	0.0000000000000000E+00	0.0000000000000000E+00	
0.0000000000000000E+00	0.0000000000000000E+00	0.0000000000000000E+00	0.0000000000000000E+00	0.0000000000000000E+00	0.0000000000000000E+00	0.0000000000000000E+00	0.0000000000000000E+00	0.0000000000000000E+00	0.0000000000000000E+00	0.0000000000000000E+00	0.0000000000000000E+00	
0.0000000000000000E+00	0.0000000000000000E+00	-0.0000000000000000E+00	-0.0000000000000000E+00	0.0000000000000000E+00	0.0000000000000000E+00	0.0000000000000000E+00	0.0000000000000000E+00	0.0000000000000000E+00	0.0000000000000000E+00	0.0000000000000000E+00	0.0000000000000000E+00	
0.0000000000000000E+00	0.0000000000000000E+00	-0.0000000000000000E+00	-0.0000000000000000E+00	0.0000000000000000E+00	0.0000000000000000E+00	0.0000000000000000E+00	0.0000000000000000E+00	0.0000000000000000E+00	0.0000000000000000E+00	0.0000000000000000E+00	0.0000000000000000E+00	
0.0000000000000000E+00	0.0000000000000000E+00	-0.0000000000000000E+00	-0.0000000000000000E+00	0.0000000000000000E+00	0.0000000000000000E+00	0.0000000000000000E+00	0.0000000000000000E+00	0.0000000000000000E+00	0.0000000000000000E+00	0.0000000000000000E+00	0.0000000000000000E+00	
0.0000000000000000E+00	0.0000000000000000E+00	-0.0000000000000000E+00	-0.0000000000000000E+00	0.0000000000000000E+00	-0.0000000000000000E+00	0.0000000000000000E+00	0.0000000000000000E+00	0.0000000000000000E+00	0.0000000000000000E+00	0.0000000000000000E+00	0.0000000000000000E+00	
0.0000000000000000E+00	0.0000000000000000E+00	-0.0000000000000000E+00	-0.0000000000000000E+00	0.0000000000000000E+00	0.0000000000000000E+00	0.0000000000000000E+00	-0.0000000000000000E+00	0.0000000000000000E+00	0.0000000000000000E+00	0.0000000000000000E+00	0.0000000000000000E+00	
0.0000000000000000E+00	0.0000000000000000E+00	-0.0000000000000000E+00	-0.0000000000000000E+00	0.0000000000000000E+00	0.0000000000000000E+00	0.0000000000000000E+00	-0.0000000000000000E+00	0.0000000000000000E+00	0.0000000000000000E+00	0.0000000000000000E+00	0.0000000000000000E+00	
0.0000000000000000E+00	0.0000000000000000E+00	-0.0000000000000000E+00	-0.0000000000000000E+00	0.0000000000000000E+00	0.0000000000000000E+00	0.0000000000000000E+00	-0.0000000000000000E+00	0.0000000000000000E+00	0.0000000000000000E+00	0.0000000000000000E+00	0.0000000000000000E+00	

beta
0.0000000000000000E+00	0.0000000000000000E+00	0.0000000000000000E+00	0.0000000000000000E+00	0.0000000000000000E+00	0.0000000000000000E+00	0.0000000000000000E+00	0.0000000000000000E+00	0.0000000000000000E+00	0.0000000000000000E+00	0.0000000000000000E+00	0.0000000000000000E+00	
1.7647966779837818E-01	0.0000000000000000E+00	0.0000000000000000E+00	0.0000000000000000E+00	0.0000000000000000E+00	0.0000000000000000E+00	0.0000000000000000E+00	0.0000000000000000E+00	0.0000000000000000E+00	0.0000000000000000E+00	0.0000000000000000E+00	0.0000000000000000E+00	
-2.6221781397120059E-01	5.2105393778254538E-01	0.0000000000000000E+00	0.0000000000000000E+00	0.0000000000000000E+00	0.0000000000000000E+00	0.0000000000000000E+00	0.0000000000000000E+00	0.0000000000000000E+00	0.0000000000000000E+00	0.0000000000000000E+00	0.0000000000000000E+00	
-9.0128310337513104E-02	2.9204956819155348E-01	1.1896675332979280E-01	0.0000000000000000E+00	0.0000000000000000E+00	0.0000000000000000E+00	0.0000000000000000E+00	0.0000000000000000E+00	0.0000000000000000E+00	0.0000000000000000E+00	0.0000000000000000E+00	0.0000000000000000E+00	
2.3840447088552402E-02	1.9442266734239949E-01	3.7864604700380333E-02	1.2696010616232536E-02	0.0000000000000000E+00	0.0000000000000000E+00	0.0000000000000000E+00	0.0000000000000000E+00	0.0000000000000000E+00	0.0000000000000000E+00	0.0000000000000000E+00	0.0000000000000000E+00	
3.4868348463811802E-02	4.6248481862431287E-02	-5.3872999342246299E-03	-4.0110801648780586E-02	4.2787300036153197E-01	0.0000000000000000E+00	0.0000000000000000E+00	0.0000000000000000E+00	0.0000000000000000E+00	0.0000000000000000E+00	0.0000000000000000E+00	0.0000000000000000E+00	
3.8692404112997444E-02	4.1356531173862260E-02	-8.5210357797603255E-03	-4.6965358429688853E-02	3.3631586860180068E-01	2.5267743572998158E-01	0.0000000000000000E+00	0.0000000000000000E+00	0.0000000000000000E+00	0.0000000000000000E+00	0.0000000000000000E+00	0.0000000000000000E+00	
7.8874274860967250E-02	6.4234735410874599E-02	-2.2492184937884404E-02	-1.0068480209183367E-01	4.0663705963689956E-01	5.1527511496741840E-02	2.3412664537650693E-01	0.0000000000000000E+00	0.0000000000000000E+00	0.0000000000000000E+00	0.0000000000000000E+00	0.0000000000000000E+00	
1.1360214910193314E-01	8.6581772604609558E-02	-3.3910048759165180E-02	-1.4647838050556600E-01	5.0318941028471265E-01	-6.2865888278018950E-02	1.2607682646530199E-01	1.2926923601262999E-01	0.0000000000000000E+00	0.0000000000000000E+00	0.0000000000000000E+00	0.0000000000000000E+00	
7.4326803687979059E-02	6.0098888980917281E-02	-2.1305760111626559E-02	-9.4986416139567320E-02	3.7718277579032733E-01	3.8569490460737432E-02	2.0524563271883658E-01	-3.7496899578873644E-02	2.5114310509137971E-01	0.0000000000000000E+00	0.0000000000000000E+00	0.0000000000000000E+00	
7.3572792108302337E-02	6.0714387117232455E-02	-2.0776949779122280E-02	-9.3720889476204980E-02	3.9038410799122125E-01	6.6475413456545923E-02	2.4674741576736645E-01	-8.0458018139828641E-02	1.1558534668591730E-01	1.8013052954143186E-01	0.0000000000000000E+00	0.0000000000000000E+00	
7.4897508892341438E-02	6.1539085518246148E-02	-2.1219571773545262E-02	-9.5474551690703652E-02	3.9368157463623005E-01	6.1471027734075451E-02	2.4163884934308749E-01	-7.2408445302776667E-02	1.4681557781354274E-01	8.1710833414029682E-02	1.2734811141547264E-01	0.0000000000000000E+00	

gamma1
0.0000000000000000E+00	0.0000000000000000E+00	-8.3058709918504849E+00	4.5363675560770989E-01	6.1897801285674570E-02	1.6745256870055347E-01	5.8074074527684771E-01	5.0339091589755425E-01	-2.3073943265150878E+00	2.6258030275020561E-01	-6.2834146300396077E-01	4.5362012548370034E-01	

gamma2
0.0000000000000000E+00	1.0000000000000000E+00	2.4858244988922760E+00	1.1740173714850155E-01	2.1394784036798398E-01	8.0133033731123393E-01	2.9288631161371126E-01	1.1272723256055082E+00	1.3499223783662040E+00	4.8992024504921255E-01	4.3341315457891921E-01	1.4962986021004462E-01	

gamma3
0.0000000000000000E+00	0.0000000000000000E+00	0.0000000000000000E+00	0.0000000000000000E+00	-3.1394758755659213E-01	-5.3016309257154448E-01	-2.8408879453596664E-01	-1.9109996136321425E+00	-2.4216392327793703E+00	-7.8913984804108250E-01	-8.1072412488542611E-01	-2.9567357749207729E-01	

delta
1.0000000000000000E+00	2.7435752186034583E+00	9.1021660477641864E-01	1.1983344898253818E+00	-4.1515660568153665E+00	7.0087682472152180E-01	-2.6565441081357427E-01	2.1081899099835861E+00	-1.1280377710605216E+00	2.5116414701817149E+00	0.0000000000000000E+00	

r
0.0000000000000000E+00	

errcoeff
2.6735093831662818E-05	

v
1.0000000000000000E+00	
1.0000000000000000E+00	
1.0000000000000000E+00	
1.0000000000000000E+00	
1.0000000000000000E+00	
1.0000000000000000E+00	
1.0000000000000000E+00	
1.0000000000000000E+00	
1.0000000000000000E+00	
1.0000000000000000E+00	
1.0000000000000000E+00	
1.0000000000000000E+00	

==============================================================

