#stage		 order
13	 		5


A
0.0000000000000000E+00	0.0000000000000000E+00	0.0000000000000000E+00	0.0000000000000000E+00	0.0000000000000000E+00	0.0000000000000000E+00	0.0000000000000000E+00	0.0000000000000000E+00	0.0000000000000000E+00	0.0000000000000000E+00	0.0000000000000000E+00	0.0000000000000000E+00	0.0000000000000000E+00	
2.7147483397106470E-01	0.0000000000000000E+00	0.0000000000000000E+00	0.0000000000000000E+00	0.0000000000000000E+00	0.0000000000000000E+00	0.0000000000000000E+00	0.0000000000000000E+00	0.0000000000000000E+00	0.0000000000000000E+00	0.0000000000000000E+00	0.0000000000000000E+00	0.0000000000000000E+00	
1.3311060628045160E-01	8.1782708560886846E-02	0.0000000000000000E+00	0.0000000000000000E+00	0.0000000000000000E+00	0.0000000000000000E+00	0.0000000000000000E+00	0.0000000000000000E+00	0.0000000000000000E+00	0.0000000000000000E+00	0.0000000000000000E+00	0.0000000000000000E+00	0.0000000000000000E+00	
-2.5537514329510591E-01	-4.0648224925143617E-01	1.2029662426768901E+00	0.0000000000000000E+00	0.0000000000000000E+00	0.0000000000000000E+00	0.0000000000000000E+00	0.0000000000000000E+00	0.0000000000000000E+00	0.0000000000000000E+00	0.0000000000000000E+00	0.0000000000000000E+00	0.0000000000000000E+00	
-2.0331820222563007E-01	-3.7843200272800870E-01	9.6593613104548881E-01	1.7781726943070031E-01	0.0000000000000000E+00	0.0000000000000000E+00	0.0000000000000000E+00	0.0000000000000000E+00	0.0000000000000000E+00	0.0000000000000000E+00	0.0000000000000000E+00	0.0000000000000000E+00	0.0000000000000000E+00	
-5.4533704525834281E-03	-1.2977538348743911E-01	4.3780268681305134E-02	-5.5386735135632859E-02	5.3436355686394800E-02	0.0000000000000000E+00	0.0000000000000000E+00	0.0000000000000000E+00	0.0000000000000000E+00	0.0000000000000000E+00	0.0000000000000000E+00	0.0000000000000000E+00	0.0000000000000000E+00	
-1.3724106788667662E-01	-3.6450936670678780E-01	6.6830741554681183E-01	6.5181859525105385E-02	2.6780052996328480E-02	2.5382068242224437E-01	0.0000000000000000E+00	0.0000000000000000E+00	0.0000000000000000E+00	0.0000000000000000E+00	0.0000000000000000E+00	0.0000000000000000E+00	0.0000000000000000E+00	
-1.8923370591357710E-01	-4.2120012199656987E-01	9.0932882446948415E-01	1.3080953658242264E-01	-5.1566798663901792E-05	7.5192118714957290E-02	3.5165636090270785E-01	0.0000000000000000E+00	0.0000000000000000E+00	0.0000000000000000E+00	0.0000000000000000E+00	0.0000000000000000E+00	0.0000000000000000E+00	
-2.6313288391991396E-01	-6.4202995700732024E-01	1.2728559131871462E+00	1.5355941489515806E-01	2.5522924253270317E-02	2.9475673277221315E-01	1.2279938220695250E-01	-1.6748093559055244E-01	0.0000000000000000E+00	0.0000000000000000E+00	0.0000000000000000E+00	0.0000000000000000E+00	0.0000000000000000E+00	
-1.4359275162120338E-01	-3.3000599426811428E-01	6.9156229027121385E-01	9.4032750766682799E-02	4.6826338625397144E-03	9.2145383689218485E-02	1.9928618257953867E-01	8.2073265399622147E-02	-9.1920369708628023E-03	0.0000000000000000E+00	0.0000000000000000E+00	0.0000000000000000E+00	0.0000000000000000E+00	
-1.1852505328936438E-01	-2.7852866921960773E-01	5.7174917620454535E-01	7.4532644078346949E-02	6.6513465724790388E-03	9.6764002747588007E-02	1.2463357861589926E-01	1.5468745928534866E-02	7.0201395953064391E-02	2.9409307758579739E-01	0.0000000000000000E+00	0.0000000000000000E+00	0.0000000000000000E+00	
-6.2087264374630147E-01	-1.3317797280590593E+00	2.9759971975104307E+00	4.5441343808438384E-01	-2.2959802829857087E-02	7.7340770778605572E-02	1.4798464517422212E+00	1.1655519022533751E+00	-1.2460549180360696E+00	-4.9778376177734796E+00	2.7594981051508496E+00	0.0000000000000000E+00	0.0000000000000000E+00	
-1.9995261976406759E-01	-4.5274018099491986E-01	9.6198430263482460E-01	1.3435617855535181E-01	3.4349951262208109E-03	1.0538259313337431E-01	3.2165109866502151E-01	1.7218064343228082E-01	-9.8947150633654626E-02	-3.8188850998683810E-01	2.8476149402955475E-01	1.3450611631303428E-03	0.0000000000000000E+00	

b
-1.6699137452260446E-01	
-3.8345211888652353E-01	
8.0420413254691980E-01	
1.0952083977020413E-01	
5.2963257316335985E-03	
1.0605073613154389E-01	
2.3389687837819689E-01	
9.8249419662546938E-02	
-1.4859643537213085E-02	
-4.5174623964019833E-02	
1.0243597956752762E-01	
-9.6527301403111186E-03	
1.6047617926209978E-01	

c
0.0000000000000000E+00	
2.7147483397106470E-01	
2.1489331484133845E-01	
5.4110885013034804E-01	
5.6200319552255040E-01	
-9.3398864707955470E-02	
5.1233957589702561E-01	
8.5650144596076117E-01	
7.9685059079695364E-01	
6.8099172370863514E-01	
8.5704024517728317E-01	
7.1314315507509907E-01	
8.5156790536027882E-01	

alpha
0.0000000000000000E+00	0.0000000000000000E+00	0.0000000000000000E+00	0.0000000000000000E+00	0.0000000000000000E+00	0.0000000000000000E+00	0.0000000000000000E+00	0.0000000000000000E+00	0.0000000000000000E+00	0.0000000000000000E+00	0.0000000000000000E+00	0.0000000000000000E+00	0.0000000000000000E+00	0.0000000000000000E+00	
0.0000000000000000E+00	0.0000000000000000E+00	0.0000000000000000E+00	0.0000000000000000E+00	0.0000000000000000E+00	0.0000000000000000E+00	0.0000000000000000E+00	0.0000000000000000E+00	0.0000000000000000E+00	0.0000000000000000E+00	0.0000000000000000E+00	0.0000000000000000E+00	0.0000000000000000E+00	0.0000000000000000E+00	
0.0000000000000000E+00	0.0000000000000000E+00	0.0000000000000000E+00	0.0000000000000000E+00	0.0000000000000000E+00	0.0000000000000000E+00	0.0000000000000000E+00	0.0000000000000000E+00	0.0000000000000000E+00	0.0000000000000000E+00	0.0000000000000000E+00	0.0000000000000000E+00	0.0000000000000000E+00	0.0000000000000000E+00	
-0.0000000000000000E+00	-0.0000000000000000E+00	0.0000000000000000E+00	0.0000000000000000E+00	0.0000000000000000E+00	0.0000000000000000E+00	0.0000000000000000E+00	0.0000000000000000E+00	0.0000000000000000E+00	0.0000000000000000E+00	0.0000000000000000E+00	0.0000000000000000E+00	0.0000000000000000E+00	0.0000000000000000E+00	
-0.0000000000000000E+00	-0.0000000000000000E+00	0.0000000000000000E+00	0.0000000000000000E+00	0.0000000000000000E+00	0.0000000000000000E+00	0.0000000000000000E+00	0.0000000000000000E+00	0.0000000000000000E+00	0.0000000000000000E+00	0.0000000000000000E+00	0.0000000000000000E+00	0.0000000000000000E+00	0.0000000000000000E+00	
-0.0000000000000000E+00	-0.0000000000000000E+00	0.0000000000000000E+00	-0.0000000000000000E+00	0.0000000000000000E+00	0.0000000000000000E+00	0.0000000000000000E+00	0.0000000000000000E+00	0.0000000000000000E+00	0.0000000000000000E+00	0.0000000000000000E+00	0.0000000000000000E+00	0.0000000000000000E+00	0.0000000000000000E+00	
-0.0000000000000000E+00	-0.0000000000000000E+00	0.0000000000000000E+00	0.0000000000000000E+00	0.0000000000000000E+00	0.0000000000000000E+00	0.0000000000000000E+00	0.0000000000000000E+00	0.0000000000000000E+00	0.0000000000000000E+00	0.0000000000000000E+00	0.0000000000000000E+00	0.0000000000000000E+00	0.0000000000000000E+00	
-0.0000000000000000E+00	-0.0000000000000000E+00	0.0000000000000000E+00	0.0000000000000000E+00	-0.0000000000000000E+00	0.0000000000000000E+00	0.0000000000000000E+00	0.0000000000000000E+00	0.0000000000000000E+00	0.0000000000000000E+00	0.0000000000000000E+00	0.0000000000000000E+00	0.0000000000000000E+00	0.0000000000000000E+00	
-0.0000000000000000E+00	-0.0000000000000000E+00	0.0000000000000000E+00	0.0000000000000000E+00	0.0000000000000000E+00	0.0000000000000000E+00	0.0000000000000000E+00	-0.0000000000000000E+00	0.0000000000000000E+00	0.0000000000000000E+00	0.0000000000000000E+00	0.0000000000000000E+00	0.0000000000000000E+00	0.0000000000000000E+00	
-0.0000000000000000E+00	-0.0000000000000000E+00	0.0000000000000000E+00	0.0000000000000000E+00	0.0000000000000000E+00	0.0000000000000000E+00	0.0000000000000000E+00	0.0000000000000000E+00	-0.0000000000000000E+00	0.0000000000000000E+00	0.0000000000000000E+00	0.0000000000000000E+00	0.0000000000000000E+00	0.0000000000000000E+00	
-0.0000000000000000E+00	-0.0000000000000000E+00	0.0000000000000000E+00	0.0000000000000000E+00	0.0000000000000000E+00	0.0000000000000000E+00	0.0000000000000000E+00	0.0000000000000000E+00	0.0000000000000000E+00	0.0000000000000000E+00	0.0000000000000000E+00	0.0000000000000000E+00	0.0000000000000000E+00	0.0000000000000000E+00	
-0.0000000000000000E+00	-0.0000000000000000E+00	0.0000000000000000E+00	0.0000000000000000E+00	-0.0000000000000000E+00	0.0000000000000000E+00	0.0000000000000000E+00	0.0000000000000000E+00	-0.0000000000000000E+00	-0.0000000000000000E+00	0.0000000000000000E+00	0.0000000000000000E+00	0.0000000000000000E+00	0.0000000000000000E+00	
-0.0000000000000000E+00	-0.0000000000000000E+00	0.0000000000000000E+00	0.0000000000000000E+00	0.0000000000000000E+00	0.0000000000000000E+00	0.0000000000000000E+00	0.0000000000000000E+00	-0.0000000000000000E+00	-0.0000000000000000E+00	0.0000000000000000E+00	0.0000000000000000E+00	0.0000000000000000E+00	0.0000000000000000E+00	
-0.0000000000000000E+00	-0.0000000000000000E+00	0.0000000000000000E+00	0.0000000000000000E+00	0.0000000000000000E+00	0.0000000000000000E+00	0.0000000000000000E+00	0.0000000000000000E+00	-0.0000000000000000E+00	-0.0000000000000000E+00	0.0000000000000000E+00	-0.0000000000000000E+00	0.0000000000000000E+00	0.0000000000000000E+00	

beta
0.0000000000000000E+00	0.0000000000000000E+00	0.0000000000000000E+00	0.0000000000000000E+00	0.0000000000000000E+00	0.0000000000000000E+00	0.0000000000000000E+00	0.0000000000000000E+00	0.0000000000000000E+00	0.0000000000000000E+00	0.0000000000000000E+00	0.0000000000000000E+00	0.0000000000000000E+00	0.0000000000000000E+00	
2.7147483397106470E-01	0.0000000000000000E+00	0.0000000000000000E+00	0.0000000000000000E+00	0.0000000000000000E+00	0.0000000000000000E+00	0.0000000000000000E+00	0.0000000000000000E+00	0.0000000000000000E+00	0.0000000000000000E+00	0.0000000000000000E+00	0.0000000000000000E+00	0.0000000000000000E+00	0.0000000000000000E+00	
1.3311060628045160E-01	8.1782708560886846E-02	0.0000000000000000E+00	0.0000000000000000E+00	0.0000000000000000E+00	0.0000000000000000E+00	0.0000000000000000E+00	0.0000000000000000E+00	0.0000000000000000E+00	0.0000000000000000E+00	0.0000000000000000E+00	0.0000000000000000E+00	0.0000000000000000E+00	0.0000000000000000E+00	
-2.5537514329510591E-01	-4.0648224925143617E-01	1.2029662426768901E+00	0.0000000000000000E+00	0.0000000000000000E+00	0.0000000000000000E+00	0.0000000000000000E+00	0.0000000000000000E+00	0.0000000000000000E+00	0.0000000000000000E+00	0.0000000000000000E+00	0.0000000000000000E+00	0.0000000000000000E+00	0.0000000000000000E+00	
-2.0331820222563007E-01	-3.7843200272800870E-01	9.6593613104548881E-01	1.7781726943070031E-01	0.0000000000000000E+00	0.0000000000000000E+00	0.0000000000000000E+00	0.0000000000000000E+00	0.0000000000000000E+00	0.0000000000000000E+00	0.0000000000000000E+00	0.0000000000000000E+00	0.0000000000000000E+00	0.0000000000000000E+00	
-5.4533704525834281E-03	-1.2977538348743911E-01	4.3780268681305134E-02	-5.5386735135632859E-02	5.3436355686394800E-02	0.0000000000000000E+00	0.0000000000000000E+00	0.0000000000000000E+00	0.0000000000000000E+00	0.0000000000000000E+00	0.0000000000000000E+00	0.0000000000000000E+00	0.0000000000000000E+00	0.0000000000000000E+00	
-1.3724106788667662E-01	-3.6450936670678780E-01	6.6830741554681183E-01	6.5181859525105385E-02	2.6780052996328480E-02	2.5382068242224437E-01	0.0000000000000000E+00	0.0000000000000000E+00	0.0000000000000000E+00	0.0000000000000000E+00	0.0000000000000000E+00	0.0000000000000000E+00	0.0000000000000000E+00	0.0000000000000000E+00	
-1.8923370591357710E-01	-4.2120012199656987E-01	9.0932882446948415E-01	1.3080953658242264E-01	-5.1566798663901792E-05	7.5192118714957290E-02	3.5165636090270785E-01	0.0000000000000000E+00	0.0000000000000000E+00	0.0000000000000000E+00	0.0000000000000000E+00	0.0000000000000000E+00	0.0000000000000000E+00	0.0000000000000000E+00	
-2.6313288391991396E-01	-6.4202995700732024E-01	1.2728559131871462E+00	1.5355941489515806E-01	2.5522924253270317E-02	2.9475673277221315E-01	1.2279938220695250E-01	-1.6748093559055244E-01	0.0000000000000000E+00	0.0000000000000000E+00	0.0000000000000000E+00	0.0000000000000000E+00	0.0000000000000000E+00	0.0000000000000000E+00	
-1.4359275162120338E-01	-3.3000599426811428E-01	6.9156229027121385E-01	9.4032750766682799E-02	4.6826338625397144E-03	9.2145383689218485E-02	1.9928618257953867E-01	8.2073265399622147E-02	-9.1920369708628023E-03	0.0000000000000000E+00	0.0000000000000000E+00	0.0000000000000000E+00	0.0000000000000000E+00	0.0000000000000000E+00	
-1.1852505328936438E-01	-2.7852866921960773E-01	5.7174917620454535E-01	7.4532644078346949E-02	6.6513465724790388E-03	9.6764002747588007E-02	1.2463357861589926E-01	1.5468745928534866E-02	7.0201395953064391E-02	2.9409307758579739E-01	0.0000000000000000E+00	0.0000000000000000E+00	0.0000000000000000E+00	0.0000000000000000E+00	
-6.2087264374630147E-01	-1.3317797280590593E+00	2.9759971975104307E+00	4.5441343808438384E-01	-2.2959802829857087E-02	7.7340770778605572E-02	1.4798464517422212E+00	1.1655519022533751E+00	-1.2460549180360696E+00	-4.9778376177734796E+00	2.7594981051508496E+00	0.0000000000000000E+00	0.0000000000000000E+00	0.0000000000000000E+00	
-1.9995261976406759E-01	-4.5274018099491986E-01	9.6198430263482460E-01	1.3435617855535181E-01	3.4349951262208109E-03	1.0538259313337431E-01	3.2165109866502151E-01	1.7218064343228082E-01	-9.8947150633654626E-02	-3.8188850998683810E-01	2.8476149402955475E-01	1.3450611631303428E-03	0.0000000000000000E+00	0.0000000000000000E+00	
-1.6699137452260446E-01	-3.8345211888652353E-01	8.0420413254691980E-01	1.0952083977020413E-01	5.2963257316335985E-03	1.0605073613154389E-01	2.3389687837819689E-01	9.8249419662546938E-02	-1.4859643537213085E-02	-4.5174623964019833E-02	1.0243597956752762E-01	-9.6527301403111186E-03	1.6047617926209978E-01	0.0000000000000000E+00	

gamma1
0.0000000000000000E+00	0.0000000000000000E+00	3.1985778928126163E-01	-1.9798875684613275E+00	6.8931072876208588E-01	-1.5845160000068566E+00	6.3569879860558642E-01	-2.7335901943872658E+00	-7.4464712276630562E-01	-2.0150559381404642E-02	-1.2071607570643101E+01	-3.1149329347690848E+01	8.7659026884607805E-03	-7.1764246897490125E+00	

gamma2
0.0000000000000000E+00	1.0000000000000000E+00	5.0967607445101426E-01	4.4739238235467145E+00	9.5204172806207299E-01	2.3999832187176344E+00	9.8535714534760610E-01	1.0943925127281464E+00	3.8209471863595973E-01	2.5773358922424094E-01	2.1034310794184239E+00	2.9838145939161635E+00	9.4009560989732038E-02	7.7423907204100084E-01	

gamma3
0.0000000000000000E+00	0.0000000000000000E+00	0.0000000000000000E+00	0.0000000000000000E+00	-4.3707586500262541E-01	-5.7354519404179927E-01	-7.9775788973618567E-01	-5.8688863508547839E-01	-8.5764891246507557E-01	-2.6527613961987911E-01	-1.8535058667502793E+00	-3.2459041574804277E+00	-2.1837322100495821E-01	-1.7855965962525047E+00	

delta
1.0000000000000000E+00	3.3445975750644719E-01	-6.6840291657905426E-01	1.1937631205283586E-01	5.3043487868712591E-01	-1.3654021472575439E-01	2.7685051399035436E+00	2.8627716087487491E+00	-1.8231805248612782E+00	2.1081797009027015E+00	4.7668067369983920E+00	1.0044437602517797E+00	0.0000000000000000E+00	

r
0.0000000000000000E+00	

errcoeff
1.9897865655869523E-04	

v
1.0000000000000000E+00	
1.0000000000000000E+00	
1.0000000000000000E+00	
1.0000000000000000E+00	
1.0000000000000000E+00	
1.0000000000000000E+00	
1.0000000000000000E+00	
1.0000000000000000E+00	
1.0000000000000000E+00	
1.0000000000000000E+00	
1.0000000000000000E+00	
1.0000000000000000E+00	
1.0000000000000000E+00	
1.0000000000000000E+00	

==============================================================

