#stage		 order
21	 		5


A
0.0000000000000000E+00	0.0000000000000000E+00	0.0000000000000000E+00	0.0000000000000000E+00	0.0000000000000000E+00	0.0000000000000000E+00	0.0000000000000000E+00	0.0000000000000000E+00	0.0000000000000000E+00	0.0000000000000000E+00	0.0000000000000000E+00	0.0000000000000000E+00	0.0000000000000000E+00	0.0000000000000000E+00	0.0000000000000000E+00	0.0000000000000000E+00	0.0000000000000000E+00	0.0000000000000000E+00	0.0000000000000000E+00	0.0000000000000000E+00	0.0000000000000000E+00	
7.8763035123221414E-02	0.0000000000000000E+00	0.0000000000000000E+00	0.0000000000000000E+00	0.0000000000000000E+00	0.0000000000000000E+00	0.0000000000000000E+00	0.0000000000000000E+00	0.0000000000000000E+00	0.0000000000000000E+00	0.0000000000000000E+00	0.0000000000000000E+00	0.0000000000000000E+00	0.0000000000000000E+00	0.0000000000000000E+00	0.0000000000000000E+00	0.0000000000000000E+00	0.0000000000000000E+00	0.0000000000000000E+00	0.0000000000000000E+00	0.0000000000000000E+00	
1.4278098615992829E-01	-1.3663981763753003E-01	0.0000000000000000E+00	0.0000000000000000E+00	0.0000000000000000E+00	0.0000000000000000E+00	0.0000000000000000E+00	0.0000000000000000E+00	0.0000000000000000E+00	0.0000000000000000E+00	0.0000000000000000E+00	0.0000000000000000E+00	0.0000000000000000E+00	0.0000000000000000E+00	0.0000000000000000E+00	0.0000000000000000E+00	0.0000000000000000E+00	0.0000000000000000E+00	0.0000000000000000E+00	0.0000000000000000E+00	0.0000000000000000E+00	
2.6631946413626684E-01	-2.0162626954367216E-01	2.7366553632249473E+00	0.0000000000000000E+00	0.0000000000000000E+00	0.0000000000000000E+00	0.0000000000000000E+00	0.0000000000000000E+00	0.0000000000000000E+00	0.0000000000000000E+00	0.0000000000000000E+00	0.0000000000000000E+00	0.0000000000000000E+00	0.0000000000000000E+00	0.0000000000000000E+00	0.0000000000000000E+00	0.0000000000000000E+00	0.0000000000000000E+00	0.0000000000000000E+00	0.0000000000000000E+00	0.0000000000000000E+00	
2.8381336057960949E-01	-3.2169564097608339E-01	4.0592644514623633E-02	6.0450496609321699E-04	0.0000000000000000E+00	0.0000000000000000E+00	0.0000000000000000E+00	0.0000000000000000E+00	0.0000000000000000E+00	0.0000000000000000E+00	0.0000000000000000E+00	0.0000000000000000E+00	0.0000000000000000E+00	0.0000000000000000E+00	0.0000000000000000E+00	0.0000000000000000E+00	0.0000000000000000E+00	0.0000000000000000E+00	0.0000000000000000E+00	0.0000000000000000E+00	0.0000000000000000E+00	
-2.8754958243135986E-01	3.6630231891409371E-01	1.0457176661098582E+00	-1.4195940401381401E-03	-4.8827418488196966E-01	0.0000000000000000E+00	0.0000000000000000E+00	0.0000000000000000E+00	0.0000000000000000E+00	0.0000000000000000E+00	0.0000000000000000E+00	0.0000000000000000E+00	0.0000000000000000E+00	0.0000000000000000E+00	0.0000000000000000E+00	0.0000000000000000E+00	0.0000000000000000E+00	0.0000000000000000E+00	0.0000000000000000E+00	0.0000000000000000E+00	0.0000000000000000E+00	
3.9155682361377320E-01	-4.7895432879408056E-01	-8.8983813995904237E-01	1.5364084028189231E-03	1.0418025138610612E+00	2.4713967686935701E+00	0.0000000000000000E+00	0.0000000000000000E+00	0.0000000000000000E+00	0.0000000000000000E+00	0.0000000000000000E+00	0.0000000000000000E+00	0.0000000000000000E+00	0.0000000000000000E+00	0.0000000000000000E+00	0.0000000000000000E+00	0.0000000000000000E+00	0.0000000000000000E+00	0.0000000000000000E+00	0.0000000000000000E+00	0.0000000000000000E+00	
-9.8341834184985633E-01	1.2045729581528675E+00	2.2793163020023743E+00	-3.8917802828893106E-03	-2.5851923452667505E+00	-4.8862262622536932E+00	1.7423112777393815E-01	0.0000000000000000E+00	0.0000000000000000E+00	0.0000000000000000E+00	0.0000000000000000E+00	0.0000000000000000E+00	0.0000000000000000E+00	0.0000000000000000E+00	0.0000000000000000E+00	0.0000000000000000E+00	0.0000000000000000E+00	0.0000000000000000E+00	0.0000000000000000E+00	0.0000000000000000E+00	0.0000000000000000E+00	
-6.3180072098590323E-01	7.7200427380168124E-01	1.4137965210740584E+00	-2.4627418292359248E-03	-1.6965447309654320E+00	-4.6420434982512742E+00	2.0737948564179931E-01	1.2533468373217818E-02	0.0000000000000000E+00	0.0000000000000000E+00	0.0000000000000000E+00	0.0000000000000000E+00	0.0000000000000000E+00	0.0000000000000000E+00	0.0000000000000000E+00	0.0000000000000000E+00	0.0000000000000000E+00	0.0000000000000000E+00	0.0000000000000000E+00	0.0000000000000000E+00	0.0000000000000000E+00	
2.7243316340063627E-02	-3.3492393966158870E-02	-6.6441064819373827E-02	1.1026186634559835E-04	6.9289451560064663E-02	3.7330113610061222E-02	1.3990994269321745E-03	-1.8563888196595417E-03	3.3798318264900338E-03	0.0000000000000000E+00	0.0000000000000000E+00	0.0000000000000000E+00	0.0000000000000000E+00	0.0000000000000000E+00	0.0000000000000000E+00	0.0000000000000000E+00	0.0000000000000000E+00	0.0000000000000000E+00	0.0000000000000000E+00	0.0000000000000000E+00	0.0000000000000000E+00	
1.1612275405786200E-01	-1.4257066359159415E-01	-2.7812983620365606E-01	4.6621796363839900E-04	2.9891975490561640E-01	3.0984253006029744E-01	-3.6086924469630769E-03	-6.6946495749885138E-03	3.1604051913838686E-03	6.1449046013627573E-01	0.0000000000000000E+00	0.0000000000000000E+00	0.0000000000000000E+00	0.0000000000000000E+00	0.0000000000000000E+00	0.0000000000000000E+00	0.0000000000000000E+00	0.0000000000000000E+00	0.0000000000000000E+00	0.0000000000000000E+00	0.0000000000000000E+00	
-2.1452693827474323E-01	2.6328321463904047E-01	5.1102169091315108E-01	-8.5921906282839292E-04	-5.5420451949019922E-01	-6.5562643896307549E-01	1.1951793104512807E-02	1.1695270480947215E-02	3.7050899813193330E-04	-2.3147841583650806E+00	-2.1642552104626933E-01	0.0000000000000000E+00	0.0000000000000000E+00	0.0000000000000000E+00	0.0000000000000000E+00	0.0000000000000000E+00	0.0000000000000000E+00	0.0000000000000000E+00	0.0000000000000000E+00	0.0000000000000000E+00	0.0000000000000000E+00	
1.7643650909760694E-01	-2.1667287586824791E-01	-4.2397606606321758E-01	7.0939966452247859E-04	4.5319916362140705E-01	4.2955777563473713E-01	-2.8655010398730097E-03	-1.0504911158860717E-02	7.8770985447435809E-03	3.4944875456877678E-01	2.2125326066736450E-03	-8.2932622368739328E-04	0.0000000000000000E+00	0.0000000000000000E+00	0.0000000000000000E+00	0.0000000000000000E+00	0.0000000000000000E+00	0.0000000000000000E+00	0.0000000000000000E+00	0.0000000000000000E+00	0.0000000000000000E+00	
-1.2225267097198647E-01	1.5011228175461619E-01	2.9323077746941839E-01	-4.9113992465376634E-04	-3.1440355605020337E-01	-3.1374503899011563E-01	3.0082913285604325E-03	7.1486909477412553E-03	-4.2564176542507640E-03	-4.7040831776256226E-01	-2.7349628697615591E-02	7.9997560368877244E-04	-1.6128756659615892E-01	0.0000000000000000E+00	0.0000000000000000E+00	0.0000000000000000E+00	0.0000000000000000E+00	0.0000000000000000E+00	0.0000000000000000E+00	0.0000000000000000E+00	0.0000000000000000E+00	
4.1137847871491173E-01	-5.0522526996103223E-01	-9.8939871937096746E-01	1.6546700660204612E-03	1.0560712387233004E+00	9.7604293808529685E-01	-5.0609865359081468E-03	-2.4699370390071369E-02	2.0269684767617986E-02	4.5316112256700491E-01	-3.5737338339747717E-02	-1.5766971798059249E-03	3.5994268989567468E-01	-2.7171562130132026E-02	0.0000000000000000E+00	0.0000000000000000E+00	0.0000000000000000E+00	0.0000000000000000E+00	0.0000000000000000E+00	0.0000000000000000E+00	0.0000000000000000E+00	
-1.6859348303416977E-01	2.0710833537550366E-01	4.0693539913079957E-01	-6.7920641431913305E-04	-4.3177884635221697E-01	-3.5677644613726989E-01	-6.7139042244085574E-04	1.0471806694614939E-02	-1.1532583485826937E-02	4.2705243080918748E-01	8.3946532756849240E-02	4.1291645436564812E-05	-4.8371400671329390E-02	6.8570783587494008E-03	2.1718410821873452E-02	0.0000000000000000E+00	0.0000000000000000E+00	0.0000000000000000E+00	0.0000000000000000E+00	0.0000000000000000E+00	0.0000000000000000E+00	
-1.6929083095028874E-01	2.0797080169269952E-01	4.0877502067926458E-01	-6.8213196326403396E-04	-4.3345441113885541E-01	-3.5360231581995022E-01	-9.6946981719765409E-04	1.0552698425168656E-02	-1.1927219092498194E-02	4.9472720232732065E-01	9.1747587997957139E-02	-2.3597284749178580E-05	-3.7907905535538022E-02	6.4252505645555329E-03	2.0904644577138691E-02	8.4906264449944577E-02	0.0000000000000000E+00	0.0000000000000000E+00	0.0000000000000000E+00	0.0000000000000000E+00	0.0000000000000000E+00	
-9.5067757806540809E-02	1.1677396565888104E-01	2.2914714982537998E-01	-3.8275937707135384E-04	-2.4369955069099636E-01	-2.1065331142668930E-01	2.2292831604698573E-04	5.8283772530621260E-03	-5.7963919615083848E-03	1.0655728258180019E-01	3.2153299794276724E-02	1.5580743923163370E-04	-4.8997223283736249E-02	4.8040072040080404E-03	1.4087329922460139E-02	5.9330259798897611E-02	1.0117788591124375E+00	0.0000000000000000E+00	0.0000000000000000E+00	0.0000000000000000E+00	0.0000000000000000E+00	
1.7728666973189275E-01	-2.1779495365057533E-01	-4.2811984990548435E-01	7.1437808266941872E-04	4.5390036817303209E-01	3.6917914582568356E-01	1.0866607208390650E-03	-1.1060202801052594E-02	1.2574443584145712E-02	-5.3402991252472831E-01	-9.7883223296499566E-02	4.0442686192373535E-05	3.7119990023667081E-02	-6.6174539654360789E-03	-2.1673517294508830E-02	-8.7832485010405248E-02	-1.2375609118901698E+00	3.4069869150145737E-01	0.0000000000000000E+00	0.0000000000000000E+00	0.0000000000000000E+00	
-6.3747579138305310E-02	7.8329161352886853E-02	1.5436800484495561E-01	-2.5718884863121282E-04	-1.6290885849269285E-01	-1.2004021901561157E-01	-1.1977162502809660E-03	4.0796445336180988E-03	-5.4695126823682281E-03	3.7213282611536708E-01	5.5565520970464903E-02	-1.9233284802765751E-04	1.5793313026071086E-02	1.1218838024811308E-03	5.3239270701584424E-03	1.9330614915913355E-02	9.6260335165105460E-02	-3.6672687640276758E-04	3.5883159681734841E-04	0.0000000000000000E+00	0.0000000000000000E+00	
-4.4144372094696800E-02	5.4241403599788476E-02	1.0688370493270551E-01	-1.7808944459719679E-04	-1.1282224880847186E-01	-8.3546525271602765E-02	-8.0271506676925935E-04	2.8217048850185116E-03	-3.7562125333143368E-03	2.5174069785738706E-01	3.7804764043397047E-02	-1.2730824018485231E-04	9.9729456429068584E-03	8.1847964269382524E-04	3.7684131474218182E-03	1.3791376550728388E-02	7.8192097385587578E-02	-4.2932600186588506E-03	2.2320515889005910E-04	3.4008731106601153E-01	0.0000000000000000E+00	

b
-7.6324923524872634E-02	
9.3769589624018490E-02	
1.8445182471986898E-01	
-3.0765509567111556E-04	
-1.9531376189432414E-01	
-1.5480740602473508E-01	
-7.3014449698621808E-04	
4.7949855354057491E-03	
-5.7216946434222454E-03	
2.8845569375441915E-01	
4.8761666181506125E-02	
-7.5204151219722230E-05	
-6.5082802254307071E-03	
2.4401367637185666E-03	
8.5281454166652032E-03	
3.3830851277374507E-02	
4.1943116419652560E-01	
-1.0697375754252826E-01	
-2.3714673321037754E-04	
-9.5127717664880151E-01	
1.4138130935117024E+00	

c
0.0000000000000000E+00	
7.8763035123221414E-02	
6.1411685223982659E-03	
2.8013485578175419E+00	
3.3148690842429501E-03	
6.3477662367048415E-01	
2.5375000458181001E+00	
-4.8006083417240095E+00	
-4.5671379431410886E+00	
3.6962227024765079E-02	
9.1199828049787202E-01	
-3.1581043170664129E+00	
7.6459255338458110E-01	
-9.5989431954352178E-01	
1.6896508789121623E+00	
1.4572792907544141E-01	
3.1815158911170782E-01	
9.7624227235993954E-01	
-1.2499717200092806E+00	
4.4848392924151875E-01	
6.5067537243424067E-01	

alpha
0.0000000000000000E+00	0.0000000000000000E+00	0.0000000000000000E+00	0.0000000000000000E+00	0.0000000000000000E+00	0.0000000000000000E+00	0.0000000000000000E+00	0.0000000000000000E+00	0.0000000000000000E+00	0.0000000000000000E+00	0.0000000000000000E+00	0.0000000000000000E+00	0.0000000000000000E+00	0.0000000000000000E+00	0.0000000000000000E+00	0.0000000000000000E+00	0.0000000000000000E+00	0.0000000000000000E+00	0.0000000000000000E+00	0.0000000000000000E+00	0.0000000000000000E+00	0.0000000000000000E+00	
0.0000000000000000E+00	0.0000000000000000E+00	0.0000000000000000E+00	0.0000000000000000E+00	0.0000000000000000E+00	0.0000000000000000E+00	0.0000000000000000E+00	0.0000000000000000E+00	0.0000000000000000E+00	0.0000000000000000E+00	0.0000000000000000E+00	0.0000000000000000E+00	0.0000000000000000E+00	0.0000000000000000E+00	0.0000000000000000E+00	0.0000000000000000E+00	0.0000000000000000E+00	0.0000000000000000E+00	0.0000000000000000E+00	0.0000000000000000E+00	0.0000000000000000E+00	0.0000000000000000E+00	
0.0000000000000000E+00	-0.0000000000000000E+00	0.0000000000000000E+00	0.0000000000000000E+00	0.0000000000000000E+00	0.0000000000000000E+00	0.0000000000000000E+00	0.0000000000000000E+00	0.0000000000000000E+00	0.0000000000000000E+00	0.0000000000000000E+00	0.0000000000000000E+00	0.0000000000000000E+00	0.0000000000000000E+00	0.0000000000000000E+00	0.0000000000000000E+00	0.0000000000000000E+00	0.0000000000000000E+00	0.0000000000000000E+00	0.0000000000000000E+00	0.0000000000000000E+00	0.0000000000000000E+00	
0.0000000000000000E+00	-0.0000000000000000E+00	0.0000000000000000E+00	0.0000000000000000E+00	0.0000000000000000E+00	0.0000000000000000E+00	0.0000000000000000E+00	0.0000000000000000E+00	0.0000000000000000E+00	0.0000000000000000E+00	0.0000000000000000E+00	0.0000000000000000E+00	0.0000000000000000E+00	0.0000000000000000E+00	0.0000000000000000E+00	0.0000000000000000E+00	0.0000000000000000E+00	0.0000000000000000E+00	0.0000000000000000E+00	0.0000000000000000E+00	0.0000000000000000E+00	0.0000000000000000E+00	
0.0000000000000000E+00	-0.0000000000000000E+00	0.0000000000000000E+00	0.0000000000000000E+00	0.0000000000000000E+00	0.0000000000000000E+00	0.0000000000000000E+00	0.0000000000000000E+00	0.0000000000000000E+00	0.0000000000000000E+00	0.0000000000000000E+00	0.0000000000000000E+00	0.0000000000000000E+00	0.0000000000000000E+00	0.0000000000000000E+00	0.0000000000000000E+00	0.0000000000000000E+00	0.0000000000000000E+00	0.0000000000000000E+00	0.0000000000000000E+00	0.0000000000000000E+00	0.0000000000000000E+00	
-0.0000000000000000E+00	0.0000000000000000E+00	0.0000000000000000E+00	-0.0000000000000000E+00	-0.0000000000000000E+00	0.0000000000000000E+00	0.0000000000000000E+00	0.0000000000000000E+00	0.0000000000000000E+00	0.0000000000000000E+00	0.0000000000000000E+00	0.0000000000000000E+00	0.0000000000000000E+00	0.0000000000000000E+00	0.0000000000000000E+00	0.0000000000000000E+00	0.0000000000000000E+00	0.0000000000000000E+00	0.0000000000000000E+00	0.0000000000000000E+00	0.0000000000000000E+00	0.0000000000000000E+00	
0.0000000000000000E+00	-0.0000000000000000E+00	-0.0000000000000000E+00	0.0000000000000000E+00	0.0000000000000000E+00	0.0000000000000000E+00	0.0000000000000000E+00	0.0000000000000000E+00	0.0000000000000000E+00	0.0000000000000000E+00	0.0000000000000000E+00	0.0000000000000000E+00	0.0000000000000000E+00	0.0000000000000000E+00	0.0000000000000000E+00	0.0000000000000000E+00	0.0000000000000000E+00	0.0000000000000000E+00	0.0000000000000000E+00	0.0000000000000000E+00	0.0000000000000000E+00	0.0000000000000000E+00	
-0.0000000000000000E+00	0.0000000000000000E+00	0.0000000000000000E+00	-0.0000000000000000E+00	-0.0000000000000000E+00	-0.0000000000000000E+00	0.0000000000000000E+00	0.0000000000000000E+00	0.0000000000000000E+00	0.0000000000000000E+00	0.0000000000000000E+00	0.0000000000000000E+00	0.0000000000000000E+00	0.0000000000000000E+00	0.0000000000000000E+00	0.0000000000000000E+00	0.0000000000000000E+00	0.0000000000000000E+00	0.0000000000000000E+00	0.0000000000000000E+00	0.0000000000000000E+00	0.0000000000000000E+00	
-0.0000000000000000E+00	0.0000000000000000E+00	0.0000000000000000E+00	-0.0000000000000000E+00	-0.0000000000000000E+00	-0.0000000000000000E+00	0.0000000000000000E+00	0.0000000000000000E+00	0.0000000000000000E+00	0.0000000000000000E+00	0.0000000000000000E+00	0.0000000000000000E+00	0.0000000000000000E+00	0.0000000000000000E+00	0.0000000000000000E+00	0.0000000000000000E+00	0.0000000000000000E+00	0.0000000000000000E+00	0.0000000000000000E+00	0.0000000000000000E+00	0.0000000000000000E+00	0.0000000000000000E+00	
0.0000000000000000E+00	-0.0000000000000000E+00	-0.0000000000000000E+00	0.0000000000000000E+00	0.0000000000000000E+00	0.0000000000000000E+00	0.0000000000000000E+00	-0.0000000000000000E+00	0.0000000000000000E+00	0.0000000000000000E+00	0.0000000000000000E+00	0.0000000000000000E+00	0.0000000000000000E+00	0.0000000000000000E+00	0.0000000000000000E+00	0.0000000000000000E+00	0.0000000000000000E+00	0.0000000000000000E+00	0.0000000000000000E+00	0.0000000000000000E+00	0.0000000000000000E+00	0.0000000000000000E+00	
0.0000000000000000E+00	-0.0000000000000000E+00	-0.0000000000000000E+00	0.0000000000000000E+00	0.0000000000000000E+00	0.0000000000000000E+00	-0.0000000000000000E+00	-0.0000000000000000E+00	0.0000000000000000E+00	0.0000000000000000E+00	0.0000000000000000E+00	0.0000000000000000E+00	0.0000000000000000E+00	0.0000000000000000E+00	0.0000000000000000E+00	0.0000000000000000E+00	0.0000000000000000E+00	0.0000000000000000E+00	0.0000000000000000E+00	0.0000000000000000E+00	0.0000000000000000E+00	0.0000000000000000E+00	
-0.0000000000000000E+00	0.0000000000000000E+00	0.0000000000000000E+00	-0.0000000000000000E+00	-0.0000000000000000E+00	-0.0000000000000000E+00	0.0000000000000000E+00	0.0000000000000000E+00	0.0000000000000000E+00	-0.0000000000000000E+00	-0.0000000000000000E+00	0.0000000000000000E+00	0.0000000000000000E+00	0.0000000000000000E+00	0.0000000000000000E+00	0.0000000000000000E+00	0.0000000000000000E+00	0.0000000000000000E+00	0.0000000000000000E+00	0.0000000000000000E+00	0.0000000000000000E+00	0.0000000000000000E+00	
0.0000000000000000E+00	-0.0000000000000000E+00	-0.0000000000000000E+00	0.0000000000000000E+00	0.0000000000000000E+00	0.0000000000000000E+00	-0.0000000000000000E+00	-0.0000000000000000E+00	0.0000000000000000E+00	0.0000000000000000E+00	0.0000000000000000E+00	-0.0000000000000000E+00	0.0000000000000000E+00	0.0000000000000000E+00	0.0000000000000000E+00	0.0000000000000000E+00	0.0000000000000000E+00	0.0000000000000000E+00	0.0000000000000000E+00	0.0000000000000000E+00	0.0000000000000000E+00	0.0000000000000000E+00	
-0.0000000000000000E+00	0.0000000000000000E+00	0.0000000000000000E+00	-0.0000000000000000E+00	-0.0000000000000000E+00	-0.0000000000000000E+00	0.0000000000000000E+00	0.0000000000000000E+00	-0.0000000000000000E+00	-0.0000000000000000E+00	-0.0000000000000000E+00	0.0000000000000000E+00	-0.0000000000000000E+00	0.0000000000000000E+00	0.0000000000000000E+00	0.0000000000000000E+00	0.0000000000000000E+00	0.0000000000000000E+00	0.0000000000000000E+00	0.0000000000000000E+00	0.0000000000000000E+00	0.0000000000000000E+00	
0.0000000000000000E+00	-0.0000000000000000E+00	-0.0000000000000000E+00	0.0000000000000000E+00	0.0000000000000000E+00	0.0000000000000000E+00	-0.0000000000000000E+00	-0.0000000000000000E+00	0.0000000000000000E+00	0.0000000000000000E+00	-0.0000000000000000E+00	-0.0000000000000000E+00	0.0000000000000000E+00	-0.0000000000000000E+00	0.0000000000000000E+00	0.0000000000000000E+00	0.0000000000000000E+00	0.0000000000000000E+00	0.0000000000000000E+00	0.0000000000000000E+00	0.0000000000000000E+00	0.0000000000000000E+00	
-0.0000000000000000E+00	0.0000000000000000E+00	0.0000000000000000E+00	-0.0000000000000000E+00	-0.0000000000000000E+00	-0.0000000000000000E+00	-0.0000000000000000E+00	0.0000000000000000E+00	-0.0000000000000000E+00	0.0000000000000000E+00	0.0000000000000000E+00	0.0000000000000000E+00	-0.0000000000000000E+00	0.0000000000000000E+00	0.0000000000000000E+00	0.0000000000000000E+00	0.0000000000000000E+00	0.0000000000000000E+00	0.0000000000000000E+00	0.0000000000000000E+00	0.0000000000000000E+00	0.0000000000000000E+00	
-0.0000000000000000E+00	0.0000000000000000E+00	0.0000000000000000E+00	-0.0000000000000000E+00	-0.0000000000000000E+00	-0.0000000000000000E+00	-0.0000000000000000E+00	0.0000000000000000E+00	-0.0000000000000000E+00	0.0000000000000000E+00	0.0000000000000000E+00	-0.0000000000000000E+00	-0.0000000000000000E+00	0.0000000000000000E+00	0.0000000000000000E+00	0.0000000000000000E+00	0.0000000000000000E+00	0.0000000000000000E+00	0.0000000000000000E+00	0.0000000000000000E+00	0.0000000000000000E+00	0.0000000000000000E+00	
-0.0000000000000000E+00	0.0000000000000000E+00	0.0000000000000000E+00	-0.0000000000000000E+00	-0.0000000000000000E+00	-0.0000000000000000E+00	0.0000000000000000E+00	0.0000000000000000E+00	-0.0000000000000000E+00	0.0000000000000000E+00	0.0000000000000000E+00	0.0000000000000000E+00	-0.0000000000000000E+00	0.0000000000000000E+00	0.0000000000000000E+00	0.0000000000000000E+00	0.0000000000000000E+00	0.0000000000000000E+00	0.0000000000000000E+00	0.0000000000000000E+00	0.0000000000000000E+00	0.0000000000000000E+00	
0.0000000000000000E+00	-0.0000000000000000E+00	-0.0000000000000000E+00	0.0000000000000000E+00	0.0000000000000000E+00	0.0000000000000000E+00	0.0000000000000000E+00	-0.0000000000000000E+00	0.0000000000000000E+00	-0.0000000000000000E+00	-0.0000000000000000E+00	0.0000000000000000E+00	0.0000000000000000E+00	-0.0000000000000000E+00	-0.0000000000000000E+00	-0.0000000000000000E+00	-0.0000000000000000E+00	0.0000000000000000E+00	0.0000000000000000E+00	0.0000000000000000E+00	0.0000000000000000E+00	0.0000000000000000E+00	
-0.0000000000000000E+00	0.0000000000000000E+00	0.0000000000000000E+00	-0.0000000000000000E+00	-0.0000000000000000E+00	-0.0000000000000000E+00	-0.0000000000000000E+00	0.0000000000000000E+00	-0.0000000000000000E+00	0.0000000000000000E+00	0.0000000000000000E+00	-0.0000000000000000E+00	0.0000000000000000E+00	0.0000000000000000E+00	0.0000000000000000E+00	0.0000000000000000E+00	0.0000000000000000E+00	-0.0000000000000000E+00	0.0000000000000000E+00	0.0000000000000000E+00	0.0000000000000000E+00	0.0000000000000000E+00	
-0.0000000000000000E+00	0.0000000000000000E+00	0.0000000000000000E+00	-0.0000000000000000E+00	-0.0000000000000000E+00	-0.0000000000000000E+00	-0.0000000000000000E+00	0.0000000000000000E+00	-0.0000000000000000E+00	0.0000000000000000E+00	0.0000000000000000E+00	-0.0000000000000000E+00	0.0000000000000000E+00	0.0000000000000000E+00	0.0000000000000000E+00	0.0000000000000000E+00	0.0000000000000000E+00	-0.0000000000000000E+00	0.0000000000000000E+00	0.0000000000000000E+00	0.0000000000000000E+00	0.0000000000000000E+00	
-0.0000000000000000E+00	0.0000000000000000E+00	0.0000000000000000E+00	-0.0000000000000000E+00	-0.0000000000000000E+00	-0.0000000000000000E+00	-0.0000000000000000E+00	0.0000000000000000E+00	-0.0000000000000000E+00	0.0000000000000000E+00	0.0000000000000000E+00	-0.0000000000000000E+00	-0.0000000000000000E+00	0.0000000000000000E+00	0.0000000000000000E+00	0.0000000000000000E+00	0.0000000000000000E+00	-0.0000000000000000E+00	-0.0000000000000000E+00	-0.0000000000000000E+00	0.0000000000000000E+00	0.0000000000000000E+00	

beta
0.0000000000000000E+00	0.0000000000000000E+00	0.0000000000000000E+00	0.0000000000000000E+00	0.0000000000000000E+00	0.0000000000000000E+00	0.0000000000000000E+00	0.0000000000000000E+00	0.0000000000000000E+00	0.0000000000000000E+00	0.0000000000000000E+00	0.0000000000000000E+00	0.0000000000000000E+00	0.0000000000000000E+00	0.0000000000000000E+00	0.0000000000000000E+00	0.0000000000000000E+00	0.0000000000000000E+00	0.0000000000000000E+00	0.0000000000000000E+00	0.0000000000000000E+00	0.0000000000000000E+00	
7.8763035123221414E-02	0.0000000000000000E+00	0.0000000000000000E+00	0.0000000000000000E+00	0.0000000000000000E+00	0.0000000000000000E+00	0.0000000000000000E+00	0.0000000000000000E+00	0.0000000000000000E+00	0.0000000000000000E+00	0.0000000000000000E+00	0.0000000000000000E+00	0.0000000000000000E+00	0.0000000000000000E+00	0.0000000000000000E+00	0.0000000000000000E+00	0.0000000000000000E+00	0.0000000000000000E+00	0.0000000000000000E+00	0.0000000000000000E+00	0.0000000000000000E+00	0.0000000000000000E+00	
1.4278098615992829E-01	-1.3663981763753003E-01	0.0000000000000000E+00	0.0000000000000000E+00	0.0000000000000000E+00	0.0000000000000000E+00	0.0000000000000000E+00	0.0000000000000000E+00	0.0000000000000000E+00	0.0000000000000000E+00	0.0000000000000000E+00	0.0000000000000000E+00	0.0000000000000000E+00	0.0000000000000000E+00	0.0000000000000000E+00	0.0000000000000000E+00	0.0000000000000000E+00	0.0000000000000000E+00	0.0000000000000000E+00	0.0000000000000000E+00	0.0000000000000000E+00	0.0000000000000000E+00	
2.6631946413626684E-01	-2.0162626954367216E-01	2.7366553632249473E+00	0.0000000000000000E+00	0.0000000000000000E+00	0.0000000000000000E+00	0.0000000000000000E+00	0.0000000000000000E+00	0.0000000000000000E+00	0.0000000000000000E+00	0.0000000000000000E+00	0.0000000000000000E+00	0.0000000000000000E+00	0.0000000000000000E+00	0.0000000000000000E+00	0.0000000000000000E+00	0.0000000000000000E+00	0.0000000000000000E+00	0.0000000000000000E+00	0.0000000000000000E+00	0.0000000000000000E+00	0.0000000000000000E+00	
2.8381336057960949E-01	-3.2169564097608339E-01	4.0592644514623633E-02	6.0450496609321699E-04	0.0000000000000000E+00	0.0000000000000000E+00	0.0000000000000000E+00	0.0000000000000000E+00	0.0000000000000000E+00	0.0000000000000000E+00	0.0000000000000000E+00	0.0000000000000000E+00	0.0000000000000000E+00	0.0000000000000000E+00	0.0000000000000000E+00	0.0000000000000000E+00	0.0000000000000000E+00	0.0000000000000000E+00	0.0000000000000000E+00	0.0000000000000000E+00	0.0000000000000000E+00	0.0000000000000000E+00	
-2.8754958243135986E-01	3.6630231891409371E-01	1.0457176661098582E+00	-1.4195940401381401E-03	-4.8827418488196966E-01	0.0000000000000000E+00	0.0000000000000000E+00	0.0000000000000000E+00	0.0000000000000000E+00	0.0000000000000000E+00	0.0000000000000000E+00	0.0000000000000000E+00	0.0000000000000000E+00	0.0000000000000000E+00	0.0000000000000000E+00	0.0000000000000000E+00	0.0000000000000000E+00	0.0000000000000000E+00	0.0000000000000000E+00	0.0000000000000000E+00	0.0000000000000000E+00	0.0000000000000000E+00	
3.9155682361377320E-01	-4.7895432879408056E-01	-8.8983813995904237E-01	1.5364084028189231E-03	1.0418025138610612E+00	2.4713967686935701E+00	0.0000000000000000E+00	0.0000000000000000E+00	0.0000000000000000E+00	0.0000000000000000E+00	0.0000000000000000E+00	0.0000000000000000E+00	0.0000000000000000E+00	0.0000000000000000E+00	0.0000000000000000E+00	0.0000000000000000E+00	0.0000000000000000E+00	0.0000000000000000E+00	0.0000000000000000E+00	0.0000000000000000E+00	0.0000000000000000E+00	0.0000000000000000E+00	
-9.8341834184985633E-01	1.2045729581528675E+00	2.2793163020023743E+00	-3.8917802828893106E-03	-2.5851923452667505E+00	-4.8862262622536932E+00	1.7423112777393815E-01	0.0000000000000000E+00	0.0000000000000000E+00	0.0000000000000000E+00	0.0000000000000000E+00	0.0000000000000000E+00	0.0000000000000000E+00	0.0000000000000000E+00	0.0000000000000000E+00	0.0000000000000000E+00	0.0000000000000000E+00	0.0000000000000000E+00	0.0000000000000000E+00	0.0000000000000000E+00	0.0000000000000000E+00	0.0000000000000000E+00	
-6.3180072098590323E-01	7.7200427380168124E-01	1.4137965210740584E+00	-2.4627418292359248E-03	-1.6965447309654320E+00	-4.6420434982512742E+00	2.0737948564179931E-01	1.2533468373217818E-02	0.0000000000000000E+00	0.0000000000000000E+00	0.0000000000000000E+00	0.0000000000000000E+00	0.0000000000000000E+00	0.0000000000000000E+00	0.0000000000000000E+00	0.0000000000000000E+00	0.0000000000000000E+00	0.0000000000000000E+00	0.0000000000000000E+00	0.0000000000000000E+00	0.0000000000000000E+00	0.0000000000000000E+00	
2.7243316340063627E-02	-3.3492393966158870E-02	-6.6441064819373827E-02	1.1026186634559835E-04	6.9289451560064663E-02	3.7330113610061222E-02	1.3990994269321745E-03	-1.8563888196595417E-03	3.3798318264900338E-03	0.0000000000000000E+00	0.0000000000000000E+00	0.0000000000000000E+00	0.0000000000000000E+00	0.0000000000000000E+00	0.0000000000000000E+00	0.0000000000000000E+00	0.0000000000000000E+00	0.0000000000000000E+00	0.0000000000000000E+00	0.0000000000000000E+00	0.0000000000000000E+00	0.0000000000000000E+00	
1.1612275405786200E-01	-1.4257066359159415E-01	-2.7812983620365606E-01	4.6621796363839900E-04	2.9891975490561640E-01	3.0984253006029744E-01	-3.6086924469630769E-03	-6.6946495749885138E-03	3.1604051913838686E-03	6.1449046013627573E-01	0.0000000000000000E+00	0.0000000000000000E+00	0.0000000000000000E+00	0.0000000000000000E+00	0.0000000000000000E+00	0.0000000000000000E+00	0.0000000000000000E+00	0.0000000000000000E+00	0.0000000000000000E+00	0.0000000000000000E+00	0.0000000000000000E+00	0.0000000000000000E+00	
-2.1452693827474323E-01	2.6328321463904047E-01	5.1102169091315108E-01	-8.5921906282839292E-04	-5.5420451949019922E-01	-6.5562643896307549E-01	1.1951793104512807E-02	1.1695270480947215E-02	3.7050899813193330E-04	-2.3147841583650806E+00	-2.1642552104626933E-01	0.0000000000000000E+00	0.0000000000000000E+00	0.0000000000000000E+00	0.0000000000000000E+00	0.0000000000000000E+00	0.0000000000000000E+00	0.0000000000000000E+00	0.0000000000000000E+00	0.0000000000000000E+00	0.0000000000000000E+00	0.0000000000000000E+00	
1.7643650909760694E-01	-2.1667287586824791E-01	-4.2397606606321758E-01	7.0939966452247859E-04	4.5319916362140705E-01	4.2955777563473713E-01	-2.8655010398730097E-03	-1.0504911158860717E-02	7.8770985447435809E-03	3.4944875456877678E-01	2.2125326066736450E-03	-8.2932622368739328E-04	0.0000000000000000E+00	0.0000000000000000E+00	0.0000000000000000E+00	0.0000000000000000E+00	0.0000000000000000E+00	0.0000000000000000E+00	0.0000000000000000E+00	0.0000000000000000E+00	0.0000000000000000E+00	0.0000000000000000E+00	
-1.2225267097198647E-01	1.5011228175461619E-01	2.9323077746941839E-01	-4.9113992465376634E-04	-3.1440355605020337E-01	-3.1374503899011563E-01	3.0082913285604325E-03	7.1486909477412553E-03	-4.2564176542507640E-03	-4.7040831776256226E-01	-2.7349628697615591E-02	7.9997560368877244E-04	-1.6128756659615892E-01	0.0000000000000000E+00	0.0000000000000000E+00	0.0000000000000000E+00	0.0000000000000000E+00	0.0000000000000000E+00	0.0000000000000000E+00	0.0000000000000000E+00	0.0000000000000000E+00	0.0000000000000000E+00	
4.1137847871491173E-01	-5.0522526996103223E-01	-9.8939871937096746E-01	1.6546700660204612E-03	1.0560712387233004E+00	9.7604293808529685E-01	-5.0609865359081468E-03	-2.4699370390071369E-02	2.0269684767617986E-02	4.5316112256700491E-01	-3.5737338339747717E-02	-1.5766971798059249E-03	3.5994268989567468E-01	-2.7171562130132026E-02	0.0000000000000000E+00	0.0000000000000000E+00	0.0000000000000000E+00	0.0000000000000000E+00	0.0000000000000000E+00	0.0000000000000000E+00	0.0000000000000000E+00	0.0000000000000000E+00	
-1.6859348303416977E-01	2.0710833537550366E-01	4.0693539913079957E-01	-6.7920641431913305E-04	-4.3177884635221697E-01	-3.5677644613726989E-01	-6.7139042244085574E-04	1.0471806694614939E-02	-1.1532583485826937E-02	4.2705243080918748E-01	8.3946532756849240E-02	4.1291645436564812E-05	-4.8371400671329390E-02	6.8570783587494008E-03	2.1718410821873452E-02	0.0000000000000000E+00	0.0000000000000000E+00	0.0000000000000000E+00	0.0000000000000000E+00	0.0000000000000000E+00	0.0000000000000000E+00	0.0000000000000000E+00	
-1.6929083095028874E-01	2.0797080169269952E-01	4.0877502067926458E-01	-6.8213196326403396E-04	-4.3345441113885541E-01	-3.5360231581995022E-01	-9.6946981719765409E-04	1.0552698425168656E-02	-1.1927219092498194E-02	4.9472720232732065E-01	9.1747587997957139E-02	-2.3597284749178580E-05	-3.7907905535538022E-02	6.4252505645555329E-03	2.0904644577138691E-02	8.4906264449944577E-02	0.0000000000000000E+00	0.0000000000000000E+00	0.0000000000000000E+00	0.0000000000000000E+00	0.0000000000000000E+00	0.0000000000000000E+00	
-9.5067757806540809E-02	1.1677396565888104E-01	2.2914714982537998E-01	-3.8275937707135384E-04	-2.4369955069099636E-01	-2.1065331142668930E-01	2.2292831604698573E-04	5.8283772530621260E-03	-5.7963919615083848E-03	1.0655728258180019E-01	3.2153299794276724E-02	1.5580743923163370E-04	-4.8997223283736249E-02	4.8040072040080404E-03	1.4087329922460139E-02	5.9330259798897611E-02	1.0117788591124375E+00	0.0000000000000000E+00	0.0000000000000000E+00	0.0000000000000000E+00	0.0000000000000000E+00	0.0000000000000000E+00	
1.7728666973189275E-01	-2.1779495365057533E-01	-4.2811984990548435E-01	7.1437808266941872E-04	4.5390036817303209E-01	3.6917914582568356E-01	1.0866607208390650E-03	-1.1060202801052594E-02	1.2574443584145712E-02	-5.3402991252472831E-01	-9.7883223296499566E-02	4.0442686192373535E-05	3.7119990023667081E-02	-6.6174539654360789E-03	-2.1673517294508830E-02	-8.7832485010405248E-02	-1.2375609118901698E+00	3.4069869150145737E-01	0.0000000000000000E+00	0.0000000000000000E+00	0.0000000000000000E+00	0.0000000000000000E+00	
-6.3747579138305310E-02	7.8329161352886853E-02	1.5436800484495561E-01	-2.5718884863121282E-04	-1.6290885849269285E-01	-1.2004021901561157E-01	-1.1977162502809660E-03	4.0796445336180988E-03	-5.4695126823682281E-03	3.7213282611536708E-01	5.5565520970464903E-02	-1.9233284802765751E-04	1.5793313026071086E-02	1.1218838024811308E-03	5.3239270701584424E-03	1.9330614915913355E-02	9.6260335165105460E-02	-3.6672687640276758E-04	3.5883159681734841E-04	0.0000000000000000E+00	0.0000000000000000E+00	0.0000000000000000E+00	
-4.4144372094696800E-02	5.4241403599788476E-02	1.0688370493270551E-01	-1.7808944459719679E-04	-1.1282224880847186E-01	-8.3546525271602765E-02	-8.0271506676925935E-04	2.8217048850185116E-03	-3.7562125333143368E-03	2.5174069785738706E-01	3.7804764043397047E-02	-1.2730824018485231E-04	9.9729456429068584E-03	8.1847964269382524E-04	3.7684131474218182E-03	1.3791376550728388E-02	7.8192097385587578E-02	-4.2932600186588506E-03	2.2320515889005910E-04	3.4008731106601153E-01	0.0000000000000000E+00	0.0000000000000000E+00	
-7.6324923524872634E-02	9.3769589624018490E-02	1.8445182471986898E-01	-3.0765509567111556E-04	-1.9531376189432414E-01	-1.5480740602473508E-01	-7.3014449698621808E-04	4.7949855354057491E-03	-5.7216946434222454E-03	2.8845569375441915E-01	4.8761666181506125E-02	-7.5204151219722230E-05	-6.5082802254307071E-03	2.4401367637185666E-03	8.5281454166652032E-03	3.3830851277374507E-02	4.1943116419652560E-01	-1.0697375754252826E-01	-2.3714673321037754E-04	-9.5127717664880151E-01	1.4138130935117024E+00	0.0000000000000000E+00	

gamma1
0.0000000000000000E+00	0.0000000000000000E+00	1.3270681977018259E+00	3.9162117047248004E+00	-4.2072708285753091E-01	-3.9410830596367674E-01	2.5104086219439548E-01	-1.6953400740971218E+00	3.2627864039870080E-01	1.6618633532263775E-02	-1.7209807361133713E+00	-4.8158110425593756E+00	-2.8856903007738355E-01	-8.9869261844260706E-01	-2.6078822592168649E+00	-2.9551556014528613E-01	9.5377434338469258E-01	8.3534576094419544E-01	-1.1183970221448551E+00	3.1810383145615950E-01	5.8504392064897892E-01	-2.7971557470550730E+00	

gamma2
0.0000000000000000E+00	1.0000000000000000E+00	-8.1279182469991840E-01	-1.1819158627006925E+00	1.1295360666107861E+00	1.0812702883440048E+00	1.3660544653944247E+00	-6.1644000936984555E-01	1.0390834759492957E+00	2.2168224996898075E-01	5.3241907882552031E-01	7.2806284847137503E-01	3.6803237702935954E-01	1.5404885830843024E-01	5.8781724906290023E-01	-4.1138648057941307E-01	-6.1363805276868320E-02	1.6787459468959026E-01	2.2095708329703351E-01	-1.9789579937453153E-01	-7.3978587590571195E-03	-2.1580776850147187E-01	

gamma3
0.0000000000000000E+00	0.0000000000000000E+00	0.0000000000000000E+00	0.0000000000000000E+00	-1.8018048406120433E+00	2.6352681417158746E-01	1.7052892033207421E+00	2.5455617177349175E+00	6.2214276719906231E-02	1.0176531516442469E+00	1.4723364453618010E-01	1.2474964161073652E+00	-1.2990386876767497E+00	8.8150324361029131E-01	-6.4969266140427195E-01	4.2320448030510986E+00	4.7549163879174089E-01	-8.7312801202027113E-01	8.5722121044454547E-01	2.1306233278875872E+00	4.3212400342251656E-01	4.2979724704260320E+00	

delta
1.0000000000000000E+00	-5.9759905579441697E-01	2.0649588711210511E+00	3.8560966367273786E-01	-1.8073645974266008E+00	-1.7456721847011378E+00	4.5709417665120139E-01	8.3147934088186115E-01	-7.4310490320953337E-01	4.9886611669089262E+00	1.4405532862403558E+00	7.5630835880059133E-01	-4.2789320164517436E-01	6.3999389175387256E-01	-1.0489708778767720E-01	-1.4270134602916412E-01	-8.1353654080470117E-01	-4.7410354420095124E-01	1.6128701516509216E+00	-4.9999952073856360E+00	0.0000000000000000E+00	

r
0.0000000000000000E+00	

errcoeff
2.6704072839838684E-02	

v
1.0000000000000000E+00	
1.0000000000000000E+00	
1.0000000000000000E+00	
1.0000000000000000E+00	
1.0000000000000000E+00	
1.0000000000000000E+00	
1.0000000000000000E+00	
1.0000000000000000E+00	
1.0000000000000000E+00	
1.0000000000000000E+00	
1.0000000000000000E+00	
1.0000000000000000E+00	
1.0000000000000000E+00	
1.0000000000000000E+00	
1.0000000000000000E+00	
1.0000000000000000E+00	
1.0000000000000000E+00	
1.0000000000000000E+00	
1.0000000000000000E+00	
1.0000000000000000E+00	
1.0000000000000000E+00	
1.0000000000000000E+00	

==============================================================

