#stage		 order
14	 		5


A
0.0000000000000000E+00	0.0000000000000000E+00	0.0000000000000000E+00	0.0000000000000000E+00	0.0000000000000000E+00	0.0000000000000000E+00	0.0000000000000000E+00	0.0000000000000000E+00	0.0000000000000000E+00	0.0000000000000000E+00	0.0000000000000000E+00	0.0000000000000000E+00	0.0000000000000000E+00	0.0000000000000000E+00	
5.6524946105182168E-02	0.0000000000000000E+00	0.0000000000000000E+00	0.0000000000000000E+00	0.0000000000000000E+00	0.0000000000000000E+00	0.0000000000000000E+00	0.0000000000000000E+00	0.0000000000000000E+00	0.0000000000000000E+00	0.0000000000000000E+00	0.0000000000000000E+00	0.0000000000000000E+00	0.0000000000000000E+00	
-8.3246999130685076E-03	1.0200030265859533E-01	0.0000000000000000E+00	0.0000000000000000E+00	0.0000000000000000E+00	0.0000000000000000E+00	0.0000000000000000E+00	0.0000000000000000E+00	0.0000000000000000E+00	0.0000000000000000E+00	0.0000000000000000E+00	0.0000000000000000E+00	0.0000000000000000E+00	0.0000000000000000E+00	
-5.4687001533783603E-03	5.4831799977705639E-02	4.5024720542624536E-01	0.0000000000000000E+00	0.0000000000000000E+00	0.0000000000000000E+00	0.0000000000000000E+00	0.0000000000000000E+00	0.0000000000000000E+00	0.0000000000000000E+00	0.0000000000000000E+00	0.0000000000000000E+00	0.0000000000000000E+00	0.0000000000000000E+00	
-1.8645810867651651E-03	1.6988119672024710E-02	1.4248654143311093E-01	1.7733504497357624E-02	0.0000000000000000E+00	0.0000000000000000E+00	0.0000000000000000E+00	0.0000000000000000E+00	0.0000000000000000E+00	0.0000000000000000E+00	0.0000000000000000E+00	0.0000000000000000E+00	0.0000000000000000E+00	0.0000000000000000E+00	
-2.4477391122837856E-03	1.6682691439966445E-02	1.5075439646101030E-01	7.2574679805145759E-03	1.7302625131688243E-01	0.0000000000000000E+00	0.0000000000000000E+00	0.0000000000000000E+00	0.0000000000000000E+00	0.0000000000000000E+00	0.0000000000000000E+00	0.0000000000000000E+00	0.0000000000000000E+00	0.0000000000000000E+00	
-3.1574852183665365E-03	1.8669636583597118E-02	1.7605389846953318E-01	1.2335299660551878E-03	3.0670854546776594E-02	1.0883704365839605E-01	0.0000000000000000E+00	0.0000000000000000E+00	0.0000000000000000E+00	0.0000000000000000E+00	0.0000000000000000E+00	0.0000000000000000E+00	0.0000000000000000E+00	0.0000000000000000E+00	
-1.7327179379668014E-03	1.1491940499912298E-02	1.0466583101841621E-01	4.2320825788049561E-03	1.0103821814238714E-01	9.0348646217661782E-02	1.7959966284873266E-01	0.0000000000000000E+00	0.0000000000000000E+00	0.0000000000000000E+00	0.0000000000000000E+00	0.0000000000000000E+00	0.0000000000000000E+00	0.0000000000000000E+00	
-4.9715913768205375E-03	2.6641822433881072E-02	2.5941155620930212E-01	-5.9121039049821172E-03	-1.3774444921629514E-01	1.0371443885500264E-01	1.9169803175830147E-01	1.4820648444687323E-01	0.0000000000000000E+00	0.0000000000000000E+00	0.0000000000000000E+00	0.0000000000000000E+00	0.0000000000000000E+00	0.0000000000000000E+00	
-4.0812027197700707E-03	2.2680808108275489E-02	2.1818737972296903E-01	-2.5422466656969864E-03	-5.8336400211960460E-02	1.0504587135428714E-01	1.9878863914123962E-01	-1.4452755422378408E-02	1.9838040603741480E-01	0.0000000000000000E+00	0.0000000000000000E+00	0.0000000000000000E+00	0.0000000000000000E+00	0.0000000000000000E+00	
-4.2329171271389314E-03	2.3473567156378682E-02	2.2597283851599290E-01	-2.7804081203211990E-03	-6.3907612919995208E-02	1.0771344843046091E-01	2.0360350666306282E-01	-6.5288842452513899E-03	1.2978739664606376E-01	7.5350012874547068E-02	0.0000000000000000E+00	0.0000000000000000E+00	0.0000000000000000E+00	0.0000000000000000E+00	
-4.3956030459115997E-03	2.4365286250955152E-02	2.3459024632154121E-01	-2.9170769557297568E-03	-6.7069834682350074E-02	1.1159650275933433E-01	2.1089442933127092E-01	-5.0241668810060338E-03	1.1901267247196935E-01	-1.6566125972470053E-01	2.7379651924322285E-01	0.0000000000000000E+00	0.0000000000000000E+00	0.0000000000000000E+00	
-3.2528335538802395E-03	1.8043462338754257E-02	1.7368326702713549E-01	-2.1225738745499342E-03	-4.8777452607416782E-02	8.2894759364054521E-02	1.5671349874117266E-01	-5.8454583220500268E-03	1.0717309300538515E-01	1.7297194219076611E-01	-2.2574905129226991E-01	6.4644146494646804E-01	0.0000000000000000E+00	0.0000000000000000E+00	
-3.7996243001883752E-03	2.1075518791175134E-02	2.0287245837216342E-01	-2.4821974009444406E-03	-5.7043714334810043E-02	9.6804759071826202E-02	1.8300587959260686E-01	-6.6616278106141737E-03	1.2369423669564157E-01	1.7892585296945854E-01	-2.3018568701598316E-01	4.6376542738717019E-01	2.2954839254854444E-02	0.0000000000000000E+00	

b
-4.1669046934108122E-03	
2.3112054117016449E-02	
2.2247823004734588E-01	
-2.7240503933222086E-03	
-6.2603122410537157E-02	
1.0614560723381926E-01	
2.0066126729646355E-01	
-7.1925825550280247E-03	
1.3463648254932969E-01	
1.8052612653056549E-01	
-2.2968892464420326E-01	
3.1083421431836478E-01	
-4.1144842188172222E-02	
1.6912644479176864E-01	

c
0.0000000000000000E+00	
5.6524946105182168E-02	
9.3675602745526831E-02	
4.9961030525057265E-01	
1.7534358451572812E-01	
3.4527306808608993E-01	
3.3230747800599159E-01	
4.8964366336794829E-01	
5.8104418920526280E-01	
6.6367049934438016E-01	
6.8845094787379923E-01	
7.2918771508859581E-01	
1.0721741179635693E+00	
9.9292612127235613E-01	

alpha
0.0000000000000000E+00	0.0000000000000000E+00	0.0000000000000000E+00	0.0000000000000000E+00	0.0000000000000000E+00	0.0000000000000000E+00	0.0000000000000000E+00	0.0000000000000000E+00	0.0000000000000000E+00	0.0000000000000000E+00	0.0000000000000000E+00	0.0000000000000000E+00	0.0000000000000000E+00	0.0000000000000000E+00	0.0000000000000000E+00	
0.0000000000000000E+00	0.0000000000000000E+00	0.0000000000000000E+00	0.0000000000000000E+00	0.0000000000000000E+00	0.0000000000000000E+00	0.0000000000000000E+00	0.0000000000000000E+00	0.0000000000000000E+00	0.0000000000000000E+00	0.0000000000000000E+00	0.0000000000000000E+00	0.0000000000000000E+00	0.0000000000000000E+00	0.0000000000000000E+00	
-0.0000000000000000E+00	0.0000000000000000E+00	0.0000000000000000E+00	0.0000000000000000E+00	0.0000000000000000E+00	0.0000000000000000E+00	0.0000000000000000E+00	0.0000000000000000E+00	0.0000000000000000E+00	0.0000000000000000E+00	0.0000000000000000E+00	0.0000000000000000E+00	0.0000000000000000E+00	0.0000000000000000E+00	0.0000000000000000E+00	
-0.0000000000000000E+00	0.0000000000000000E+00	0.0000000000000000E+00	0.0000000000000000E+00	0.0000000000000000E+00	0.0000000000000000E+00	0.0000000000000000E+00	0.0000000000000000E+00	0.0000000000000000E+00	0.0000000000000000E+00	0.0000000000000000E+00	0.0000000000000000E+00	0.0000000000000000E+00	0.0000000000000000E+00	0.0000000000000000E+00	
-0.0000000000000000E+00	0.0000000000000000E+00	0.0000000000000000E+00	0.0000000000000000E+00	0.0000000000000000E+00	0.0000000000000000E+00	0.0000000000000000E+00	0.0000000000000000E+00	0.0000000000000000E+00	0.0000000000000000E+00	0.0000000000000000E+00	0.0000000000000000E+00	0.0000000000000000E+00	0.0000000000000000E+00	0.0000000000000000E+00	
-0.0000000000000000E+00	0.0000000000000000E+00	0.0000000000000000E+00	0.0000000000000000E+00	0.0000000000000000E+00	0.0000000000000000E+00	0.0000000000000000E+00	0.0000000000000000E+00	0.0000000000000000E+00	0.0000000000000000E+00	0.0000000000000000E+00	0.0000000000000000E+00	0.0000000000000000E+00	0.0000000000000000E+00	0.0000000000000000E+00	
-0.0000000000000000E+00	0.0000000000000000E+00	0.0000000000000000E+00	0.0000000000000000E+00	0.0000000000000000E+00	0.0000000000000000E+00	0.0000000000000000E+00	0.0000000000000000E+00	0.0000000000000000E+00	0.0000000000000000E+00	0.0000000000000000E+00	0.0000000000000000E+00	0.0000000000000000E+00	0.0000000000000000E+00	0.0000000000000000E+00	
-0.0000000000000000E+00	0.0000000000000000E+00	0.0000000000000000E+00	0.0000000000000000E+00	0.0000000000000000E+00	0.0000000000000000E+00	0.0000000000000000E+00	0.0000000000000000E+00	0.0000000000000000E+00	0.0000000000000000E+00	0.0000000000000000E+00	0.0000000000000000E+00	0.0000000000000000E+00	0.0000000000000000E+00	0.0000000000000000E+00	
-0.0000000000000000E+00	0.0000000000000000E+00	0.0000000000000000E+00	-0.0000000000000000E+00	-0.0000000000000000E+00	0.0000000000000000E+00	0.0000000000000000E+00	0.0000000000000000E+00	0.0000000000000000E+00	0.0000000000000000E+00	0.0000000000000000E+00	0.0000000000000000E+00	0.0000000000000000E+00	0.0000000000000000E+00	0.0000000000000000E+00	
-0.0000000000000000E+00	0.0000000000000000E+00	0.0000000000000000E+00	-0.0000000000000000E+00	-0.0000000000000000E+00	0.0000000000000000E+00	0.0000000000000000E+00	-0.0000000000000000E+00	0.0000000000000000E+00	0.0000000000000000E+00	0.0000000000000000E+00	0.0000000000000000E+00	0.0000000000000000E+00	0.0000000000000000E+00	0.0000000000000000E+00	
-0.0000000000000000E+00	0.0000000000000000E+00	0.0000000000000000E+00	-0.0000000000000000E+00	-0.0000000000000000E+00	0.0000000000000000E+00	0.0000000000000000E+00	-0.0000000000000000E+00	0.0000000000000000E+00	0.0000000000000000E+00	0.0000000000000000E+00	0.0000000000000000E+00	0.0000000000000000E+00	0.0000000000000000E+00	0.0000000000000000E+00	
-0.0000000000000000E+00	0.0000000000000000E+00	0.0000000000000000E+00	-0.0000000000000000E+00	-0.0000000000000000E+00	0.0000000000000000E+00	0.0000000000000000E+00	-0.0000000000000000E+00	0.0000000000000000E+00	-0.0000000000000000E+00	0.0000000000000000E+00	0.0000000000000000E+00	0.0000000000000000E+00	0.0000000000000000E+00	0.0000000000000000E+00	
-0.0000000000000000E+00	0.0000000000000000E+00	0.0000000000000000E+00	-0.0000000000000000E+00	-0.0000000000000000E+00	0.0000000000000000E+00	0.0000000000000000E+00	-0.0000000000000000E+00	0.0000000000000000E+00	0.0000000000000000E+00	-0.0000000000000000E+00	0.0000000000000000E+00	0.0000000000000000E+00	0.0000000000000000E+00	0.0000000000000000E+00	
-0.0000000000000000E+00	0.0000000000000000E+00	0.0000000000000000E+00	-0.0000000000000000E+00	-0.0000000000000000E+00	0.0000000000000000E+00	0.0000000000000000E+00	-0.0000000000000000E+00	0.0000000000000000E+00	0.0000000000000000E+00	-0.0000000000000000E+00	0.0000000000000000E+00	0.0000000000000000E+00	0.0000000000000000E+00	0.0000000000000000E+00	
-0.0000000000000000E+00	0.0000000000000000E+00	0.0000000000000000E+00	-0.0000000000000000E+00	-0.0000000000000000E+00	0.0000000000000000E+00	0.0000000000000000E+00	-0.0000000000000000E+00	0.0000000000000000E+00	0.0000000000000000E+00	-0.0000000000000000E+00	0.0000000000000000E+00	-0.0000000000000000E+00	0.0000000000000000E+00	0.0000000000000000E+00	

beta
0.0000000000000000E+00	0.0000000000000000E+00	0.0000000000000000E+00	0.0000000000000000E+00	0.0000000000000000E+00	0.0000000000000000E+00	0.0000000000000000E+00	0.0000000000000000E+00	0.0000000000000000E+00	0.0000000000000000E+00	0.0000000000000000E+00	0.0000000000000000E+00	0.0000000000000000E+00	0.0000000000000000E+00	0.0000000000000000E+00	
5.6524946105182168E-02	0.0000000000000000E+00	0.0000000000000000E+00	0.0000000000000000E+00	0.0000000000000000E+00	0.0000000000000000E+00	0.0000000000000000E+00	0.0000000000000000E+00	0.0000000000000000E+00	0.0000000000000000E+00	0.0000000000000000E+00	0.0000000000000000E+00	0.0000000000000000E+00	0.0000000000000000E+00	0.0000000000000000E+00	
-8.3246999130685076E-03	1.0200030265859533E-01	0.0000000000000000E+00	0.0000000000000000E+00	0.0000000000000000E+00	0.0000000000000000E+00	0.0000000000000000E+00	0.0000000000000000E+00	0.0000000000000000E+00	0.0000000000000000E+00	0.0000000000000000E+00	0.0000000000000000E+00	0.0000000000000000E+00	0.0000000000000000E+00	0.0000000000000000E+00	
-5.4687001533783603E-03	5.4831799977705639E-02	4.5024720542624536E-01	0.0000000000000000E+00	0.0000000000000000E+00	0.0000000000000000E+00	0.0000000000000000E+00	0.0000000000000000E+00	0.0000000000000000E+00	0.0000000000000000E+00	0.0000000000000000E+00	0.0000000000000000E+00	0.0000000000000000E+00	0.0000000000000000E+00	0.0000000000000000E+00	
-1.8645810867651651E-03	1.6988119672024710E-02	1.4248654143311093E-01	1.7733504497357624E-02	0.0000000000000000E+00	0.0000000000000000E+00	0.0000000000000000E+00	0.0000000000000000E+00	0.0000000000000000E+00	0.0000000000000000E+00	0.0000000000000000E+00	0.0000000000000000E+00	0.0000000000000000E+00	0.0000000000000000E+00	0.0000000000000000E+00	
-2.4477391122837856E-03	1.6682691439966445E-02	1.5075439646101030E-01	7.2574679805145759E-03	1.7302625131688243E-01	0.0000000000000000E+00	0.0000000000000000E+00	0.0000000000000000E+00	0.0000000000000000E+00	0.0000000000000000E+00	0.0000000000000000E+00	0.0000000000000000E+00	0.0000000000000000E+00	0.0000000000000000E+00	0.0000000000000000E+00	
-3.1574852183665365E-03	1.8669636583597118E-02	1.7605389846953318E-01	1.2335299660551878E-03	3.0670854546776594E-02	1.0883704365839605E-01	0.0000000000000000E+00	0.0000000000000000E+00	0.0000000000000000E+00	0.0000000000000000E+00	0.0000000000000000E+00	0.0000000000000000E+00	0.0000000000000000E+00	0.0000000000000000E+00	0.0000000000000000E+00	
-1.7327179379668014E-03	1.1491940499912298E-02	1.0466583101841621E-01	4.2320825788049561E-03	1.0103821814238714E-01	9.0348646217661782E-02	1.7959966284873266E-01	0.0000000000000000E+00	0.0000000000000000E+00	0.0000000000000000E+00	0.0000000000000000E+00	0.0000000000000000E+00	0.0000000000000000E+00	0.0000000000000000E+00	0.0000000000000000E+00	
-4.9715913768205375E-03	2.6641822433881072E-02	2.5941155620930212E-01	-5.9121039049821172E-03	-1.3774444921629514E-01	1.0371443885500264E-01	1.9169803175830147E-01	1.4820648444687323E-01	0.0000000000000000E+00	0.0000000000000000E+00	0.0000000000000000E+00	0.0000000000000000E+00	0.0000000000000000E+00	0.0000000000000000E+00	0.0000000000000000E+00	
-4.0812027197700707E-03	2.2680808108275489E-02	2.1818737972296903E-01	-2.5422466656969864E-03	-5.8336400211960460E-02	1.0504587135428714E-01	1.9878863914123962E-01	-1.4452755422378408E-02	1.9838040603741480E-01	0.0000000000000000E+00	0.0000000000000000E+00	0.0000000000000000E+00	0.0000000000000000E+00	0.0000000000000000E+00	0.0000000000000000E+00	
-4.2329171271389314E-03	2.3473567156378682E-02	2.2597283851599290E-01	-2.7804081203211990E-03	-6.3907612919995208E-02	1.0771344843046091E-01	2.0360350666306282E-01	-6.5288842452513899E-03	1.2978739664606376E-01	7.5350012874547068E-02	0.0000000000000000E+00	0.0000000000000000E+00	0.0000000000000000E+00	0.0000000000000000E+00	0.0000000000000000E+00	
-4.3956030459115997E-03	2.4365286250955152E-02	2.3459024632154121E-01	-2.9170769557297568E-03	-6.7069834682350074E-02	1.1159650275933433E-01	2.1089442933127092E-01	-5.0241668810060338E-03	1.1901267247196935E-01	-1.6566125972470053E-01	2.7379651924322285E-01	0.0000000000000000E+00	0.0000000000000000E+00	0.0000000000000000E+00	0.0000000000000000E+00	
-3.2528335538802395E-03	1.8043462338754257E-02	1.7368326702713549E-01	-2.1225738745499342E-03	-4.8777452607416782E-02	8.2894759364054521E-02	1.5671349874117266E-01	-5.8454583220500268E-03	1.0717309300538515E-01	1.7297194219076611E-01	-2.2574905129226991E-01	6.4644146494646804E-01	0.0000000000000000E+00	0.0000000000000000E+00	0.0000000000000000E+00	
-3.7996243001883752E-03	2.1075518791175134E-02	2.0287245837216342E-01	-2.4821974009444406E-03	-5.7043714334810043E-02	9.6804759071826202E-02	1.8300587959260686E-01	-6.6616278106141737E-03	1.2369423669564157E-01	1.7892585296945854E-01	-2.3018568701598316E-01	4.6376542738717019E-01	2.2954839254854444E-02	0.0000000000000000E+00	0.0000000000000000E+00	
-4.1669046934108122E-03	2.3112054117016449E-02	2.2247823004734588E-01	-2.7240503933222086E-03	-6.2603122410537157E-02	1.0614560723381926E-01	2.0066126729646355E-01	-7.1925825550280247E-03	1.3463648254932969E-01	1.8052612653056549E-01	-2.2968892464420326E-01	3.1083421431836478E-01	-4.1144842188172222E-02	1.6912644479176864E-01	0.0000000000000000E+00	

gamma1
0.0000000000000000E+00	0.0000000000000000E+00	-1.0526027168731300E-01	5.5923830439376920E-01	2.6751907892199522E-01	4.1109446714316433E-01	7.8498600502882276E-01	8.5054058729381188E-01	-4.6463931507169520E-01	-1.5907702167960824E-01	6.2479182738341077E-02	-3.5673689763436864E+00	-1.5543411817429953E-01	2.2223140556345988E-01	-1.7924256289214044E+00	

gamma2
0.0000000000000000E+00	1.0000000000000000E+00	1.1472747961152909E+00	4.8001357875532785E-01	7.9061056843660299E-02	3.3165055890662554E-01	5.3727769697573158E-01	-3.8616453147795787E-01	1.2653227175276716E+00	1.0001401648988106E+00	3.2082279614903297E-01	1.1050693788599466E+00	3.8980543337127893E-01	1.4518442070017501E-01	5.1800061643356632E-01	

gamma3
0.0000000000000000E+00	0.0000000000000000E+00	0.0000000000000000E+00	0.0000000000000000E+00	6.1094104764555313E-01	8.0904724073024153E-02	-2.2839651581930666E-04	3.2457622754372439E-01	-6.4115799963881259E-01	-5.6695290893394112E-01	-2.0790710134859541E-01	-7.4685304503410543E-01	-5.0040399963438634E-02	-1.6639614484292503E-01	-5.7624102692874890E-01	

delta
1.0000000000000000E+00	-3.6621151767859267E-02	-4.5151291526092742E-02	6.1906372530642595E-01	-5.5561615936465820E-03	-1.1311184696652805E+00	5.2860560546300076E-02	1.2107601295305219E+00	6.1550694877786971E-02	1.8444941648065629E+00	1.2386665614718373E+00	-1.7164456439257130E+00	3.4107066252854485E+00	0.0000000000000000E+00	

r
0.0000000000000000E+00	

errcoeff
1.3541663442697201E-05	

v
1.0000000000000000E+00	
1.0000000000000000E+00	
1.0000000000000000E+00	
1.0000000000000000E+00	
1.0000000000000000E+00	
1.0000000000000000E+00	
1.0000000000000000E+00	
1.0000000000000000E+00	
1.0000000000000000E+00	
1.0000000000000000E+00	
1.0000000000000000E+00	
1.0000000000000000E+00	
1.0000000000000000E+00	
1.0000000000000000E+00	
1.0000000000000000E+00	

==============================================================

