#stage		 order
10	 		5


A
0.0000000000000000E+00	0.0000000000000000E+00	0.0000000000000000E+00	0.0000000000000000E+00	0.0000000000000000E+00	0.0000000000000000E+00	0.0000000000000000E+00	0.0000000000000000E+00	0.0000000000000000E+00	0.0000000000000000E+00	
2.5978835757039448E-01	0.0000000000000000E+00	0.0000000000000000E+00	0.0000000000000000E+00	0.0000000000000000E+00	0.0000000000000000E+00	0.0000000000000000E+00	0.0000000000000000E+00	0.0000000000000000E+00	0.0000000000000000E+00	
8.1275643155987370E-02	1.7770088002098183E-02	0.0000000000000000E+00	0.0000000000000000E+00	0.0000000000000000E+00	0.0000000000000000E+00	0.0000000000000000E+00	0.0000000000000000E+00	0.0000000000000000E+00	0.0000000000000000E+00	
-3.3546149993686075E-02	9.3367449252905813E-04	2.4816366373161344E-01	0.0000000000000000E+00	0.0000000000000000E+00	0.0000000000000000E+00	0.0000000000000000E+00	0.0000000000000000E+00	0.0000000000000000E+00	0.0000000000000000E+00	
1.7433473196208737E-01	4.5422998984403988E-02	-5.1313640586279763E-01	7.9417368275785671E-01	0.0000000000000000E+00	0.0000000000000000E+00	0.0000000000000000E+00	0.0000000000000000E+00	0.0000000000000000E+00	0.0000000000000000E+00	
-9.4943231350443386E-02	-3.0351507006440058E-03	6.1466404377518735E-01	-3.4599959992563545E-01	3.8853912968701337E-01	0.0000000000000000E+00	0.0000000000000000E+00	0.0000000000000000E+00	0.0000000000000000E+00	0.0000000000000000E+00	
-4.4726870568447297E-01	-6.0013909757893301E-02	2.1895148727123339E+00	-1.8122031561995460E+00	5.2946442984297581E-01	1.4550516642704694E-01	0.0000000000000000E+00	0.0000000000000000E+00	0.0000000000000000E+00	0.0000000000000000E+00	
-2.9528516555265047E-02	1.0258915694940730E-02	3.6420467144419921E-01	-6.2953253374057050E-02	4.3963566779932062E-01	-1.1884675669716924E-01	1.5875173794655811E-01	0.0000000000000000E+00	0.0000000000000000E+00	0.0000000000000000E+00	
-9.1215918172689349E-03	1.2362085926234482E-02	2.5449855527027132E-01	1.7198443304158526E-02	3.9740852053848286E-01	-1.1974978254239883E-01	1.2504941446748244E-01	1.6506056315937651E-01	0.0000000000000000E+00	0.0000000000000000E+00	
-3.7610366952974678E-04	1.4343650639115194E-02	2.2416854931192831E-01	5.5853898848309436E-02	4.1005176888238959E-01	-1.2989417958292243E-01	1.1953776104401803E-01	9.7263052511113723E-03	2.1180932999328042E-01	0.0000000000000000E+00	

b
-2.2801023044586323E-03	
1.4073930208648002E-02	
2.3326917941701536E-01	
4.8082667002738867E-02	
4.1190032211468575E-01	
-1.2914610713764835E-01	
1.2207460110433957E-01	
4.3578588030714425E-02	
1.0250768752901480E-01	
1.5593923403495016E-01	

c
0.0000000000000000E+00	
2.5978835757039448E-01	
9.9045731158085557E-02	
2.1555118823045644E-01	
5.0079500784155040E-01	
5.5922519148547800E-01	
5.4499869734044426E-01	
7.6152246625852738E-01	
8.4270620830633836E-01	
9.1522098071770008E-01	

alpha
0.0000000000000000E+00	0.0000000000000000E+00	0.0000000000000000E+00	0.0000000000000000E+00	0.0000000000000000E+00	0.0000000000000000E+00	0.0000000000000000E+00	0.0000000000000000E+00	0.0000000000000000E+00	0.0000000000000000E+00	0.0000000000000000E+00	
0.0000000000000000E+00	0.0000000000000000E+00	0.0000000000000000E+00	0.0000000000000000E+00	0.0000000000000000E+00	0.0000000000000000E+00	0.0000000000000000E+00	0.0000000000000000E+00	0.0000000000000000E+00	0.0000000000000000E+00	0.0000000000000000E+00	
0.0000000000000000E+00	0.0000000000000000E+00	0.0000000000000000E+00	0.0000000000000000E+00	0.0000000000000000E+00	0.0000000000000000E+00	0.0000000000000000E+00	0.0000000000000000E+00	0.0000000000000000E+00	0.0000000000000000E+00	0.0000000000000000E+00	
-0.0000000000000000E+00	0.0000000000000000E+00	0.0000000000000000E+00	0.0000000000000000E+00	0.0000000000000000E+00	0.0000000000000000E+00	0.0000000000000000E+00	0.0000000000000000E+00	0.0000000000000000E+00	0.0000000000000000E+00	0.0000000000000000E+00	
0.0000000000000000E+00	0.0000000000000000E+00	-0.0000000000000000E+00	0.0000000000000000E+00	0.0000000000000000E+00	0.0000000000000000E+00	0.0000000000000000E+00	0.0000000000000000E+00	0.0000000000000000E+00	0.0000000000000000E+00	0.0000000000000000E+00	
-0.0000000000000000E+00	-0.0000000000000000E+00	0.0000000000000000E+00	-0.0000000000000000E+00	0.0000000000000000E+00	0.0000000000000000E+00	0.0000000000000000E+00	0.0000000000000000E+00	0.0000000000000000E+00	0.0000000000000000E+00	0.0000000000000000E+00	
-0.0000000000000000E+00	-0.0000000000000000E+00	0.0000000000000000E+00	-0.0000000000000000E+00	0.0000000000000000E+00	0.0000000000000000E+00	0.0000000000000000E+00	0.0000000000000000E+00	0.0000000000000000E+00	0.0000000000000000E+00	0.0000000000000000E+00	
-0.0000000000000000E+00	0.0000000000000000E+00	0.0000000000000000E+00	-0.0000000000000000E+00	0.0000000000000000E+00	-0.0000000000000000E+00	0.0000000000000000E+00	0.0000000000000000E+00	0.0000000000000000E+00	0.0000000000000000E+00	0.0000000000000000E+00	
-0.0000000000000000E+00	0.0000000000000000E+00	0.0000000000000000E+00	0.0000000000000000E+00	0.0000000000000000E+00	-0.0000000000000000E+00	0.0000000000000000E+00	0.0000000000000000E+00	0.0000000000000000E+00	0.0000000000000000E+00	0.0000000000000000E+00	
-0.0000000000000000E+00	0.0000000000000000E+00	0.0000000000000000E+00	0.0000000000000000E+00	0.0000000000000000E+00	-0.0000000000000000E+00	0.0000000000000000E+00	0.0000000000000000E+00	0.0000000000000000E+00	0.0000000000000000E+00	0.0000000000000000E+00	
-0.0000000000000000E+00	0.0000000000000000E+00	0.0000000000000000E+00	0.0000000000000000E+00	0.0000000000000000E+00	-0.0000000000000000E+00	0.0000000000000000E+00	0.0000000000000000E+00	0.0000000000000000E+00	0.0000000000000000E+00	0.0000000000000000E+00	

beta
0.0000000000000000E+00	0.0000000000000000E+00	0.0000000000000000E+00	0.0000000000000000E+00	0.0000000000000000E+00	0.0000000000000000E+00	0.0000000000000000E+00	0.0000000000000000E+00	0.0000000000000000E+00	0.0000000000000000E+00	0.0000000000000000E+00	
2.5978835757039448E-01	0.0000000000000000E+00	0.0000000000000000E+00	0.0000000000000000E+00	0.0000000000000000E+00	0.0000000000000000E+00	0.0000000000000000E+00	0.0000000000000000E+00	0.0000000000000000E+00	0.0000000000000000E+00	0.0000000000000000E+00	
8.1275643155987370E-02	1.7770088002098183E-02	0.0000000000000000E+00	0.0000000000000000E+00	0.0000000000000000E+00	0.0000000000000000E+00	0.0000000000000000E+00	0.0000000000000000E+00	0.0000000000000000E+00	0.0000000000000000E+00	0.0000000000000000E+00	
-3.3546149993686075E-02	9.3367449252905813E-04	2.4816366373161344E-01	0.0000000000000000E+00	0.0000000000000000E+00	0.0000000000000000E+00	0.0000000000000000E+00	0.0000000000000000E+00	0.0000000000000000E+00	0.0000000000000000E+00	0.0000000000000000E+00	
1.7433473196208737E-01	4.5422998984403988E-02	-5.1313640586279763E-01	7.9417368275785671E-01	0.0000000000000000E+00	0.0000000000000000E+00	0.0000000000000000E+00	0.0000000000000000E+00	0.0000000000000000E+00	0.0000000000000000E+00	0.0000000000000000E+00	
-9.4943231350443386E-02	-3.0351507006440058E-03	6.1466404377518735E-01	-3.4599959992563545E-01	3.8853912968701337E-01	0.0000000000000000E+00	0.0000000000000000E+00	0.0000000000000000E+00	0.0000000000000000E+00	0.0000000000000000E+00	0.0000000000000000E+00	
-4.4726870568447297E-01	-6.0013909757893301E-02	2.1895148727123339E+00	-1.8122031561995460E+00	5.2946442984297581E-01	1.4550516642704694E-01	0.0000000000000000E+00	0.0000000000000000E+00	0.0000000000000000E+00	0.0000000000000000E+00	0.0000000000000000E+00	
-2.9528516555265047E-02	1.0258915694940730E-02	3.6420467144419921E-01	-6.2953253374057050E-02	4.3963566779932062E-01	-1.1884675669716924E-01	1.5875173794655811E-01	0.0000000000000000E+00	0.0000000000000000E+00	0.0000000000000000E+00	0.0000000000000000E+00	
-9.1215918172689349E-03	1.2362085926234482E-02	2.5449855527027132E-01	1.7198443304158526E-02	3.9740852053848286E-01	-1.1974978254239883E-01	1.2504941446748244E-01	1.6506056315937651E-01	0.0000000000000000E+00	0.0000000000000000E+00	0.0000000000000000E+00	
-3.7610366952974678E-04	1.4343650639115194E-02	2.2416854931192831E-01	5.5853898848309436E-02	4.1005176888238959E-01	-1.2989417958292243E-01	1.1953776104401803E-01	9.7263052511113723E-03	2.1180932999328042E-01	0.0000000000000000E+00	0.0000000000000000E+00	
-2.2801023044586323E-03	1.4073930208648002E-02	2.3326917941701536E-01	4.8082667002738867E-02	4.1190032211468575E-01	-1.2914610713764835E-01	1.2207460110433957E-01	4.3578588030714425E-02	1.0250768752901480E-01	1.5593923403495016E-01	0.0000000000000000E+00	

gamma1
0.0000000000000000E+00	0.0000000000000000E+00	4.0436600785287713E-01	-8.5034274641295027E-01	-6.9508941671218478E+00	9.2387652252320684E-01	-2.5631780399589106E+00	2.5457448699988827E-01	3.1258317336761454E-01	-7.0071148003175443E-01	4.8396209710057070E-01	

gamma2
0.0000000000000000E+00	1.0000000000000000E+00	6.8714670697294733E-01	1.0930247604585732E+00	3.2259753823377983E+00	1.0411537008416110E+00	1.2928214888638039E+00	7.3914627692888835E-01	1.2391292570651462E-01	1.8427534793568445E-01	5.7127889427161162E-02	

gamma3
0.0000000000000000E+00	0.0000000000000000E+00	0.0000000000000000E+00	0.0000000000000000E+00	-2.3934051593398129E+00	-1.9028544220991284E+00	-2.8200422105835639E+00	-1.8326984641282289E+00	-2.1990945108072310E-01	-4.0824306603783045E-01	-1.3776697911236280E-01	

delta
1.0000000000000000E+00	-1.3317784091400336E-01	8.2604227852898304E-01	1.5137004305165804E+00	-1.3058100631721905E+00	3.0366787893355149E+00	-1.4494582670831953E+00	3.8343138733685103E+00	4.1222939718018692E+00	0.0000000000000000E+00	

r
0.0000000000000000E+00	

errcoeff
5.0974884688515314E-05	

v
1.0000000000000000E+00	
1.0000000000000000E+00	
1.0000000000000000E+00	
1.0000000000000000E+00	
1.0000000000000000E+00	
1.0000000000000000E+00	
1.0000000000000000E+00	
1.0000000000000000E+00	
1.0000000000000000E+00	
1.0000000000000000E+00	
1.0000000000000000E+00	

==============================================================

