#stage		 order
19	 		5


A
0.0000000000000000E+00	0.0000000000000000E+00	0.0000000000000000E+00	0.0000000000000000E+00	0.0000000000000000E+00	0.0000000000000000E+00	0.0000000000000000E+00	0.0000000000000000E+00	0.0000000000000000E+00	0.0000000000000000E+00	0.0000000000000000E+00	0.0000000000000000E+00	0.0000000000000000E+00	0.0000000000000000E+00	0.0000000000000000E+00	0.0000000000000000E+00	0.0000000000000000E+00	0.0000000000000000E+00	0.0000000000000000E+00	
4.5527112486204384E-02	0.0000000000000000E+00	0.0000000000000000E+00	0.0000000000000000E+00	0.0000000000000000E+00	0.0000000000000000E+00	0.0000000000000000E+00	0.0000000000000000E+00	0.0000000000000000E+00	0.0000000000000000E+00	0.0000000000000000E+00	0.0000000000000000E+00	0.0000000000000000E+00	0.0000000000000000E+00	0.0000000000000000E+00	0.0000000000000000E+00	0.0000000000000000E+00	0.0000000000000000E+00	0.0000000000000000E+00	
-2.7956061779134796E-02	8.6539566888207048E-02	0.0000000000000000E+00	0.0000000000000000E+00	0.0000000000000000E+00	0.0000000000000000E+00	0.0000000000000000E+00	0.0000000000000000E+00	0.0000000000000000E+00	0.0000000000000000E+00	0.0000000000000000E+00	0.0000000000000000E+00	0.0000000000000000E+00	0.0000000000000000E+00	0.0000000000000000E+00	0.0000000000000000E+00	0.0000000000000000E+00	0.0000000000000000E+00	0.0000000000000000E+00	
2.1398465218199231E-02	-3.6530733145402811E-02	6.3568963959977665E-01	0.0000000000000000E+00	0.0000000000000000E+00	0.0000000000000000E+00	0.0000000000000000E+00	0.0000000000000000E+00	0.0000000000000000E+00	0.0000000000000000E+00	0.0000000000000000E+00	0.0000000000000000E+00	0.0000000000000000E+00	0.0000000000000000E+00	0.0000000000000000E+00	0.0000000000000000E+00	0.0000000000000000E+00	0.0000000000000000E+00	0.0000000000000000E+00	
1.3742273464612912E-02	-1.9673695350692556E-02	3.5994216186915579E-01	1.2906016434617775E-02	0.0000000000000000E+00	0.0000000000000000E+00	0.0000000000000000E+00	0.0000000000000000E+00	0.0000000000000000E+00	0.0000000000000000E+00	0.0000000000000000E+00	0.0000000000000000E+00	0.0000000000000000E+00	0.0000000000000000E+00	0.0000000000000000E+00	0.0000000000000000E+00	0.0000000000000000E+00	0.0000000000000000E+00	0.0000000000000000E+00	
1.5042335590086013E-02	-1.9145420211549399E-02	3.6351339801639887E-01	1.6068921453061547E-03	4.0849648036661648E-02	0.0000000000000000E+00	0.0000000000000000E+00	0.0000000000000000E+00	0.0000000000000000E+00	0.0000000000000000E+00	0.0000000000000000E+00	0.0000000000000000E+00	0.0000000000000000E+00	0.0000000000000000E+00	0.0000000000000000E+00	0.0000000000000000E+00	0.0000000000000000E+00	0.0000000000000000E+00	0.0000000000000000E+00	
1.2341797995337217E-02	-1.5094371876290341E-02	2.9042130810924960E-01	-1.8981720234729053E-03	-1.2891272068516224E-01	1.7626150881015903E-01	0.0000000000000000E+00	0.0000000000000000E+00	0.0000000000000000E+00	0.0000000000000000E+00	0.0000000000000000E+00	0.0000000000000000E+00	0.0000000000000000E+00	0.0000000000000000E+00	0.0000000000000000E+00	0.0000000000000000E+00	0.0000000000000000E+00	0.0000000000000000E+00	0.0000000000000000E+00	
-6.7894865845266605E-04	-2.5556032387362704E-03	2.7215337197663780E-02	1.7845892195399792E-02	9.0298836356658052E-01	-1.1649682395001129E+00	6.1554260018783169E-01	0.0000000000000000E+00	0.0000000000000000E+00	0.0000000000000000E+00	0.0000000000000000E+00	0.0000000000000000E+00	0.0000000000000000E+00	0.0000000000000000E+00	0.0000000000000000E+00	0.0000000000000000E+00	0.0000000000000000E+00	0.0000000000000000E+00	0.0000000000000000E+00	
7.0599772743772521E-03	-9.7773460204881781E-03	1.8070964710915191E-01	4.9020491216024593E-03	2.2862867364712361E-01	-2.8908436527154291E-01	1.4855338186171549E-01	4.6491060630814474E-01	0.0000000000000000E+00	0.0000000000000000E+00	0.0000000000000000E+00	0.0000000000000000E+00	0.0000000000000000E+00	0.0000000000000000E+00	0.0000000000000000E+00	0.0000000000000000E+00	0.0000000000000000E+00	0.0000000000000000E+00	0.0000000000000000E+00	
4.4079201409206901E-03	-1.0989305012888603E-02	1.7513774412036559E-01	2.8655379523832590E-02	1.4352122006876620E+00	-1.8471459765913281E+00	9.7280898950255990E-01	-2.8974768266539148E+00	1.6243216428633067E+00	0.0000000000000000E+00	0.0000000000000000E+00	0.0000000000000000E+00	0.0000000000000000E+00	0.0000000000000000E+00	0.0000000000000000E+00	0.0000000000000000E+00	0.0000000000000000E+00	0.0000000000000000E+00	0.0000000000000000E+00	
2.0030636570540890E-02	-2.6251060726004857E-02	4.9371317367276635E-01	6.1045609582591250E-03	2.5460762666446707E-01	-3.1204702919269578E-01	1.5315614730684218E-01	2.2909595430901666E+00	-1.0326716858351803E+00	-9.5463047068362703E-03	0.0000000000000000E+00	0.0000000000000000E+00	0.0000000000000000E+00	0.0000000000000000E+00	0.0000000000000000E+00	0.0000000000000000E+00	0.0000000000000000E+00	0.0000000000000000E+00	0.0000000000000000E+00	
6.1627243241075902E-03	-9.0454812690263717E-03	1.6425830779110698E-01	6.9551602643956913E-03	3.3470875824095236E-01	-4.2660512273365381E-01	2.2169009360531250E-01	7.2523926877116840E-02	2.6469517785394914E-02	-2.5614202859899210E-04	-1.4165356911155266E-03	0.0000000000000000E+00	0.0000000000000000E+00	0.0000000000000000E+00	0.0000000000000000E+00	0.0000000000000000E+00	0.0000000000000000E+00	0.0000000000000000E+00	0.0000000000000000E+00	
6.2645043043585442E-03	-9.2030683895718800E-03	1.6707566743254049E-01	7.1129784386456786E-03	3.4240551313312978E-01	-4.3644751259145603E-01	2.2682823280718864E-01	6.8372309704057915E-02	2.9818445897856462E-02	-2.3769207061287656E-04	-3.5214045329930556E-05	1.4158851524134178E-01	0.0000000000000000E+00	0.0000000000000000E+00	0.0000000000000000E+00	0.0000000000000000E+00	0.0000000000000000E+00	0.0000000000000000E+00	0.0000000000000000E+00	
-3.4226888480837080E-03	5.0279840671881224E-03	-9.1280967796964832E-02	-3.8850823388756825E-03	-1.8701783071542155E-01	2.3838156932892496E-01	-1.2388979017811741E-01	-3.7503112115120536E-02	-1.6211625767499949E-02	1.3048948991815267E-04	5.7857038777920082E-05	6.9298313680090581E-02	1.3594298075561848E+00	0.0000000000000000E+00	0.0000000000000000E+00	0.0000000000000000E+00	0.0000000000000000E+00	0.0000000000000000E+00	0.0000000000000000E+00	
4.2677554842930412E-02	-6.2695041962525358E-02	1.1381969067526079E+00	4.8448588224204711E-02	2.3322027642493115E+00	-2.9727375032656358E+00	1.5449706538120431E+00	4.6694897898856591E-01	2.0251195286050364E-01	-1.6242013330812102E-03	-5.4342138848706152E-04	-1.8809736366594904E-01	-4.7262215639850673E+00	1.3585485298067064E+00	0.0000000000000000E+00	0.0000000000000000E+00	0.0000000000000000E+00	0.0000000000000000E+00	0.0000000000000000E+00	
7.0973609684519389E-03	-1.0426392767044077E-02	1.8928545276363040E-01	8.0575377719479327E-03	3.8787224060487480E-01	-4.9440089378257734E-01	2.5694686621258445E-01	7.7599399544725223E-02	3.3708142972787410E-02	-2.6987412216183346E-04	-7.5895134286430978E-05	2.3697836040192710E-02	2.0825892247116196E-01	6.1120195489743900E-03	9.0998134461176729E-05	0.0000000000000000E+00	0.0000000000000000E+00	0.0000000000000000E+00	0.0000000000000000E+00	
3.2415589480832251E-03	-4.7620294321291425E-03	8.6451980285295271E-02	3.6801533738176698E-03	1.7715466295957175E-01	-2.2581002368552389E-01	1.1735656938753891E-01	3.5434868140954721E-02	1.5399187471759685E-02	-1.2322963752749036E-04	-3.2851258503228745E-05	1.7705341469368752E-02	2.1956995639411436E-01	-2.4723781549374896E-02	-1.7182402987043628E-04	6.3788753271149135E-01	0.0000000000000000E+00	0.0000000000000000E+00	0.0000000000000000E+00	
5.8712856676345973E-03	-8.6252305602163414E-03	1.5658630524607248E-01	6.6656237980326919E-03	3.2086862420964934E-01	-4.0899483776425238E-01	2.1256019547884514E-01	6.4189961930282216E-02	2.7887249213518837E-02	-2.2323586073246985E-04	-6.1714472999252842E-05	2.3666442787103448E-02	2.4574713907686807E-01	-1.1186316024396979E-02	-5.0684747987921673E-05	1.5673203761158197E-01	4.6562933994461826E-02	0.0000000000000000E+00	0.0000000000000000E+00	
6.8400697409563109E-03	-1.0048424633688467E-02	1.8242361542635377E-01	7.7654703575048920E-03	3.7381282934443893E-01	-4.7648010570507127E-01	2.4763320626023941E-01	7.4782326830218585E-02	3.2488324239197820E-02	-2.6007392457263605E-04	-7.2102765567929439E-05	2.6792307438383595E-02	2.7220548818301521E-01	-9.9167404130240441E-03	-3.4887837204813444E-05	8.9985551968796984E-02	2.7353102863747435E-02	1.6475820805316069E-01	0.0000000000000000E+00	

b
6.3736856350650644E-03	
-9.3632816858626299E-03	
1.6998522253144210E-01	
7.2359886234464113E-03	
3.4832473189711050E-01	
-4.4399173073735865E-01	
2.3074855490848942E-01	
6.9683360705355940E-02	
3.0273136207053353E-02	
-2.4234101697104615E-04	
-6.7186684019971785E-05	
2.4964807404959058E-02	
2.5363291527395848E-01	
-9.2378164837540189E-03	
-3.2487638566283776E-05	
8.3767929623590850E-02	
2.5464232554901586E-02	
1.5333053623141293E-01	
5.9149742649747233E-02	

c
0.0000000000000000E+00	
4.5527112486204384E-02	
5.8583505109072252E-02	
6.2055737167257308E-01	
3.6691675641769389E-01	
4.0186685357690327E-01	
3.3311935032982032E-01	
3.9538940175017401E-01	
7.3590262403008444E-01	
-5.1506823141948388E-01	
1.8380556078023249E+00	
3.9544520716599224E-01	
5.4354267986214866E-01	
1.2091149234010008E+00	
-8.1741316606387260E-01	
6.9355372122772274E-01	
1.0582580715490666E+00	
8.3819577958346525E-01	
1.0100281654268846E+00	

alpha
0.0000000000000000E+00	0.0000000000000000E+00	0.0000000000000000E+00	0.0000000000000000E+00	0.0000000000000000E+00	0.0000000000000000E+00	0.0000000000000000E+00	0.0000000000000000E+00	0.0000000000000000E+00	0.0000000000000000E+00	0.0000000000000000E+00	0.0000000000000000E+00	0.0000000000000000E+00	0.0000000000000000E+00	0.0000000000000000E+00	0.0000000000000000E+00	0.0000000000000000E+00	0.0000000000000000E+00	0.0000000000000000E+00	0.0000000000000000E+00	
0.0000000000000000E+00	0.0000000000000000E+00	0.0000000000000000E+00	0.0000000000000000E+00	0.0000000000000000E+00	0.0000000000000000E+00	0.0000000000000000E+00	0.0000000000000000E+00	0.0000000000000000E+00	0.0000000000000000E+00	0.0000000000000000E+00	0.0000000000000000E+00	0.0000000000000000E+00	0.0000000000000000E+00	0.0000000000000000E+00	0.0000000000000000E+00	0.0000000000000000E+00	0.0000000000000000E+00	0.0000000000000000E+00	0.0000000000000000E+00	
-0.0000000000000000E+00	0.0000000000000000E+00	0.0000000000000000E+00	0.0000000000000000E+00	0.0000000000000000E+00	0.0000000000000000E+00	0.0000000000000000E+00	0.0000000000000000E+00	0.0000000000000000E+00	0.0000000000000000E+00	0.0000000000000000E+00	0.0000000000000000E+00	0.0000000000000000E+00	0.0000000000000000E+00	0.0000000000000000E+00	0.0000000000000000E+00	0.0000000000000000E+00	0.0000000000000000E+00	0.0000000000000000E+00	0.0000000000000000E+00	
0.0000000000000000E+00	-0.0000000000000000E+00	0.0000000000000000E+00	0.0000000000000000E+00	0.0000000000000000E+00	0.0000000000000000E+00	0.0000000000000000E+00	0.0000000000000000E+00	0.0000000000000000E+00	0.0000000000000000E+00	0.0000000000000000E+00	0.0000000000000000E+00	0.0000000000000000E+00	0.0000000000000000E+00	0.0000000000000000E+00	0.0000000000000000E+00	0.0000000000000000E+00	0.0000000000000000E+00	0.0000000000000000E+00	0.0000000000000000E+00	
0.0000000000000000E+00	-0.0000000000000000E+00	0.0000000000000000E+00	0.0000000000000000E+00	0.0000000000000000E+00	0.0000000000000000E+00	0.0000000000000000E+00	0.0000000000000000E+00	0.0000000000000000E+00	0.0000000000000000E+00	0.0000000000000000E+00	0.0000000000000000E+00	0.0000000000000000E+00	0.0000000000000000E+00	0.0000000000000000E+00	0.0000000000000000E+00	0.0000000000000000E+00	0.0000000000000000E+00	0.0000000000000000E+00	0.0000000000000000E+00	
0.0000000000000000E+00	-0.0000000000000000E+00	0.0000000000000000E+00	0.0000000000000000E+00	0.0000000000000000E+00	0.0000000000000000E+00	0.0000000000000000E+00	0.0000000000000000E+00	0.0000000000000000E+00	0.0000000000000000E+00	0.0000000000000000E+00	0.0000000000000000E+00	0.0000000000000000E+00	0.0000000000000000E+00	0.0000000000000000E+00	0.0000000000000000E+00	0.0000000000000000E+00	0.0000000000000000E+00	0.0000000000000000E+00	0.0000000000000000E+00	
0.0000000000000000E+00	-0.0000000000000000E+00	0.0000000000000000E+00	-0.0000000000000000E+00	-0.0000000000000000E+00	0.0000000000000000E+00	0.0000000000000000E+00	0.0000000000000000E+00	0.0000000000000000E+00	0.0000000000000000E+00	0.0000000000000000E+00	0.0000000000000000E+00	0.0000000000000000E+00	0.0000000000000000E+00	0.0000000000000000E+00	0.0000000000000000E+00	0.0000000000000000E+00	0.0000000000000000E+00	0.0000000000000000E+00	0.0000000000000000E+00	
-0.0000000000000000E+00	-0.0000000000000000E+00	0.0000000000000000E+00	0.0000000000000000E+00	0.0000000000000000E+00	-0.0000000000000000E+00	0.0000000000000000E+00	0.0000000000000000E+00	0.0000000000000000E+00	0.0000000000000000E+00	0.0000000000000000E+00	0.0000000000000000E+00	0.0000000000000000E+00	0.0000000000000000E+00	0.0000000000000000E+00	0.0000000000000000E+00	0.0000000000000000E+00	0.0000000000000000E+00	0.0000000000000000E+00	0.0000000000000000E+00	
0.0000000000000000E+00	-0.0000000000000000E+00	0.0000000000000000E+00	0.0000000000000000E+00	0.0000000000000000E+00	-0.0000000000000000E+00	0.0000000000000000E+00	0.0000000000000000E+00	0.0000000000000000E+00	0.0000000000000000E+00	0.0000000000000000E+00	0.0000000000000000E+00	0.0000000000000000E+00	0.0000000000000000E+00	0.0000000000000000E+00	0.0000000000000000E+00	0.0000000000000000E+00	0.0000000000000000E+00	0.0000000000000000E+00	0.0000000000000000E+00	
0.0000000000000000E+00	-0.0000000000000000E+00	0.0000000000000000E+00	0.0000000000000000E+00	0.0000000000000000E+00	-0.0000000000000000E+00	0.0000000000000000E+00	-0.0000000000000000E+00	0.0000000000000000E+00	0.0000000000000000E+00	0.0000000000000000E+00	0.0000000000000000E+00	0.0000000000000000E+00	0.0000000000000000E+00	0.0000000000000000E+00	0.0000000000000000E+00	0.0000000000000000E+00	0.0000000000000000E+00	0.0000000000000000E+00	0.0000000000000000E+00	
0.0000000000000000E+00	-0.0000000000000000E+00	0.0000000000000000E+00	0.0000000000000000E+00	0.0000000000000000E+00	-0.0000000000000000E+00	0.0000000000000000E+00	0.0000000000000000E+00	-0.0000000000000000E+00	-0.0000000000000000E+00	0.0000000000000000E+00	0.0000000000000000E+00	0.0000000000000000E+00	0.0000000000000000E+00	0.0000000000000000E+00	0.0000000000000000E+00	0.0000000000000000E+00	0.0000000000000000E+00	0.0000000000000000E+00	0.0000000000000000E+00	
0.0000000000000000E+00	-0.0000000000000000E+00	0.0000000000000000E+00	0.0000000000000000E+00	0.0000000000000000E+00	-0.0000000000000000E+00	0.0000000000000000E+00	0.0000000000000000E+00	0.0000000000000000E+00	-0.0000000000000000E+00	-0.0000000000000000E+00	0.0000000000000000E+00	0.0000000000000000E+00	0.0000000000000000E+00	0.0000000000000000E+00	0.0000000000000000E+00	0.0000000000000000E+00	0.0000000000000000E+00	0.0000000000000000E+00	0.0000000000000000E+00	
0.0000000000000000E+00	-0.0000000000000000E+00	0.0000000000000000E+00	0.0000000000000000E+00	0.0000000000000000E+00	-0.0000000000000000E+00	0.0000000000000000E+00	0.0000000000000000E+00	0.0000000000000000E+00	-0.0000000000000000E+00	-0.0000000000000000E+00	0.0000000000000000E+00	0.0000000000000000E+00	0.0000000000000000E+00	0.0000000000000000E+00	0.0000000000000000E+00	0.0000000000000000E+00	0.0000000000000000E+00	0.0000000000000000E+00	0.0000000000000000E+00	
-0.0000000000000000E+00	0.0000000000000000E+00	-0.0000000000000000E+00	-0.0000000000000000E+00	-0.0000000000000000E+00	0.0000000000000000E+00	-0.0000000000000000E+00	-0.0000000000000000E+00	-0.0000000000000000E+00	0.0000000000000000E+00	0.0000000000000000E+00	0.0000000000000000E+00	0.0000000000000000E+00	0.0000000000000000E+00	0.0000000000000000E+00	0.0000000000000000E+00	0.0000000000000000E+00	0.0000000000000000E+00	0.0000000000000000E+00	0.0000000000000000E+00	
0.0000000000000000E+00	-0.0000000000000000E+00	0.0000000000000000E+00	0.0000000000000000E+00	0.0000000000000000E+00	-0.0000000000000000E+00	0.0000000000000000E+00	0.0000000000000000E+00	0.0000000000000000E+00	-0.0000000000000000E+00	-0.0000000000000000E+00	-0.0000000000000000E+00	-0.0000000000000000E+00	0.0000000000000000E+00	0.0000000000000000E+00	0.0000000000000000E+00	0.0000000000000000E+00	0.0000000000000000E+00	0.0000000000000000E+00	0.0000000000000000E+00	
0.0000000000000000E+00	-0.0000000000000000E+00	0.0000000000000000E+00	0.0000000000000000E+00	0.0000000000000000E+00	-0.0000000000000000E+00	0.0000000000000000E+00	0.0000000000000000E+00	0.0000000000000000E+00	-0.0000000000000000E+00	-0.0000000000000000E+00	0.0000000000000000E+00	0.0000000000000000E+00	0.0000000000000000E+00	0.0000000000000000E+00	0.0000000000000000E+00	0.0000000000000000E+00	0.0000000000000000E+00	0.0000000000000000E+00	0.0000000000000000E+00	
0.0000000000000000E+00	-0.0000000000000000E+00	0.0000000000000000E+00	0.0000000000000000E+00	0.0000000000000000E+00	-0.0000000000000000E+00	0.0000000000000000E+00	0.0000000000000000E+00	0.0000000000000000E+00	-0.0000000000000000E+00	-0.0000000000000000E+00	0.0000000000000000E+00	0.0000000000000000E+00	-0.0000000000000000E+00	-0.0000000000000000E+00	0.0000000000000000E+00	0.0000000000000000E+00	0.0000000000000000E+00	0.0000000000000000E+00	0.0000000000000000E+00	
0.0000000000000000E+00	-0.0000000000000000E+00	0.0000000000000000E+00	0.0000000000000000E+00	0.0000000000000000E+00	-0.0000000000000000E+00	0.0000000000000000E+00	0.0000000000000000E+00	0.0000000000000000E+00	-0.0000000000000000E+00	-0.0000000000000000E+00	0.0000000000000000E+00	0.0000000000000000E+00	-0.0000000000000000E+00	-0.0000000000000000E+00	0.0000000000000000E+00	0.0000000000000000E+00	0.0000000000000000E+00	0.0000000000000000E+00	0.0000000000000000E+00	
0.0000000000000000E+00	-0.0000000000000000E+00	0.0000000000000000E+00	0.0000000000000000E+00	0.0000000000000000E+00	-0.0000000000000000E+00	0.0000000000000000E+00	0.0000000000000000E+00	0.0000000000000000E+00	-0.0000000000000000E+00	-0.0000000000000000E+00	0.0000000000000000E+00	0.0000000000000000E+00	-0.0000000000000000E+00	-0.0000000000000000E+00	0.0000000000000000E+00	0.0000000000000000E+00	0.0000000000000000E+00	0.0000000000000000E+00	0.0000000000000000E+00	
0.0000000000000000E+00	-0.0000000000000000E+00	0.0000000000000000E+00	0.0000000000000000E+00	0.0000000000000000E+00	-0.0000000000000000E+00	0.0000000000000000E+00	0.0000000000000000E+00	0.0000000000000000E+00	-0.0000000000000000E+00	-0.0000000000000000E+00	0.0000000000000000E+00	0.0000000000000000E+00	-0.0000000000000000E+00	-0.0000000000000000E+00	0.0000000000000000E+00	0.0000000000000000E+00	0.0000000000000000E+00	0.0000000000000000E+00	0.0000000000000000E+00	

beta
0.0000000000000000E+00	0.0000000000000000E+00	0.0000000000000000E+00	0.0000000000000000E+00	0.0000000000000000E+00	0.0000000000000000E+00	0.0000000000000000E+00	0.0000000000000000E+00	0.0000000000000000E+00	0.0000000000000000E+00	0.0000000000000000E+00	0.0000000000000000E+00	0.0000000000000000E+00	0.0000000000000000E+00	0.0000000000000000E+00	0.0000000000000000E+00	0.0000000000000000E+00	0.0000000000000000E+00	0.0000000000000000E+00	0.0000000000000000E+00	
4.5527112486204384E-02	0.0000000000000000E+00	0.0000000000000000E+00	0.0000000000000000E+00	0.0000000000000000E+00	0.0000000000000000E+00	0.0000000000000000E+00	0.0000000000000000E+00	0.0000000000000000E+00	0.0000000000000000E+00	0.0000000000000000E+00	0.0000000000000000E+00	0.0000000000000000E+00	0.0000000000000000E+00	0.0000000000000000E+00	0.0000000000000000E+00	0.0000000000000000E+00	0.0000000000000000E+00	0.0000000000000000E+00	0.0000000000000000E+00	
-2.7956061779134796E-02	8.6539566888207048E-02	0.0000000000000000E+00	0.0000000000000000E+00	0.0000000000000000E+00	0.0000000000000000E+00	0.0000000000000000E+00	0.0000000000000000E+00	0.0000000000000000E+00	0.0000000000000000E+00	0.0000000000000000E+00	0.0000000000000000E+00	0.0000000000000000E+00	0.0000000000000000E+00	0.0000000000000000E+00	0.0000000000000000E+00	0.0000000000000000E+00	0.0000000000000000E+00	0.0000000000000000E+00	0.0000000000000000E+00	
2.1398465218199231E-02	-3.6530733145402811E-02	6.3568963959977665E-01	0.0000000000000000E+00	0.0000000000000000E+00	0.0000000000000000E+00	0.0000000000000000E+00	0.0000000000000000E+00	0.0000000000000000E+00	0.0000000000000000E+00	0.0000000000000000E+00	0.0000000000000000E+00	0.0000000000000000E+00	0.0000000000000000E+00	0.0000000000000000E+00	0.0000000000000000E+00	0.0000000000000000E+00	0.0000000000000000E+00	0.0000000000000000E+00	0.0000000000000000E+00	
1.3742273464612912E-02	-1.9673695350692556E-02	3.5994216186915579E-01	1.2906016434617775E-02	0.0000000000000000E+00	0.0000000000000000E+00	0.0000000000000000E+00	0.0000000000000000E+00	0.0000000000000000E+00	0.0000000000000000E+00	0.0000000000000000E+00	0.0000000000000000E+00	0.0000000000000000E+00	0.0000000000000000E+00	0.0000000000000000E+00	0.0000000000000000E+00	0.0000000000000000E+00	0.0000000000000000E+00	0.0000000000000000E+00	0.0000000000000000E+00	
1.5042335590086013E-02	-1.9145420211549399E-02	3.6351339801639887E-01	1.6068921453061547E-03	4.0849648036661648E-02	0.0000000000000000E+00	0.0000000000000000E+00	0.0000000000000000E+00	0.0000000000000000E+00	0.0000000000000000E+00	0.0000000000000000E+00	0.0000000000000000E+00	0.0000000000000000E+00	0.0000000000000000E+00	0.0000000000000000E+00	0.0000000000000000E+00	0.0000000000000000E+00	0.0000000000000000E+00	0.0000000000000000E+00	0.0000000000000000E+00	
1.2341797995337217E-02	-1.5094371876290341E-02	2.9042130810924960E-01	-1.8981720234729053E-03	-1.2891272068516224E-01	1.7626150881015903E-01	0.0000000000000000E+00	0.0000000000000000E+00	0.0000000000000000E+00	0.0000000000000000E+00	0.0000000000000000E+00	0.0000000000000000E+00	0.0000000000000000E+00	0.0000000000000000E+00	0.0000000000000000E+00	0.0000000000000000E+00	0.0000000000000000E+00	0.0000000000000000E+00	0.0000000000000000E+00	0.0000000000000000E+00	
-6.7894865845266605E-04	-2.5556032387362704E-03	2.7215337197663780E-02	1.7845892195399792E-02	9.0298836356658052E-01	-1.1649682395001129E+00	6.1554260018783169E-01	0.0000000000000000E+00	0.0000000000000000E+00	0.0000000000000000E+00	0.0000000000000000E+00	0.0000000000000000E+00	0.0000000000000000E+00	0.0000000000000000E+00	0.0000000000000000E+00	0.0000000000000000E+00	0.0000000000000000E+00	0.0000000000000000E+00	0.0000000000000000E+00	0.0000000000000000E+00	
7.0599772743772521E-03	-9.7773460204881781E-03	1.8070964710915191E-01	4.9020491216024593E-03	2.2862867364712361E-01	-2.8908436527154291E-01	1.4855338186171549E-01	4.6491060630814474E-01	0.0000000000000000E+00	0.0000000000000000E+00	0.0000000000000000E+00	0.0000000000000000E+00	0.0000000000000000E+00	0.0000000000000000E+00	0.0000000000000000E+00	0.0000000000000000E+00	0.0000000000000000E+00	0.0000000000000000E+00	0.0000000000000000E+00	0.0000000000000000E+00	
4.4079201409206901E-03	-1.0989305012888603E-02	1.7513774412036559E-01	2.8655379523832590E-02	1.4352122006876620E+00	-1.8471459765913281E+00	9.7280898950255990E-01	-2.8974768266539148E+00	1.6243216428633067E+00	0.0000000000000000E+00	0.0000000000000000E+00	0.0000000000000000E+00	0.0000000000000000E+00	0.0000000000000000E+00	0.0000000000000000E+00	0.0000000000000000E+00	0.0000000000000000E+00	0.0000000000000000E+00	0.0000000000000000E+00	0.0000000000000000E+00	
2.0030636570540890E-02	-2.6251060726004857E-02	4.9371317367276635E-01	6.1045609582591250E-03	2.5460762666446707E-01	-3.1204702919269578E-01	1.5315614730684218E-01	2.2909595430901666E+00	-1.0326716858351803E+00	-9.5463047068362703E-03	0.0000000000000000E+00	0.0000000000000000E+00	0.0000000000000000E+00	0.0000000000000000E+00	0.0000000000000000E+00	0.0000000000000000E+00	0.0000000000000000E+00	0.0000000000000000E+00	0.0000000000000000E+00	0.0000000000000000E+00	
6.1627243241075902E-03	-9.0454812690263717E-03	1.6425830779110698E-01	6.9551602643956913E-03	3.3470875824095236E-01	-4.2660512273365381E-01	2.2169009360531250E-01	7.2523926877116840E-02	2.6469517785394914E-02	-2.5614202859899210E-04	-1.4165356911155266E-03	0.0000000000000000E+00	0.0000000000000000E+00	0.0000000000000000E+00	0.0000000000000000E+00	0.0000000000000000E+00	0.0000000000000000E+00	0.0000000000000000E+00	0.0000000000000000E+00	0.0000000000000000E+00	
6.2645043043585442E-03	-9.2030683895718800E-03	1.6707566743254049E-01	7.1129784386456786E-03	3.4240551313312978E-01	-4.3644751259145603E-01	2.2682823280718864E-01	6.8372309704057915E-02	2.9818445897856462E-02	-2.3769207061287656E-04	-3.5214045329930556E-05	1.4158851524134178E-01	0.0000000000000000E+00	0.0000000000000000E+00	0.0000000000000000E+00	0.0000000000000000E+00	0.0000000000000000E+00	0.0000000000000000E+00	0.0000000000000000E+00	0.0000000000000000E+00	
-3.4226888480837080E-03	5.0279840671881224E-03	-9.1280967796964832E-02	-3.8850823388756825E-03	-1.8701783071542155E-01	2.3838156932892496E-01	-1.2388979017811741E-01	-3.7503112115120536E-02	-1.6211625767499949E-02	1.3048948991815267E-04	5.7857038777920082E-05	6.9298313680090581E-02	1.3594298075561848E+00	0.0000000000000000E+00	0.0000000000000000E+00	0.0000000000000000E+00	0.0000000000000000E+00	0.0000000000000000E+00	0.0000000000000000E+00	0.0000000000000000E+00	
4.2677554842930412E-02	-6.2695041962525358E-02	1.1381969067526079E+00	4.8448588224204711E-02	2.3322027642493115E+00	-2.9727375032656358E+00	1.5449706538120431E+00	4.6694897898856591E-01	2.0251195286050364E-01	-1.6242013330812102E-03	-5.4342138848706152E-04	-1.8809736366594904E-01	-4.7262215639850673E+00	1.3585485298067064E+00	0.0000000000000000E+00	0.0000000000000000E+00	0.0000000000000000E+00	0.0000000000000000E+00	0.0000000000000000E+00	0.0000000000000000E+00	
7.0973609684519389E-03	-1.0426392767044077E-02	1.8928545276363040E-01	8.0575377719479327E-03	3.8787224060487480E-01	-4.9440089378257734E-01	2.5694686621258445E-01	7.7599399544725223E-02	3.3708142972787410E-02	-2.6987412216183346E-04	-7.5895134286430978E-05	2.3697836040192710E-02	2.0825892247116196E-01	6.1120195489743900E-03	9.0998134461176729E-05	0.0000000000000000E+00	0.0000000000000000E+00	0.0000000000000000E+00	0.0000000000000000E+00	0.0000000000000000E+00	
3.2415589480832251E-03	-4.7620294321291425E-03	8.6451980285295271E-02	3.6801533738176698E-03	1.7715466295957175E-01	-2.2581002368552389E-01	1.1735656938753891E-01	3.5434868140954721E-02	1.5399187471759685E-02	-1.2322963752749036E-04	-3.2851258503228745E-05	1.7705341469368752E-02	2.1956995639411436E-01	-2.4723781549374896E-02	-1.7182402987043628E-04	6.3788753271149135E-01	0.0000000000000000E+00	0.0000000000000000E+00	0.0000000000000000E+00	0.0000000000000000E+00	
5.8712856676345973E-03	-8.6252305602163414E-03	1.5658630524607248E-01	6.6656237980326919E-03	3.2086862420964934E-01	-4.0899483776425238E-01	2.1256019547884514E-01	6.4189961930282216E-02	2.7887249213518837E-02	-2.2323586073246985E-04	-6.1714472999252842E-05	2.3666442787103448E-02	2.4574713907686807E-01	-1.1186316024396979E-02	-5.0684747987921673E-05	1.5673203761158197E-01	4.6562933994461826E-02	0.0000000000000000E+00	0.0000000000000000E+00	0.0000000000000000E+00	
6.8400697409563109E-03	-1.0048424633688467E-02	1.8242361542635377E-01	7.7654703575048920E-03	3.7381282934443893E-01	-4.7648010570507127E-01	2.4763320626023941E-01	7.4782326830218585E-02	3.2488324239197820E-02	-2.6007392457263605E-04	-7.2102765567929439E-05	2.6792307438383595E-02	2.7220548818301521E-01	-9.9167404130240441E-03	-3.4887837204813444E-05	8.9985551968796984E-02	2.7353102863747435E-02	1.6475820805316069E-01	0.0000000000000000E+00	0.0000000000000000E+00	
6.3736856350650644E-03	-9.3632816858626299E-03	1.6998522253144210E-01	7.2359886234464113E-03	3.4832473189711050E-01	-4.4399173073735865E-01	2.3074855490848942E-01	6.9683360705355940E-02	3.0273136207053353E-02	-2.4234101697104615E-04	-6.7186684019971785E-05	2.4964807404959058E-02	2.5363291527395848E-01	-9.2378164837540189E-03	-3.2487638566283776E-05	8.3767929623590850E-02	2.5464232554901586E-02	1.5333053623141293E-01	5.9149742649747233E-02	0.0000000000000000E+00	

gamma1
0.0000000000000000E+00	0.0000000000000000E+00	-8.9494815110574111E-01	-4.7954348863320906E-01	2.5310359676539107E-01	6.6432174139208433E-02	-4.3569148240639475E+00	-6.1412590283432067E+00	-1.9986939706009654E-01	-9.1504377485669561E+00	-7.7477318008470730E-01	2.6025041520647552E-03	-2.7715092872246050E-02	5.7455673235665050E-01	-4.1710381191859547E+00	8.4273812373067969E-03	-1.6182131187403714E+00	2.5058281949119399E-01	5.0049718798005982E-01	9.3063974197837518E-01	

gamma2
0.0000000000000000E+00	1.0000000000000000E+00	1.6140530390018923E+00	1.2113203474695919E+00	2.4643266314354720E-01	3.9456844596370449E-01	1.6702753243991426E+00	1.7348717100603845E+00	1.6684264149292080E-01	1.1664070506738513E+00	3.8592442493442147E-01	9.2593642225327455E-02	9.2604385042560022E-02	-9.3373519337705713E-02	4.0926584123699178E-01	9.9506644611135980E-02	2.4579293285599305E-01	8.4700780859417263E-02	5.6774392663479223E-02	1.1706861135550735E-04	

gamma3
0.0000000000000000E+00	0.0000000000000000E+00	0.0000000000000000E+00	0.0000000000000000E+00	1.3277654979040784E-01	-1.0778724281669755E-01	-2.5244773176451418E-01	1.7830177268396481E+00	2.4336055590874892E-01	5.4531962789041455E-01	-1.5422512625927811E+00	1.7732514581120007E-01	1.5497323276169614E-01	1.3905559312283449E+00	2.4643139374540748E-01	-2.0184071461236283E-01	-5.9654242647033041E-02	-1.6850374855426770E-01	-2.0272025220309761E-01	6.7912276367683155E-02	

delta
1.0000000000000000E+00	1.7403090562473109E-01	4.7399487849568399E-02	1.2706087932567052E+00	1.4718622353730884E-01	7.1912065034079464E-01	-2.6979416917440524E-01	2.6444479735424560E+00	2.5017909956640856E+00	3.6021953094290171E-01	2.6167058917997216E-01	5.6773082985852819E-01	9.1163068226502986E-01	1.6967396971824624E+00	-3.9479249961766660E-02	-1.0984927017833619E+00	-5.7591032676837975E-02	1.5314391151083040E+00	0.0000000000000000E+00	

r
0.0000000000000000E+00	

errcoeff
2.9206884356584109E-05	

v
1.0000000000000000E+00	
1.0000000000000000E+00	
1.0000000000000000E+00	
1.0000000000000000E+00	
1.0000000000000000E+00	
1.0000000000000000E+00	
1.0000000000000000E+00	
1.0000000000000000E+00	
1.0000000000000000E+00	
1.0000000000000000E+00	
1.0000000000000000E+00	
1.0000000000000000E+00	
1.0000000000000000E+00	
1.0000000000000000E+00	
1.0000000000000000E+00	
1.0000000000000000E+00	
1.0000000000000000E+00	
1.0000000000000000E+00	
1.0000000000000000E+00	
1.0000000000000000E+00	

==============================================================

