#stage		 order
23	 		5


A
0.0000000000000000E+00	0.0000000000000000E+00	0.0000000000000000E+00	0.0000000000000000E+00	0.0000000000000000E+00	0.0000000000000000E+00	0.0000000000000000E+00	0.0000000000000000E+00	0.0000000000000000E+00	0.0000000000000000E+00	0.0000000000000000E+00	0.0000000000000000E+00	0.0000000000000000E+00	0.0000000000000000E+00	0.0000000000000000E+00	0.0000000000000000E+00	0.0000000000000000E+00	0.0000000000000000E+00	0.0000000000000000E+00	0.0000000000000000E+00	0.0000000000000000E+00	0.0000000000000000E+00	0.0000000000000000E+00	
5.5532350643740576E-02	0.0000000000000000E+00	0.0000000000000000E+00	0.0000000000000000E+00	0.0000000000000000E+00	0.0000000000000000E+00	0.0000000000000000E+00	0.0000000000000000E+00	0.0000000000000000E+00	0.0000000000000000E+00	0.0000000000000000E+00	0.0000000000000000E+00	0.0000000000000000E+00	0.0000000000000000E+00	0.0000000000000000E+00	0.0000000000000000E+00	0.0000000000000000E+00	0.0000000000000000E+00	0.0000000000000000E+00	0.0000000000000000E+00	0.0000000000000000E+00	0.0000000000000000E+00	0.0000000000000000E+00	
5.3378982348676059E-02	4.7901882959081037E-02	0.0000000000000000E+00	0.0000000000000000E+00	0.0000000000000000E+00	0.0000000000000000E+00	0.0000000000000000E+00	0.0000000000000000E+00	0.0000000000000000E+00	0.0000000000000000E+00	0.0000000000000000E+00	0.0000000000000000E+00	0.0000000000000000E+00	0.0000000000000000E+00	0.0000000000000000E+00	0.0000000000000000E+00	0.0000000000000000E+00	0.0000000000000000E+00	0.0000000000000000E+00	0.0000000000000000E+00	0.0000000000000000E+00	0.0000000000000000E+00	0.0000000000000000E+00	
2.7134201521739065E-03	-1.4763093637273350E-03	3.9324104529305964E-01	0.0000000000000000E+00	0.0000000000000000E+00	0.0000000000000000E+00	0.0000000000000000E+00	0.0000000000000000E+00	0.0000000000000000E+00	0.0000000000000000E+00	0.0000000000000000E+00	0.0000000000000000E+00	0.0000000000000000E+00	0.0000000000000000E+00	0.0000000000000000E+00	0.0000000000000000E+00	0.0000000000000000E+00	0.0000000000000000E+00	0.0000000000000000E+00	0.0000000000000000E+00	0.0000000000000000E+00	0.0000000000000000E+00	0.0000000000000000E+00	
-3.2752959854302596E-03	-6.2808347193631792E-03	2.4717403258535942E-01	4.4663665044961426E-01	0.0000000000000000E+00	0.0000000000000000E+00	0.0000000000000000E+00	0.0000000000000000E+00	0.0000000000000000E+00	0.0000000000000000E+00	0.0000000000000000E+00	0.0000000000000000E+00	0.0000000000000000E+00	0.0000000000000000E+00	0.0000000000000000E+00	0.0000000000000000E+00	0.0000000000000000E+00	0.0000000000000000E+00	0.0000000000000000E+00	0.0000000000000000E+00	0.0000000000000000E+00	0.0000000000000000E+00	0.0000000000000000E+00	
-1.8444433165220885E-02	-1.8275820310731983E-02	-1.3844296406305134E-01	-3.7360381390237629E-01	8.6860692506457882E-01	0.0000000000000000E+00	0.0000000000000000E+00	0.0000000000000000E+00	0.0000000000000000E+00	0.0000000000000000E+00	0.0000000000000000E+00	0.0000000000000000E+00	0.0000000000000000E+00	0.0000000000000000E+00	0.0000000000000000E+00	0.0000000000000000E+00	0.0000000000000000E+00	0.0000000000000000E+00	0.0000000000000000E+00	0.0000000000000000E+00	0.0000000000000000E+00	0.0000000000000000E+00	0.0000000000000000E+00	
-1.8718932687227022E-02	-1.8481679300931218E-02	-1.4642388370525580E-01	-3.9033978627986299E-01	8.9436051176540388E-01	6.8598911258729175E-02	0.0000000000000000E+00	0.0000000000000000E+00	0.0000000000000000E+00	0.0000000000000000E+00	0.0000000000000000E+00	0.0000000000000000E+00	0.0000000000000000E+00	0.0000000000000000E+00	0.0000000000000000E+00	0.0000000000000000E+00	0.0000000000000000E+00	0.0000000000000000E+00	0.0000000000000000E+00	0.0000000000000000E+00	0.0000000000000000E+00	0.0000000000000000E+00	0.0000000000000000E+00	
-1.4192611557254264E-02	-1.6750147268836835E-02	1.3405578324066347E-01	1.6665540335036333E-01	1.4716111820790445E-01	2.7594492760183442E-03	2.1624777210938664E-03	0.0000000000000000E+00	0.0000000000000000E+00	0.0000000000000000E+00	0.0000000000000000E+00	0.0000000000000000E+00	0.0000000000000000E+00	0.0000000000000000E+00	0.0000000000000000E+00	0.0000000000000000E+00	0.0000000000000000E+00	0.0000000000000000E+00	0.0000000000000000E+00	0.0000000000000000E+00	0.0000000000000000E+00	0.0000000000000000E+00	0.0000000000000000E+00	
-2.9032323325888232E-03	7.2400676552012572E-04	-3.4415219355747206E-01	-6.6730555867951380E-01	8.3509952195434045E-01	7.5239015331204653E-02	-1.0432595775900971E-02	1.4945518492238470E+00	0.0000000000000000E+00	0.0000000000000000E+00	0.0000000000000000E+00	0.0000000000000000E+00	0.0000000000000000E+00	0.0000000000000000E+00	0.0000000000000000E+00	0.0000000000000000E+00	0.0000000000000000E+00	0.0000000000000000E+00	0.0000000000000000E+00	0.0000000000000000E+00	0.0000000000000000E+00	0.0000000000000000E+00	0.0000000000000000E+00	
-1.9437241258599400E-02	-2.2113312667268795E-02	1.0959439255446492E-01	8.8556352292912338E-02	3.6185752242678004E-01	1.8650644884466879E-02	7.9582889906969255E-04	-8.1146906668192353E-02	4.1743259690732726E-03	0.0000000000000000E+00	0.0000000000000000E+00	0.0000000000000000E+00	0.0000000000000000E+00	0.0000000000000000E+00	0.0000000000000000E+00	0.0000000000000000E+00	0.0000000000000000E+00	0.0000000000000000E+00	0.0000000000000000E+00	0.0000000000000000E+00	0.0000000000000000E+00	0.0000000000000000E+00	0.0000000000000000E+00	
-2.6905094307551305E-02	-3.1001804425172839E-02	1.8683886274572770E-01	1.8890753802792304E-01	4.2475993677584684E-01	1.8754688843526501E-02	2.1299784502153913E-03	-2.5917034532745648E-01	7.2549572967335295E-03	1.6568154886414294E-01	0.0000000000000000E+00	0.0000000000000000E+00	0.0000000000000000E+00	0.0000000000000000E+00	0.0000000000000000E+00	0.0000000000000000E+00	0.0000000000000000E+00	0.0000000000000000E+00	0.0000000000000000E+00	0.0000000000000000E+00	0.0000000000000000E+00	0.0000000000000000E+00	0.0000000000000000E+00	
1.9185764282235729E-02	2.6749638267184905E-02	-5.4886771003432533E-01	-9.1927403528584506E-01	5.9755803684996422E-01	7.0155428561226946E-02	-1.3683335671974196E-02	1.9218094542819184E+00	-2.2642493869189248E-02	-5.2239438655971582E-01	4.4169532451788518E-01	0.0000000000000000E+00	0.0000000000000000E+00	0.0000000000000000E+00	0.0000000000000000E+00	0.0000000000000000E+00	0.0000000000000000E+00	0.0000000000000000E+00	0.0000000000000000E+00	0.0000000000000000E+00	0.0000000000000000E+00	0.0000000000000000E+00	0.0000000000000000E+00	
7.1536914532287735E-02	9.1760698837680787E-02	-1.3321753921684065E+00	-2.0792016254376944E+00	6.8046443637491949E-01	1.1802178064366269E-01	-3.0113050138951273E-02	4.1803419125117829E+00	-5.4401503871285672E-02	-1.2530354683770153E+00	1.0199095189141811E+00	8.6458551966825184E-02	0.0000000000000000E+00	0.0000000000000000E+00	0.0000000000000000E+00	0.0000000000000000E+00	0.0000000000000000E+00	0.0000000000000000E+00	0.0000000000000000E+00	0.0000000000000000E+00	0.0000000000000000E+00	0.0000000000000000E+00	0.0000000000000000E+00	
-5.0342349663521802E-01	-6.2709169763190054E-01	7.7050201275932313E+00	1.1479830806853778E+01	-1.1709882705491754E+00	-4.9496566761205973E-01	1.6304171992514821E-01	-2.2439638564450174E+01	3.1265426716843897E-01	7.1938372495879879E+00	-5.7116906675887265E+00	-4.9906180812811640E-01	3.5746741709372037E-01	0.0000000000000000E+00	0.0000000000000000E+00	0.0000000000000000E+00	0.0000000000000000E+00	0.0000000000000000E+00	0.0000000000000000E+00	0.0000000000000000E+00	0.0000000000000000E+00	0.0000000000000000E+00	0.0000000000000000E+00	
8.6542787421730466E-03	9.6068291300117001E-03	-2.7403560830434714E-02	9.5213689437123605E-04	-2.0745987354059803E-01	-1.2603253777117143E-02	2.7176165957038326E-04	-5.3272246772849474E-02	-9.5946363180442543E-04	-2.1493782565045527E-02	5.9808978708995597E-03	1.6987059499206925E-03	-6.7623879053787007E-03	-8.2285897369894882E-04	0.0000000000000000E+00	0.0000000000000000E+00	0.0000000000000000E+00	0.0000000000000000E+00	0.0000000000000000E+00	0.0000000000000000E+00	0.0000000000000000E+00	0.0000000000000000E+00	0.0000000000000000E+00	
2.8664416456505772E-02	3.2684896075400746E-02	-1.6824865301067154E-01	-1.4310675948614554E-01	-5.1927794461060139E-01	-2.6172391751858922E-02	-1.3676053917784643E-03	1.4736810410819781E-01	-6.4345208876362848E-03	-1.4655183288423207E-01	8.7819587622729192E-02	1.0701319656746339E-02	-2.1942915861362676E-02	-5.5647018788581855E-04	2.9002688861529308E-01	0.0000000000000000E+00	0.0000000000000000E+00	0.0000000000000000E+00	0.0000000000000000E+00	0.0000000000000000E+00	0.0000000000000000E+00	0.0000000000000000E+00	0.0000000000000000E+00	
-9.2140011691468349E-03	-1.0573182994966471E-02	6.0065003326764344E-02	5.7293564748936258E-02	1.5395794268448032E-01	7.2106640949390300E-03	6.1469958040519929E-04	-7.2372323936412658E-02	2.3197809269009562E-03	5.2926803603348435E-02	-3.3480113354630740E-02	-3.8317086763076753E-03	7.0182666810840707E-03	1.1407168671646319E-05	-2.6900617712917185E-02	2.1934219952960385E-01	0.0000000000000000E+00	0.0000000000000000E+00	0.0000000000000000E+00	0.0000000000000000E+00	0.0000000000000000E+00	0.0000000000000000E+00	0.0000000000000000E+00	
-2.4292183882577911E-01	-2.7924399249809995E-01	1.6272781259144926E+00	1.5929993163569915E+00	3.9643412999140173E+00	1.8132294015044773E-01	1.7485144922681869E-02	-2.0906785994190122E+00	6.2996345321671615E-02	1.4378864740298121E+00	-9.2103989434111466E-01	-1.0388293187957312E-01	1.8477581655997954E-01	-9.2250849480094322E-04	-2.2473915046429438E-01	-3.0781412418815171E+00	-3.1538809033430959E-01	0.0000000000000000E+00	0.0000000000000000E+00	0.0000000000000000E+00	0.0000000000000000E+00	0.0000000000000000E+00	0.0000000000000000E+00	
1.0071591030387736E-01	1.1581019759503808E-01	-6.7781047097039682E-01	-6.6638335636943580E-01	-1.6368270889940759E+00	-7.4546338656340611E-02	-7.3412042065948251E-03	8.7991187009186245E-01	-2.6250287298678118E-02	-5.9920233844644599E-01	3.8461898885612644E-01	4.3275580720178342E-02	-7.6590012061806975E-02	4.7030135851268331E-04	5.8392490146110677E-02	1.9124063993291827E+00	1.9131886489860786E-01	-2.5861433603840810E-02	0.0000000000000000E+00	0.0000000000000000E+00	0.0000000000000000E+00	0.0000000000000000E+00	0.0000000000000000E+00	
-1.0158970123795243E-02	-1.1682136497225340E-02	6.8426591273906934E-02	6.7324995448015401E-02	1.6497823922299490E-01	7.5077552293971363E-03	7.4217205803094803E-04	-8.8994837645711505E-02	2.6502192224797287E-03	6.0496004275448580E-02	-3.8846047010687196E-02	-4.3688684714231563E-03	7.7251113861263737E-03	-4.9047448652238855E-05	-5.2525355518563150E-03	-2.0455714493056665E-01	-2.0407499640228789E-02	2.7979919363484373E-03	-6.1651646698208575E-03	0.0000000000000000E+00	0.0000000000000000E+00	0.0000000000000000E+00	0.0000000000000000E+00	
-3.4863645746321614E-02	-4.0037479249493302E-02	2.3004779275605269E-01	2.2202514660545702E-01	5.7652770388586383E-01	2.6725648695988480E-02	2.4071188458370044E-03	-2.8544030841790136E-01	8.8941772749430437E-03	2.0296245792481482E-01	-1.2911734893606042E-01	-1.4680099787832634E-02	2.6539186739945930E-02	-3.4538410705509288E-05	-7.1011711229016172E-02	2.6709451192072109E-01	2.2210788077899668E-02	-6.1439619334592577E-03	6.1148794274067941E-03	6.8417674083656732E-01	0.0000000000000000E+00	0.0000000000000000E+00	0.0000000000000000E+00	
-2.4991972637279782E-02	-2.8710133318887540E-02	1.6574240952147426E-01	1.6073065645297538E-01	4.1147901365439205E-01	1.8990878946002685E-02	1.7499164139024900E-03	-2.0809826373951729E-01	6.4107877888384852E-03	1.4630349592065764E-01	-9.3288682261165212E-02	-1.0577965767916954E-02	1.9019698460020724E-02	-4.8072852236773404E-05	-4.1670947170585691E-02	2.2584715416409093E-02	-1.5358579011065174E-04	-1.6602557214339584E-03	-3.6926949907966798E-04	8.5348537913858546E-03	3.0834202578314284E-04	0.0000000000000000E+00	0.0000000000000000E+00	
5.7662368405903011E-02	6.6246707172579050E-02	-3.8291405974193649E-01	-3.7180103968631062E-01	-9.4828003349815548E-01	-4.3714485392683529E-02	-4.0523159569365542E-03	4.8225169690517244E-01	-1.4812518378521711E-02	-3.3805000996405715E-01	2.1568421972007737E-01	2.4439083909583933E-02	-4.3879944528177041E-02	1.2511544463566707E-04	9.0520631821688208E-02	5.0753826018901910E-02	1.0145505645699580E-02	2.1592691359313210E-03	3.7467640871626622E-03	2.7383269623316991E-01	-7.8272924332286869E-03	1.3093681568134252E+00	0.0000000000000000E+00	

b
-3.2483436873883192E-02	
-3.7314931268928299E-02	
2.1531680593797664E-01	
2.0870716690082064E-01	
5.3505513460778720E-01	
2.4705128569890183E-02	
2.2713105188277623E-03	
-2.7002667087245957E-01	
8.3279261493067781E-03	
1.9005393444577937E-01	
-1.2115789158792084E-01	
-1.3741708658790416E-02	
2.4721577444413681E-02	
-5.9468393760596009E-05	
-5.5355945727823021E-02	
5.1191177876247537E-02	
1.8789380853631243E-03	
-2.5127323195483341E-03	
1.3457122136222585E-04	
7.3405538271257412E-02	
-1.1098595422924578E-03	
1.9348152630398535E-01	
4.5119089123857054E-03	

c
0.0000000000000000E+00	
5.5532350643740576E-02	
1.0128086530775710E-01	
3.9447815608150621E-01	
6.8425455233018018E-01	
3.1983989362319831E-01	
3.8899514105085597E-01	
4.2185147296995235E-01	
1.3808208129294366E+00	
4.6093160643270659E-01	
6.7725026694393531E-01	
1.0502916853393658E+00	
1.4995667737879870E+00	
-4.2350085843730705E+00	
-3.0361281774998033E-01	
-4.3639388153729980E-01	
4.0438838450075265E-01	
1.8121272150315935E+00	
-1.0389192730811973E-01	
-7.8331719372188337E-03	
1.6943970592807074E+00	
5.5228561963362832E-01	
4.3160434173392315E-01	

alpha
0.0000000000000000E+00	0.0000000000000000E+00	0.0000000000000000E+00	0.0000000000000000E+00	0.0000000000000000E+00	0.0000000000000000E+00	0.0000000000000000E+00	0.0000000000000000E+00	0.0000000000000000E+00	0.0000000000000000E+00	0.0000000000000000E+00	0.0000000000000000E+00	0.0000000000000000E+00	0.0000000000000000E+00	0.0000000000000000E+00	0.0000000000000000E+00	0.0000000000000000E+00	0.0000000000000000E+00	0.0000000000000000E+00	0.0000000000000000E+00	0.0000000000000000E+00	0.0000000000000000E+00	0.0000000000000000E+00	0.0000000000000000E+00	
0.0000000000000000E+00	0.0000000000000000E+00	0.0000000000000000E+00	0.0000000000000000E+00	0.0000000000000000E+00	0.0000000000000000E+00	0.0000000000000000E+00	0.0000000000000000E+00	0.0000000000000000E+00	0.0000000000000000E+00	0.0000000000000000E+00	0.0000000000000000E+00	0.0000000000000000E+00	0.0000000000000000E+00	0.0000000000000000E+00	0.0000000000000000E+00	0.0000000000000000E+00	0.0000000000000000E+00	0.0000000000000000E+00	0.0000000000000000E+00	0.0000000000000000E+00	0.0000000000000000E+00	0.0000000000000000E+00	0.0000000000000000E+00	
0.0000000000000000E+00	0.0000000000000000E+00	0.0000000000000000E+00	0.0000000000000000E+00	0.0000000000000000E+00	0.0000000000000000E+00	0.0000000000000000E+00	0.0000000000000000E+00	0.0000000000000000E+00	0.0000000000000000E+00	0.0000000000000000E+00	0.0000000000000000E+00	0.0000000000000000E+00	0.0000000000000000E+00	0.0000000000000000E+00	0.0000000000000000E+00	0.0000000000000000E+00	0.0000000000000000E+00	0.0000000000000000E+00	0.0000000000000000E+00	0.0000000000000000E+00	0.0000000000000000E+00	0.0000000000000000E+00	0.0000000000000000E+00	
0.0000000000000000E+00	-0.0000000000000000E+00	0.0000000000000000E+00	0.0000000000000000E+00	0.0000000000000000E+00	0.0000000000000000E+00	0.0000000000000000E+00	0.0000000000000000E+00	0.0000000000000000E+00	0.0000000000000000E+00	0.0000000000000000E+00	0.0000000000000000E+00	0.0000000000000000E+00	0.0000000000000000E+00	0.0000000000000000E+00	0.0000000000000000E+00	0.0000000000000000E+00	0.0000000000000000E+00	0.0000000000000000E+00	0.0000000000000000E+00	0.0000000000000000E+00	0.0000000000000000E+00	0.0000000000000000E+00	0.0000000000000000E+00	
-0.0000000000000000E+00	-0.0000000000000000E+00	0.0000000000000000E+00	0.0000000000000000E+00	0.0000000000000000E+00	0.0000000000000000E+00	0.0000000000000000E+00	0.0000000000000000E+00	0.0000000000000000E+00	0.0000000000000000E+00	0.0000000000000000E+00	0.0000000000000000E+00	0.0000000000000000E+00	0.0000000000000000E+00	0.0000000000000000E+00	0.0000000000000000E+00	0.0000000000000000E+00	0.0000000000000000E+00	0.0000000000000000E+00	0.0000000000000000E+00	0.0000000000000000E+00	0.0000000000000000E+00	0.0000000000000000E+00	0.0000000000000000E+00	
-0.0000000000000000E+00	-0.0000000000000000E+00	-0.0000000000000000E+00	-0.0000000000000000E+00	0.0000000000000000E+00	0.0000000000000000E+00	0.0000000000000000E+00	0.0000000000000000E+00	0.0000000000000000E+00	0.0000000000000000E+00	0.0000000000000000E+00	0.0000000000000000E+00	0.0000000000000000E+00	0.0000000000000000E+00	0.0000000000000000E+00	0.0000000000000000E+00	0.0000000000000000E+00	0.0000000000000000E+00	0.0000000000000000E+00	0.0000000000000000E+00	0.0000000000000000E+00	0.0000000000000000E+00	0.0000000000000000E+00	0.0000000000000000E+00	
-0.0000000000000000E+00	-0.0000000000000000E+00	-0.0000000000000000E+00	-0.0000000000000000E+00	0.0000000000000000E+00	0.0000000000000000E+00	0.0000000000000000E+00	0.0000000000000000E+00	0.0000000000000000E+00	0.0000000000000000E+00	0.0000000000000000E+00	0.0000000000000000E+00	0.0000000000000000E+00	0.0000000000000000E+00	0.0000000000000000E+00	0.0000000000000000E+00	0.0000000000000000E+00	0.0000000000000000E+00	0.0000000000000000E+00	0.0000000000000000E+00	0.0000000000000000E+00	0.0000000000000000E+00	0.0000000000000000E+00	0.0000000000000000E+00	
-0.0000000000000000E+00	-0.0000000000000000E+00	0.0000000000000000E+00	0.0000000000000000E+00	0.0000000000000000E+00	0.0000000000000000E+00	0.0000000000000000E+00	0.0000000000000000E+00	0.0000000000000000E+00	0.0000000000000000E+00	0.0000000000000000E+00	0.0000000000000000E+00	0.0000000000000000E+00	0.0000000000000000E+00	0.0000000000000000E+00	0.0000000000000000E+00	0.0000000000000000E+00	0.0000000000000000E+00	0.0000000000000000E+00	0.0000000000000000E+00	0.0000000000000000E+00	0.0000000000000000E+00	0.0000000000000000E+00	0.0000000000000000E+00	
-0.0000000000000000E+00	0.0000000000000000E+00	-0.0000000000000000E+00	-0.0000000000000000E+00	0.0000000000000000E+00	0.0000000000000000E+00	-0.0000000000000000E+00	0.0000000000000000E+00	0.0000000000000000E+00	0.0000000000000000E+00	0.0000000000000000E+00	0.0000000000000000E+00	0.0000000000000000E+00	0.0000000000000000E+00	0.0000000000000000E+00	0.0000000000000000E+00	0.0000000000000000E+00	0.0000000000000000E+00	0.0000000000000000E+00	0.0000000000000000E+00	0.0000000000000000E+00	0.0000000000000000E+00	0.0000000000000000E+00	0.0000000000000000E+00	
-0.0000000000000000E+00	-0.0000000000000000E+00	0.0000000000000000E+00	0.0000000000000000E+00	0.0000000000000000E+00	0.0000000000000000E+00	0.0000000000000000E+00	-0.0000000000000000E+00	0.0000000000000000E+00	0.0000000000000000E+00	0.0000000000000000E+00	0.0000000000000000E+00	0.0000000000000000E+00	0.0000000000000000E+00	0.0000000000000000E+00	0.0000000000000000E+00	0.0000000000000000E+00	0.0000000000000000E+00	0.0000000000000000E+00	0.0000000000000000E+00	0.0000000000000000E+00	0.0000000000000000E+00	0.0000000000000000E+00	0.0000000000000000E+00	
-0.0000000000000000E+00	-0.0000000000000000E+00	0.0000000000000000E+00	0.0000000000000000E+00	0.0000000000000000E+00	0.0000000000000000E+00	0.0000000000000000E+00	-0.0000000000000000E+00	0.0000000000000000E+00	0.0000000000000000E+00	0.0000000000000000E+00	0.0000000000000000E+00	0.0000000000000000E+00	0.0000000000000000E+00	0.0000000000000000E+00	0.0000000000000000E+00	0.0000000000000000E+00	0.0000000000000000E+00	0.0000000000000000E+00	0.0000000000000000E+00	0.0000000000000000E+00	0.0000000000000000E+00	0.0000000000000000E+00	0.0000000000000000E+00	
0.0000000000000000E+00	0.0000000000000000E+00	-0.0000000000000000E+00	-0.0000000000000000E+00	0.0000000000000000E+00	0.0000000000000000E+00	-0.0000000000000000E+00	0.0000000000000000E+00	-0.0000000000000000E+00	-0.0000000000000000E+00	0.0000000000000000E+00	0.0000000000000000E+00	0.0000000000000000E+00	0.0000000000000000E+00	0.0000000000000000E+00	0.0000000000000000E+00	0.0000000000000000E+00	0.0000000000000000E+00	0.0000000000000000E+00	0.0000000000000000E+00	0.0000000000000000E+00	0.0000000000000000E+00	0.0000000000000000E+00	0.0000000000000000E+00	
0.0000000000000000E+00	0.0000000000000000E+00	-0.0000000000000000E+00	-0.0000000000000000E+00	0.0000000000000000E+00	0.0000000000000000E+00	-0.0000000000000000E+00	0.0000000000000000E+00	-0.0000000000000000E+00	-0.0000000000000000E+00	0.0000000000000000E+00	0.0000000000000000E+00	0.0000000000000000E+00	0.0000000000000000E+00	0.0000000000000000E+00	0.0000000000000000E+00	0.0000000000000000E+00	0.0000000000000000E+00	0.0000000000000000E+00	0.0000000000000000E+00	0.0000000000000000E+00	0.0000000000000000E+00	0.0000000000000000E+00	0.0000000000000000E+00	
-0.0000000000000000E+00	-0.0000000000000000E+00	0.0000000000000000E+00	0.0000000000000000E+00	-0.0000000000000000E+00	-0.0000000000000000E+00	0.0000000000000000E+00	-0.0000000000000000E+00	0.0000000000000000E+00	0.0000000000000000E+00	-0.0000000000000000E+00	-0.0000000000000000E+00	0.0000000000000000E+00	0.0000000000000000E+00	0.0000000000000000E+00	0.0000000000000000E+00	0.0000000000000000E+00	0.0000000000000000E+00	0.0000000000000000E+00	0.0000000000000000E+00	0.0000000000000000E+00	0.0000000000000000E+00	0.0000000000000000E+00	0.0000000000000000E+00	
0.0000000000000000E+00	0.0000000000000000E+00	-0.0000000000000000E+00	0.0000000000000000E+00	-0.0000000000000000E+00	-0.0000000000000000E+00	0.0000000000000000E+00	-0.0000000000000000E+00	-0.0000000000000000E+00	-0.0000000000000000E+00	0.0000000000000000E+00	0.0000000000000000E+00	-0.0000000000000000E+00	-0.0000000000000000E+00	0.0000000000000000E+00	0.0000000000000000E+00	0.0000000000000000E+00	0.0000000000000000E+00	0.0000000000000000E+00	0.0000000000000000E+00	0.0000000000000000E+00	0.0000000000000000E+00	0.0000000000000000E+00	0.0000000000000000E+00	
0.0000000000000000E+00	0.0000000000000000E+00	-0.0000000000000000E+00	-0.0000000000000000E+00	-0.0000000000000000E+00	-0.0000000000000000E+00	-0.0000000000000000E+00	0.0000000000000000E+00	-0.0000000000000000E+00	-0.0000000000000000E+00	0.0000000000000000E+00	0.0000000000000000E+00	-0.0000000000000000E+00	-0.0000000000000000E+00	0.0000000000000000E+00	0.0000000000000000E+00	0.0000000000000000E+00	0.0000000000000000E+00	0.0000000000000000E+00	0.0000000000000000E+00	0.0000000000000000E+00	0.0000000000000000E+00	0.0000000000000000E+00	0.0000000000000000E+00	
-0.0000000000000000E+00	-0.0000000000000000E+00	0.0000000000000000E+00	0.0000000000000000E+00	0.0000000000000000E+00	0.0000000000000000E+00	0.0000000000000000E+00	-0.0000000000000000E+00	0.0000000000000000E+00	0.0000000000000000E+00	-0.0000000000000000E+00	-0.0000000000000000E+00	0.0000000000000000E+00	0.0000000000000000E+00	-0.0000000000000000E+00	0.0000000000000000E+00	0.0000000000000000E+00	0.0000000000000000E+00	0.0000000000000000E+00	0.0000000000000000E+00	0.0000000000000000E+00	0.0000000000000000E+00	0.0000000000000000E+00	0.0000000000000000E+00	
-0.0000000000000000E+00	-0.0000000000000000E+00	0.0000000000000000E+00	0.0000000000000000E+00	0.0000000000000000E+00	0.0000000000000000E+00	0.0000000000000000E+00	-0.0000000000000000E+00	0.0000000000000000E+00	0.0000000000000000E+00	-0.0000000000000000E+00	-0.0000000000000000E+00	0.0000000000000000E+00	-0.0000000000000000E+00	-0.0000000000000000E+00	-0.0000000000000000E+00	-0.0000000000000000E+00	0.0000000000000000E+00	0.0000000000000000E+00	0.0000000000000000E+00	0.0000000000000000E+00	0.0000000000000000E+00	0.0000000000000000E+00	0.0000000000000000E+00	
0.0000000000000000E+00	0.0000000000000000E+00	-0.0000000000000000E+00	-0.0000000000000000E+00	-0.0000000000000000E+00	-0.0000000000000000E+00	-0.0000000000000000E+00	0.0000000000000000E+00	-0.0000000000000000E+00	-0.0000000000000000E+00	0.0000000000000000E+00	0.0000000000000000E+00	-0.0000000000000000E+00	0.0000000000000000E+00	0.0000000000000000E+00	0.0000000000000000E+00	0.0000000000000000E+00	-0.0000000000000000E+00	0.0000000000000000E+00	0.0000000000000000E+00	0.0000000000000000E+00	0.0000000000000000E+00	0.0000000000000000E+00	0.0000000000000000E+00	
-0.0000000000000000E+00	-0.0000000000000000E+00	0.0000000000000000E+00	0.0000000000000000E+00	0.0000000000000000E+00	0.0000000000000000E+00	0.0000000000000000E+00	-0.0000000000000000E+00	0.0000000000000000E+00	0.0000000000000000E+00	-0.0000000000000000E+00	-0.0000000000000000E+00	0.0000000000000000E+00	-0.0000000000000000E+00	-0.0000000000000000E+00	-0.0000000000000000E+00	-0.0000000000000000E+00	0.0000000000000000E+00	-0.0000000000000000E+00	0.0000000000000000E+00	0.0000000000000000E+00	0.0000000000000000E+00	0.0000000000000000E+00	0.0000000000000000E+00	
-0.0000000000000000E+00	-0.0000000000000000E+00	0.0000000000000000E+00	0.0000000000000000E+00	0.0000000000000000E+00	0.0000000000000000E+00	0.0000000000000000E+00	-0.0000000000000000E+00	0.0000000000000000E+00	0.0000000000000000E+00	-0.0000000000000000E+00	-0.0000000000000000E+00	0.0000000000000000E+00	-0.0000000000000000E+00	-0.0000000000000000E+00	0.0000000000000000E+00	0.0000000000000000E+00	-0.0000000000000000E+00	0.0000000000000000E+00	0.0000000000000000E+00	0.0000000000000000E+00	0.0000000000000000E+00	0.0000000000000000E+00	0.0000000000000000E+00	
-0.0000000000000000E+00	-0.0000000000000000E+00	0.0000000000000000E+00	0.0000000000000000E+00	0.0000000000000000E+00	0.0000000000000000E+00	0.0000000000000000E+00	-0.0000000000000000E+00	0.0000000000000000E+00	0.0000000000000000E+00	-0.0000000000000000E+00	-0.0000000000000000E+00	0.0000000000000000E+00	-0.0000000000000000E+00	-0.0000000000000000E+00	0.0000000000000000E+00	-0.0000000000000000E+00	-0.0000000000000000E+00	-0.0000000000000000E+00	0.0000000000000000E+00	0.0000000000000000E+00	0.0000000000000000E+00	0.0000000000000000E+00	0.0000000000000000E+00	
0.0000000000000000E+00	0.0000000000000000E+00	-0.0000000000000000E+00	-0.0000000000000000E+00	-0.0000000000000000E+00	-0.0000000000000000E+00	-0.0000000000000000E+00	0.0000000000000000E+00	-0.0000000000000000E+00	-0.0000000000000000E+00	0.0000000000000000E+00	0.0000000000000000E+00	-0.0000000000000000E+00	0.0000000000000000E+00	0.0000000000000000E+00	0.0000000000000000E+00	0.0000000000000000E+00	0.0000000000000000E+00	0.0000000000000000E+00	0.0000000000000000E+00	-0.0000000000000000E+00	0.0000000000000000E+00	0.0000000000000000E+00	0.0000000000000000E+00	
-0.0000000000000000E+00	-0.0000000000000000E+00	0.0000000000000000E+00	0.0000000000000000E+00	0.0000000000000000E+00	0.0000000000000000E+00	0.0000000000000000E+00	-0.0000000000000000E+00	0.0000000000000000E+00	0.0000000000000000E+00	-0.0000000000000000E+00	-0.0000000000000000E+00	0.0000000000000000E+00	-0.0000000000000000E+00	-0.0000000000000000E+00	0.0000000000000000E+00	0.0000000000000000E+00	-0.0000000000000000E+00	0.0000000000000000E+00	0.0000000000000000E+00	-0.0000000000000000E+00	0.0000000000000000E+00	0.0000000000000000E+00	0.0000000000000000E+00	

beta
0.0000000000000000E+00	0.0000000000000000E+00	0.0000000000000000E+00	0.0000000000000000E+00	0.0000000000000000E+00	0.0000000000000000E+00	0.0000000000000000E+00	0.0000000000000000E+00	0.0000000000000000E+00	0.0000000000000000E+00	0.0000000000000000E+00	0.0000000000000000E+00	0.0000000000000000E+00	0.0000000000000000E+00	0.0000000000000000E+00	0.0000000000000000E+00	0.0000000000000000E+00	0.0000000000000000E+00	0.0000000000000000E+00	0.0000000000000000E+00	0.0000000000000000E+00	0.0000000000000000E+00	0.0000000000000000E+00	0.0000000000000000E+00	
5.5532350643740576E-02	0.0000000000000000E+00	0.0000000000000000E+00	0.0000000000000000E+00	0.0000000000000000E+00	0.0000000000000000E+00	0.0000000000000000E+00	0.0000000000000000E+00	0.0000000000000000E+00	0.0000000000000000E+00	0.0000000000000000E+00	0.0000000000000000E+00	0.0000000000000000E+00	0.0000000000000000E+00	0.0000000000000000E+00	0.0000000000000000E+00	0.0000000000000000E+00	0.0000000000000000E+00	0.0000000000000000E+00	0.0000000000000000E+00	0.0000000000000000E+00	0.0000000000000000E+00	0.0000000000000000E+00	0.0000000000000000E+00	
5.3378982348676059E-02	4.7901882959081037E-02	0.0000000000000000E+00	0.0000000000000000E+00	0.0000000000000000E+00	0.0000000000000000E+00	0.0000000000000000E+00	0.0000000000000000E+00	0.0000000000000000E+00	0.0000000000000000E+00	0.0000000000000000E+00	0.0000000000000000E+00	0.0000000000000000E+00	0.0000000000000000E+00	0.0000000000000000E+00	0.0000000000000000E+00	0.0000000000000000E+00	0.0000000000000000E+00	0.0000000000000000E+00	0.0000000000000000E+00	0.0000000000000000E+00	0.0000000000000000E+00	0.0000000000000000E+00	0.0000000000000000E+00	
2.7134201521739065E-03	-1.4763093637273350E-03	3.9324104529305964E-01	0.0000000000000000E+00	0.0000000000000000E+00	0.0000000000000000E+00	0.0000000000000000E+00	0.0000000000000000E+00	0.0000000000000000E+00	0.0000000000000000E+00	0.0000000000000000E+00	0.0000000000000000E+00	0.0000000000000000E+00	0.0000000000000000E+00	0.0000000000000000E+00	0.0000000000000000E+00	0.0000000000000000E+00	0.0000000000000000E+00	0.0000000000000000E+00	0.0000000000000000E+00	0.0000000000000000E+00	0.0000000000000000E+00	0.0000000000000000E+00	0.0000000000000000E+00	
-3.2752959854302596E-03	-6.2808347193631792E-03	2.4717403258535942E-01	4.4663665044961426E-01	0.0000000000000000E+00	0.0000000000000000E+00	0.0000000000000000E+00	0.0000000000000000E+00	0.0000000000000000E+00	0.0000000000000000E+00	0.0000000000000000E+00	0.0000000000000000E+00	0.0000000000000000E+00	0.0000000000000000E+00	0.0000000000000000E+00	0.0000000000000000E+00	0.0000000000000000E+00	0.0000000000000000E+00	0.0000000000000000E+00	0.0000000000000000E+00	0.0000000000000000E+00	0.0000000000000000E+00	0.0000000000000000E+00	0.0000000000000000E+00	
-1.8444433165220885E-02	-1.8275820310731983E-02	-1.3844296406305134E-01	-3.7360381390237629E-01	8.6860692506457882E-01	0.0000000000000000E+00	0.0000000000000000E+00	0.0000000000000000E+00	0.0000000000000000E+00	0.0000000000000000E+00	0.0000000000000000E+00	0.0000000000000000E+00	0.0000000000000000E+00	0.0000000000000000E+00	0.0000000000000000E+00	0.0000000000000000E+00	0.0000000000000000E+00	0.0000000000000000E+00	0.0000000000000000E+00	0.0000000000000000E+00	0.0000000000000000E+00	0.0000000000000000E+00	0.0000000000000000E+00	0.0000000000000000E+00	
-1.8718932687227022E-02	-1.8481679300931218E-02	-1.4642388370525580E-01	-3.9033978627986299E-01	8.9436051176540388E-01	6.8598911258729175E-02	0.0000000000000000E+00	0.0000000000000000E+00	0.0000000000000000E+00	0.0000000000000000E+00	0.0000000000000000E+00	0.0000000000000000E+00	0.0000000000000000E+00	0.0000000000000000E+00	0.0000000000000000E+00	0.0000000000000000E+00	0.0000000000000000E+00	0.0000000000000000E+00	0.0000000000000000E+00	0.0000000000000000E+00	0.0000000000000000E+00	0.0000000000000000E+00	0.0000000000000000E+00	0.0000000000000000E+00	
-1.4192611557254264E-02	-1.6750147268836835E-02	1.3405578324066347E-01	1.6665540335036333E-01	1.4716111820790445E-01	2.7594492760183442E-03	2.1624777210938664E-03	0.0000000000000000E+00	0.0000000000000000E+00	0.0000000000000000E+00	0.0000000000000000E+00	0.0000000000000000E+00	0.0000000000000000E+00	0.0000000000000000E+00	0.0000000000000000E+00	0.0000000000000000E+00	0.0000000000000000E+00	0.0000000000000000E+00	0.0000000000000000E+00	0.0000000000000000E+00	0.0000000000000000E+00	0.0000000000000000E+00	0.0000000000000000E+00	0.0000000000000000E+00	
-2.9032323325888232E-03	7.2400676552012572E-04	-3.4415219355747206E-01	-6.6730555867951380E-01	8.3509952195434045E-01	7.5239015331204653E-02	-1.0432595775900971E-02	1.4945518492238470E+00	0.0000000000000000E+00	0.0000000000000000E+00	0.0000000000000000E+00	0.0000000000000000E+00	0.0000000000000000E+00	0.0000000000000000E+00	0.0000000000000000E+00	0.0000000000000000E+00	0.0000000000000000E+00	0.0000000000000000E+00	0.0000000000000000E+00	0.0000000000000000E+00	0.0000000000000000E+00	0.0000000000000000E+00	0.0000000000000000E+00	0.0000000000000000E+00	
-1.9437241258599400E-02	-2.2113312667268795E-02	1.0959439255446492E-01	8.8556352292912338E-02	3.6185752242678004E-01	1.8650644884466879E-02	7.9582889906969255E-04	-8.1146906668192353E-02	4.1743259690732726E-03	0.0000000000000000E+00	0.0000000000000000E+00	0.0000000000000000E+00	0.0000000000000000E+00	0.0000000000000000E+00	0.0000000000000000E+00	0.0000000000000000E+00	0.0000000000000000E+00	0.0000000000000000E+00	0.0000000000000000E+00	0.0000000000000000E+00	0.0000000000000000E+00	0.0000000000000000E+00	0.0000000000000000E+00	0.0000000000000000E+00	
-2.6905094307551305E-02	-3.1001804425172839E-02	1.8683886274572770E-01	1.8890753802792304E-01	4.2475993677584684E-01	1.8754688843526501E-02	2.1299784502153913E-03	-2.5917034532745648E-01	7.2549572967335295E-03	1.6568154886414294E-01	0.0000000000000000E+00	0.0000000000000000E+00	0.0000000000000000E+00	0.0000000000000000E+00	0.0000000000000000E+00	0.0000000000000000E+00	0.0000000000000000E+00	0.0000000000000000E+00	0.0000000000000000E+00	0.0000000000000000E+00	0.0000000000000000E+00	0.0000000000000000E+00	0.0000000000000000E+00	0.0000000000000000E+00	
1.9185764282235729E-02	2.6749638267184905E-02	-5.4886771003432533E-01	-9.1927403528584506E-01	5.9755803684996422E-01	7.0155428561226946E-02	-1.3683335671974196E-02	1.9218094542819184E+00	-2.2642493869189248E-02	-5.2239438655971582E-01	4.4169532451788518E-01	0.0000000000000000E+00	0.0000000000000000E+00	0.0000000000000000E+00	0.0000000000000000E+00	0.0000000000000000E+00	0.0000000000000000E+00	0.0000000000000000E+00	0.0000000000000000E+00	0.0000000000000000E+00	0.0000000000000000E+00	0.0000000000000000E+00	0.0000000000000000E+00	0.0000000000000000E+00	
7.1536914532287735E-02	9.1760698837680787E-02	-1.3321753921684065E+00	-2.0792016254376944E+00	6.8046443637491949E-01	1.1802178064366269E-01	-3.0113050138951273E-02	4.1803419125117829E+00	-5.4401503871285672E-02	-1.2530354683770153E+00	1.0199095189141811E+00	8.6458551966825184E-02	0.0000000000000000E+00	0.0000000000000000E+00	0.0000000000000000E+00	0.0000000000000000E+00	0.0000000000000000E+00	0.0000000000000000E+00	0.0000000000000000E+00	0.0000000000000000E+00	0.0000000000000000E+00	0.0000000000000000E+00	0.0000000000000000E+00	0.0000000000000000E+00	
-5.0342349663521802E-01	-6.2709169763190054E-01	7.7050201275932313E+00	1.1479830806853778E+01	-1.1709882705491754E+00	-4.9496566761205973E-01	1.6304171992514821E-01	-2.2439638564450174E+01	3.1265426716843897E-01	7.1938372495879879E+00	-5.7116906675887265E+00	-4.9906180812811640E-01	3.5746741709372037E-01	0.0000000000000000E+00	0.0000000000000000E+00	0.0000000000000000E+00	0.0000000000000000E+00	0.0000000000000000E+00	0.0000000000000000E+00	0.0000000000000000E+00	0.0000000000000000E+00	0.0000000000000000E+00	0.0000000000000000E+00	0.0000000000000000E+00	
8.6542787421730466E-03	9.6068291300117001E-03	-2.7403560830434714E-02	9.5213689437123605E-04	-2.0745987354059803E-01	-1.2603253777117143E-02	2.7176165957038326E-04	-5.3272246772849474E-02	-9.5946363180442543E-04	-2.1493782565045527E-02	5.9808978708995597E-03	1.6987059499206925E-03	-6.7623879053787007E-03	-8.2285897369894882E-04	0.0000000000000000E+00	0.0000000000000000E+00	0.0000000000000000E+00	0.0000000000000000E+00	0.0000000000000000E+00	0.0000000000000000E+00	0.0000000000000000E+00	0.0000000000000000E+00	0.0000000000000000E+00	0.0000000000000000E+00	
2.8664416456505772E-02	3.2684896075400746E-02	-1.6824865301067154E-01	-1.4310675948614554E-01	-5.1927794461060139E-01	-2.6172391751858922E-02	-1.3676053917784643E-03	1.4736810410819781E-01	-6.4345208876362848E-03	-1.4655183288423207E-01	8.7819587622729192E-02	1.0701319656746339E-02	-2.1942915861362676E-02	-5.5647018788581855E-04	2.9002688861529308E-01	0.0000000000000000E+00	0.0000000000000000E+00	0.0000000000000000E+00	0.0000000000000000E+00	0.0000000000000000E+00	0.0000000000000000E+00	0.0000000000000000E+00	0.0000000000000000E+00	0.0000000000000000E+00	
-9.2140011691468349E-03	-1.0573182994966471E-02	6.0065003326764344E-02	5.7293564748936258E-02	1.5395794268448032E-01	7.2106640949390300E-03	6.1469958040519929E-04	-7.2372323936412658E-02	2.3197809269009562E-03	5.2926803603348435E-02	-3.3480113354630740E-02	-3.8317086763076753E-03	7.0182666810840707E-03	1.1407168671646319E-05	-2.6900617712917185E-02	2.1934219952960385E-01	0.0000000000000000E+00	0.0000000000000000E+00	0.0000000000000000E+00	0.0000000000000000E+00	0.0000000000000000E+00	0.0000000000000000E+00	0.0000000000000000E+00	0.0000000000000000E+00	
-2.4292183882577911E-01	-2.7924399249809995E-01	1.6272781259144926E+00	1.5929993163569915E+00	3.9643412999140173E+00	1.8132294015044773E-01	1.7485144922681869E-02	-2.0906785994190122E+00	6.2996345321671615E-02	1.4378864740298121E+00	-9.2103989434111466E-01	-1.0388293187957312E-01	1.8477581655997954E-01	-9.2250849480094322E-04	-2.2473915046429438E-01	-3.0781412418815171E+00	-3.1538809033430959E-01	0.0000000000000000E+00	0.0000000000000000E+00	0.0000000000000000E+00	0.0000000000000000E+00	0.0000000000000000E+00	0.0000000000000000E+00	0.0000000000000000E+00	
1.0071591030387736E-01	1.1581019759503808E-01	-6.7781047097039682E-01	-6.6638335636943580E-01	-1.6368270889940759E+00	-7.4546338656340611E-02	-7.3412042065948251E-03	8.7991187009186245E-01	-2.6250287298678118E-02	-5.9920233844644599E-01	3.8461898885612644E-01	4.3275580720178342E-02	-7.6590012061806975E-02	4.7030135851268331E-04	5.8392490146110677E-02	1.9124063993291827E+00	1.9131886489860786E-01	-2.5861433603840810E-02	0.0000000000000000E+00	0.0000000000000000E+00	0.0000000000000000E+00	0.0000000000000000E+00	0.0000000000000000E+00	0.0000000000000000E+00	
-1.0158970123795243E-02	-1.1682136497225340E-02	6.8426591273906934E-02	6.7324995448015401E-02	1.6497823922299490E-01	7.5077552293971363E-03	7.4217205803094803E-04	-8.8994837645711505E-02	2.6502192224797287E-03	6.0496004275448580E-02	-3.8846047010687196E-02	-4.3688684714231563E-03	7.7251113861263737E-03	-4.9047448652238855E-05	-5.2525355518563150E-03	-2.0455714493056665E-01	-2.0407499640228789E-02	2.7979919363484373E-03	-6.1651646698208575E-03	0.0000000000000000E+00	0.0000000000000000E+00	0.0000000000000000E+00	0.0000000000000000E+00	0.0000000000000000E+00	
-3.4863645746321614E-02	-4.0037479249493302E-02	2.3004779275605269E-01	2.2202514660545702E-01	5.7652770388586383E-01	2.6725648695988480E-02	2.4071188458370044E-03	-2.8544030841790136E-01	8.8941772749430437E-03	2.0296245792481482E-01	-1.2911734893606042E-01	-1.4680099787832634E-02	2.6539186739945930E-02	-3.4538410705509288E-05	-7.1011711229016172E-02	2.6709451192072109E-01	2.2210788077899668E-02	-6.1439619334592577E-03	6.1148794274067941E-03	6.8417674083656732E-01	0.0000000000000000E+00	0.0000000000000000E+00	0.0000000000000000E+00	0.0000000000000000E+00	
-2.4991972637279782E-02	-2.8710133318887540E-02	1.6574240952147426E-01	1.6073065645297538E-01	4.1147901365439205E-01	1.8990878946002685E-02	1.7499164139024900E-03	-2.0809826373951729E-01	6.4107877888384852E-03	1.4630349592065764E-01	-9.3288682261165212E-02	-1.0577965767916954E-02	1.9019698460020724E-02	-4.8072852236773404E-05	-4.1670947170585691E-02	2.2584715416409093E-02	-1.5358579011065174E-04	-1.6602557214339584E-03	-3.6926949907966798E-04	8.5348537913858546E-03	3.0834202578314284E-04	0.0000000000000000E+00	0.0000000000000000E+00	0.0000000000000000E+00	
5.7662368405903011E-02	6.6246707172579050E-02	-3.8291405974193649E-01	-3.7180103968631062E-01	-9.4828003349815548E-01	-4.3714485392683529E-02	-4.0523159569365542E-03	4.8225169690517244E-01	-1.4812518378521711E-02	-3.3805000996405715E-01	2.1568421972007737E-01	2.4439083909583933E-02	-4.3879944528177041E-02	1.2511544463566707E-04	9.0520631821688208E-02	5.0753826018901910E-02	1.0145505645699580E-02	2.1592691359313210E-03	3.7467640871626622E-03	2.7383269623316991E-01	-7.8272924332286869E-03	1.3093681568134252E+00	0.0000000000000000E+00	0.0000000000000000E+00	
-3.2483436873883192E-02	-3.7314931268928299E-02	2.1531680593797664E-01	2.0870716690082064E-01	5.3505513460778720E-01	2.4705128569890183E-02	2.2713105188277623E-03	-2.7002667087245957E-01	8.3279261493067781E-03	1.9005393444577937E-01	-1.2115789158792084E-01	-1.3741708658790416E-02	2.4721577444413681E-02	-5.9468393760596009E-05	-5.5355945727823021E-02	5.1191177876247537E-02	1.8789380853631243E-03	-2.5127323195483341E-03	1.3457122136222585E-04	7.3405538271257412E-02	-1.1098595422924578E-03	1.9348152630398535E-01	4.5119089123857054E-03	0.0000000000000000E+00	

gamma1
0.0000000000000000E+00	0.0000000000000000E+00	9.5802739001975024E-01	4.6409832146501317E-01	5.8859996493911493E-01	-1.9990699222953909E+00	1.0327962160273332E+00	-3.2725211309157820E-01	-5.2429113779529493E+00	-2.8730661871888152E-01	1.7439249131564214E+00	-4.0969522322522032E+00	2.4193714421935772E+00	-7.2358462364146412E+00	6.6792666990004301E-03	8.3599576629649430E-01	-4.9221219622142542E-02	-1.5746292013815506E+01	-6.9067517133383394E-01	-1.0653666478926666E-01	-1.1281727376897805E+00	-1.9432146760707925E-02	-2.7735259213733471E+01	1.4776709308011315E-01	

gamma2
0.0000000000000000E+00	1.0000000000000000E+00	3.8776825942037380E-02	9.5233310836819862E-01	2.1502635856567229E-01	9.3488611029763635E-01	-1.0188479051912882E-02	4.1442494176401590E-01	1.4557737844143894E+00	3.6895985341307741E-01	-1.2516368812825376E-01	1.1751302281032587E+00	-3.5153909732941974E-01	1.2664284301991964E+00	-7.7486479526586813E-02	-1.4709507037694877E-01	4.4996643977007041E-02	2.1464470904924222E+00	2.5803236733343610E-01	-2.8381539305606909E-03	2.2338582262825868E-01	1.1841840610111269E-01	2.6607176446986922E+00	1.7167706020365886E-01	

gamma3
0.0000000000000000E+00	0.0000000000000000E+00	0.0000000000000000E+00	0.0000000000000000E+00	2.5044324966637599E-01	1.1366788601507083E+00	-9.3527817796626844E-03	6.1927775573926260E-03	1.1838120746002143E+00	-2.2791268150210972E-01	-2.2398116753478672E-01	-7.2861759824259842E-01	4.3363443687583125E-01	9.6766323225460804E-02	1.5169074590728762E+00	1.3176771330869959E+00	7.3984155641764593E-01	2.7536451449783805E-01	-3.7341718881957103E-01	1.1308950787295260E+00	7.4638146066177691E-02	-1.0106785868584400E-01	1.2088245192241580E+00	-9.2385084839963227E-01	

delta
1.0000000000000000E+00	8.2414791839575036E-02	-5.1968976020306878E-01	1.8581940946442249E-01	1.2435603100882400E+00	3.0887011740705467E-01	8.8671776860617346E-01	2.8750341146655645E-01	6.3153612342076437E-01	4.7377964780444939E-02	8.0327219504182779E-01	3.1374083232881805E-01	1.1556750022445925E+00	3.3033842006226721E-01	1.0859059873949171E+00	-9.6742617547101639E-01	7.9796082235758548E-01	3.2577720700559504E-01	5.8313071434610741E-01	6.1028531864169666E-01	2.6944105121048384E-01	8.8328108443015674E-01	0.0000000000000000E+00	

r
0.0000000000000000E+00	

errcoeff
1.7184479946973519E-02	

v
1.0000000000000000E+00	
1.0000000000000000E+00	
1.0000000000000000E+00	
1.0000000000000000E+00	
1.0000000000000000E+00	
1.0000000000000000E+00	
1.0000000000000000E+00	
1.0000000000000000E+00	
1.0000000000000000E+00	
1.0000000000000000E+00	
1.0000000000000000E+00	
1.0000000000000000E+00	
1.0000000000000000E+00	
1.0000000000000000E+00	
1.0000000000000000E+00	
1.0000000000000000E+00	
1.0000000000000000E+00	
1.0000000000000000E+00	
1.0000000000000000E+00	
1.0000000000000000E+00	
1.0000000000000000E+00	
1.0000000000000000E+00	
1.0000000000000000E+00	
1.0000000000000000E+00	

==============================================================

