#stage		 order
12	 		5


A
0.0000000000000000E+00	0.0000000000000000E+00	0.0000000000000000E+00	0.0000000000000000E+00	0.0000000000000000E+00	0.0000000000000000E+00	0.0000000000000000E+00	0.0000000000000000E+00	0.0000000000000000E+00	0.0000000000000000E+00	0.0000000000000000E+00	0.0000000000000000E+00	
2.2484736921632567E-01	0.0000000000000000E+00	0.0000000000000000E+00	0.0000000000000000E+00	0.0000000000000000E+00	0.0000000000000000E+00	0.0000000000000000E+00	0.0000000000000000E+00	0.0000000000000000E+00	0.0000000000000000E+00	0.0000000000000000E+00	0.0000000000000000E+00	
9.7004634169510273E-02	1.1109303485773070E-01	0.0000000000000000E+00	0.0000000000000000E+00	0.0000000000000000E+00	0.0000000000000000E+00	0.0000000000000000E+00	0.0000000000000000E+00	0.0000000000000000E+00	0.0000000000000000E+00	0.0000000000000000E+00	0.0000000000000000E+00	
1.1233791951159217E-01	-6.9930421577043503E-02	9.0251450016481813E-02	0.0000000000000000E+00	0.0000000000000000E+00	0.0000000000000000E+00	0.0000000000000000E+00	0.0000000000000000E+00	0.0000000000000000E+00	0.0000000000000000E+00	0.0000000000000000E+00	0.0000000000000000E+00	
4.7032423845143834E-02	-1.1845986643483536E-01	2.7331382285877293E-01	1.6898800768665351E-01	0.0000000000000000E+00	0.0000000000000000E+00	0.0000000000000000E+00	0.0000000000000000E+00	0.0000000000000000E+00	0.0000000000000000E+00	0.0000000000000000E+00	0.0000000000000000E+00	
2.7551522200807713E-02	-6.5042456130100623E-02	1.4861551084904037E-01	1.0421049267885185E-01	1.3213775717235560E-01	0.0000000000000000E+00	0.0000000000000000E+00	0.0000000000000000E+00	0.0000000000000000E+00	0.0000000000000000E+00	0.0000000000000000E+00	0.0000000000000000E+00	
2.8236126288661012E-02	-2.0656854706785355E-02	3.0818515838265892E-02	1.6196180930591630E-01	6.9713005837152231E-02	2.1172005739557845E-01	0.0000000000000000E+00	0.0000000000000000E+00	0.0000000000000000E+00	0.0000000000000000E+00	0.0000000000000000E+00	0.0000000000000000E+00	
3.7281432179048828E-02	-1.0647143845709169E-01	2.4984949125839701E-01	1.1887809243609304E-01	2.0516918139617873E-01	-2.0442358182114090E-01	2.5075577956657052E-01	0.0000000000000000E+00	0.0000000000000000E+00	0.0000000000000000E+00	0.0000000000000000E+00	0.0000000000000000E+00	
4.4626455512109225E-02	-1.2511059698623850E-01	2.9290077533231651E-01	1.4510173370315610E-01	2.4225204435423195E-01	-2.3041473397496082E-01	2.6503584981567396E-01	2.4104406331563286E-01	0.0000000000000000E+00	0.0000000000000000E+00	0.0000000000000000E+00	0.0000000000000000E+00	
3.9134829036716112E-02	-9.3603883335819149E-02	2.1430852916310306E-01	1.4656483321954827E-01	1.8942855904838818E-01	-1.0360823079487114E-01	-9.6704024309754999E-03	2.8535614269902054E-01	1.5257256962419508E-01	0.0000000000000000E+00	0.0000000000000000E+00	0.0000000000000000E+00	
4.1748939026667077E-02	-1.0296726169069775E-01	2.3683955661377232E-01	1.5262468114731537E-01	2.0652543037354720E-01	-1.2953924342368023E-01	3.6429348470089773E-02	2.9013343673698072E-01	6.7098035423079849E-02	4.4030557715934289E-02	0.0000000000000000E+00	0.0000000000000000E+00	
3.7287826307442325E-02	-9.5063951472779698E-02	2.1971716663999333E-01	1.3259937828533921E-01	1.8888403569870471E-01	-1.3463695455767613E-01	7.9108969942309412E-02	2.4490021506809101E-01	-3.5382902963731033E-02	-1.3388010438590647E-01	4.5449845307583814E-01	0.0000000000000000E+00	

b
4.0240329771651803E-02	
-1.0149122087140042E-01	
2.3420952778675985E-01	
1.4441786050957980E-01	
2.0226888030717022E-01	
-1.3857551760566472E-01	
6.8843246600161570E-02	
2.6934263629601191E-01	
-4.3562501113589766E-03	
-8.3005838997409681E-02	
2.9769731711376107E-01	
7.0409029200737785E-02	

c
0.0000000000000000E+00	
2.2484736921632567E-01	
2.0809766902724097E-01	
1.3265894795103048E-01	
3.7087438795573491E-01	
3.4747282677095492E-01	
4.8179265995878851E-01	
5.5103895655805557E-01	
8.7543559107192137E-01	
8.2048294622930551E-01	
8.4292348039300879E-01	
9.5803213163762480E-01	

alpha
0.0000000000000000E+00	0.0000000000000000E+00	0.0000000000000000E+00	0.0000000000000000E+00	0.0000000000000000E+00	0.0000000000000000E+00	0.0000000000000000E+00	0.0000000000000000E+00	0.0000000000000000E+00	0.0000000000000000E+00	0.0000000000000000E+00	0.0000000000000000E+00	0.0000000000000000E+00	
0.0000000000000000E+00	0.0000000000000000E+00	0.0000000000000000E+00	0.0000000000000000E+00	0.0000000000000000E+00	0.0000000000000000E+00	0.0000000000000000E+00	0.0000000000000000E+00	0.0000000000000000E+00	0.0000000000000000E+00	0.0000000000000000E+00	0.0000000000000000E+00	0.0000000000000000E+00	
0.0000000000000000E+00	0.0000000000000000E+00	0.0000000000000000E+00	0.0000000000000000E+00	0.0000000000000000E+00	0.0000000000000000E+00	0.0000000000000000E+00	0.0000000000000000E+00	0.0000000000000000E+00	0.0000000000000000E+00	0.0000000000000000E+00	0.0000000000000000E+00	0.0000000000000000E+00	
0.0000000000000000E+00	-0.0000000000000000E+00	0.0000000000000000E+00	0.0000000000000000E+00	0.0000000000000000E+00	0.0000000000000000E+00	0.0000000000000000E+00	0.0000000000000000E+00	0.0000000000000000E+00	0.0000000000000000E+00	0.0000000000000000E+00	0.0000000000000000E+00	0.0000000000000000E+00	
0.0000000000000000E+00	-0.0000000000000000E+00	0.0000000000000000E+00	0.0000000000000000E+00	0.0000000000000000E+00	0.0000000000000000E+00	0.0000000000000000E+00	0.0000000000000000E+00	0.0000000000000000E+00	0.0000000000000000E+00	0.0000000000000000E+00	0.0000000000000000E+00	0.0000000000000000E+00	
0.0000000000000000E+00	-0.0000000000000000E+00	0.0000000000000000E+00	0.0000000000000000E+00	0.0000000000000000E+00	0.0000000000000000E+00	0.0000000000000000E+00	0.0000000000000000E+00	0.0000000000000000E+00	0.0000000000000000E+00	0.0000000000000000E+00	0.0000000000000000E+00	0.0000000000000000E+00	
0.0000000000000000E+00	-0.0000000000000000E+00	0.0000000000000000E+00	0.0000000000000000E+00	0.0000000000000000E+00	0.0000000000000000E+00	0.0000000000000000E+00	0.0000000000000000E+00	0.0000000000000000E+00	0.0000000000000000E+00	0.0000000000000000E+00	0.0000000000000000E+00	0.0000000000000000E+00	
0.0000000000000000E+00	-0.0000000000000000E+00	0.0000000000000000E+00	0.0000000000000000E+00	0.0000000000000000E+00	-0.0000000000000000E+00	0.0000000000000000E+00	0.0000000000000000E+00	0.0000000000000000E+00	0.0000000000000000E+00	0.0000000000000000E+00	0.0000000000000000E+00	0.0000000000000000E+00	
0.0000000000000000E+00	-0.0000000000000000E+00	0.0000000000000000E+00	0.0000000000000000E+00	0.0000000000000000E+00	-0.0000000000000000E+00	0.0000000000000000E+00	0.0000000000000000E+00	0.0000000000000000E+00	0.0000000000000000E+00	0.0000000000000000E+00	0.0000000000000000E+00	0.0000000000000000E+00	
0.0000000000000000E+00	-0.0000000000000000E+00	0.0000000000000000E+00	0.0000000000000000E+00	0.0000000000000000E+00	-0.0000000000000000E+00	-0.0000000000000000E+00	0.0000000000000000E+00	0.0000000000000000E+00	0.0000000000000000E+00	0.0000000000000000E+00	0.0000000000000000E+00	0.0000000000000000E+00	
0.0000000000000000E+00	-0.0000000000000000E+00	0.0000000000000000E+00	0.0000000000000000E+00	0.0000000000000000E+00	-0.0000000000000000E+00	0.0000000000000000E+00	0.0000000000000000E+00	0.0000000000000000E+00	0.0000000000000000E+00	0.0000000000000000E+00	0.0000000000000000E+00	0.0000000000000000E+00	
0.0000000000000000E+00	-0.0000000000000000E+00	0.0000000000000000E+00	0.0000000000000000E+00	0.0000000000000000E+00	-0.0000000000000000E+00	0.0000000000000000E+00	0.0000000000000000E+00	-0.0000000000000000E+00	-0.0000000000000000E+00	0.0000000000000000E+00	0.0000000000000000E+00	0.0000000000000000E+00	
0.0000000000000000E+00	-0.0000000000000000E+00	0.0000000000000000E+00	0.0000000000000000E+00	0.0000000000000000E+00	-0.0000000000000000E+00	0.0000000000000000E+00	0.0000000000000000E+00	-0.0000000000000000E+00	-0.0000000000000000E+00	0.0000000000000000E+00	0.0000000000000000E+00	0.0000000000000000E+00	

beta
0.0000000000000000E+00	0.0000000000000000E+00	0.0000000000000000E+00	0.0000000000000000E+00	0.0000000000000000E+00	0.0000000000000000E+00	0.0000000000000000E+00	0.0000000000000000E+00	0.0000000000000000E+00	0.0000000000000000E+00	0.0000000000000000E+00	0.0000000000000000E+00	0.0000000000000000E+00	
2.2484736921632567E-01	0.0000000000000000E+00	0.0000000000000000E+00	0.0000000000000000E+00	0.0000000000000000E+00	0.0000000000000000E+00	0.0000000000000000E+00	0.0000000000000000E+00	0.0000000000000000E+00	0.0000000000000000E+00	0.0000000000000000E+00	0.0000000000000000E+00	0.0000000000000000E+00	
9.7004634169510273E-02	1.1109303485773070E-01	0.0000000000000000E+00	0.0000000000000000E+00	0.0000000000000000E+00	0.0000000000000000E+00	0.0000000000000000E+00	0.0000000000000000E+00	0.0000000000000000E+00	0.0000000000000000E+00	0.0000000000000000E+00	0.0000000000000000E+00	0.0000000000000000E+00	
1.1233791951159217E-01	-6.9930421577043503E-02	9.0251450016481813E-02	0.0000000000000000E+00	0.0000000000000000E+00	0.0000000000000000E+00	0.0000000000000000E+00	0.0000000000000000E+00	0.0000000000000000E+00	0.0000000000000000E+00	0.0000000000000000E+00	0.0000000000000000E+00	0.0000000000000000E+00	
4.7032423845143834E-02	-1.1845986643483536E-01	2.7331382285877293E-01	1.6898800768665351E-01	0.0000000000000000E+00	0.0000000000000000E+00	0.0000000000000000E+00	0.0000000000000000E+00	0.0000000000000000E+00	0.0000000000000000E+00	0.0000000000000000E+00	0.0000000000000000E+00	0.0000000000000000E+00	
2.7551522200807713E-02	-6.5042456130100623E-02	1.4861551084904037E-01	1.0421049267885185E-01	1.3213775717235560E-01	0.0000000000000000E+00	0.0000000000000000E+00	0.0000000000000000E+00	0.0000000000000000E+00	0.0000000000000000E+00	0.0000000000000000E+00	0.0000000000000000E+00	0.0000000000000000E+00	
2.8236126288661012E-02	-2.0656854706785355E-02	3.0818515838265892E-02	1.6196180930591630E-01	6.9713005837152231E-02	2.1172005739557845E-01	0.0000000000000000E+00	0.0000000000000000E+00	0.0000000000000000E+00	0.0000000000000000E+00	0.0000000000000000E+00	0.0000000000000000E+00	0.0000000000000000E+00	
3.7281432179048828E-02	-1.0647143845709169E-01	2.4984949125839701E-01	1.1887809243609304E-01	2.0516918139617873E-01	-2.0442358182114090E-01	2.5075577956657052E-01	0.0000000000000000E+00	0.0000000000000000E+00	0.0000000000000000E+00	0.0000000000000000E+00	0.0000000000000000E+00	0.0000000000000000E+00	
4.4626455512109225E-02	-1.2511059698623850E-01	2.9290077533231651E-01	1.4510173370315610E-01	2.4225204435423195E-01	-2.3041473397496082E-01	2.6503584981567396E-01	2.4104406331563286E-01	0.0000000000000000E+00	0.0000000000000000E+00	0.0000000000000000E+00	0.0000000000000000E+00	0.0000000000000000E+00	
3.9134829036716112E-02	-9.3603883335819149E-02	2.1430852916310306E-01	1.4656483321954827E-01	1.8942855904838818E-01	-1.0360823079487114E-01	-9.6704024309754999E-03	2.8535614269902054E-01	1.5257256962419508E-01	0.0000000000000000E+00	0.0000000000000000E+00	0.0000000000000000E+00	0.0000000000000000E+00	
4.1748939026667077E-02	-1.0296726169069775E-01	2.3683955661377232E-01	1.5262468114731537E-01	2.0652543037354720E-01	-1.2953924342368023E-01	3.6429348470089773E-02	2.9013343673698072E-01	6.7098035423079849E-02	4.4030557715934289E-02	0.0000000000000000E+00	0.0000000000000000E+00	0.0000000000000000E+00	
3.7287826307442325E-02	-9.5063951472779698E-02	2.1971716663999333E-01	1.3259937828533921E-01	1.8888403569870471E-01	-1.3463695455767613E-01	7.9108969942309412E-02	2.4490021506809101E-01	-3.5382902963731033E-02	-1.3388010438590647E-01	4.5449845307583814E-01	0.0000000000000000E+00	0.0000000000000000E+00	
4.0240329771651803E-02	-1.0149122087140042E-01	2.3420952778675985E-01	1.4441786050957980E-01	2.0226888030717022E-01	-1.3857551760566472E-01	6.8843246600161570E-02	2.6934263629601191E-01	-4.3562501113589766E-03	-8.3005838997409681E-02	2.9769731711376107E-01	7.0409029200737785E-02	0.0000000000000000E+00	

gamma1
0.0000000000000000E+00	0.0000000000000000E+00	-7.9453904494035443E-02	-2.4071001262502079E-01	2.5640722121422443E-01	5.5948314406570177E-01	-3.1268595978307463E+00	-3.5247687226196733E-01	1.2527949518472865E+00	-3.9022475326491346E-01	2.1558394627691402E-01	-4.5773176796252688E+00	6.5500182695690468E-01	

gamma2
0.0000000000000000E+00	1.0000000000000000E+00	5.6857563196044292E-01	8.5828626593641055E-01	-1.8544125174551844E+00	1.4773162781112426E-01	1.6353286325585148E+00	9.2276613731372947E-01	1.0201561863315375E-01	6.7185863553136527E-01	2.9153871654860342E-01	1.4373012413247548E+00	9.9539442605041842E-02	

gamma3
0.0000000000000000E+00	0.0000000000000000E+00	0.0000000000000000E+00	0.0000000000000000E+00	6.5231755923872159E-01	3.9059753956742266E-01	-8.0164636753310231E-02	-4.0835848019613780E-01	-2.5161576179504019E-01	-1.7606797987220715E-01	-1.1943714684861725E-01	-4.1542597070337867E-01	-7.0025724159423403E-02	

delta
1.0000000000000000E+00	8.9852298237279260E-01	-4.5295632021564297E-01	-1.4947872205215373E+00	3.8712596905070151E-01	2.2346810106754011E+00	-6.6437232327605666E-01	-1.9197730149264880E+00	2.3428420920557431E+00	7.6900213601927625E-01	1.0691563326101861E+00	0.0000000000000000E+00	

r
0.0000000000000000E+00	

errcoeff
1.6962121861851811E-05	

v
1.0000000000000000E+00	
1.0000000000000000E+00	
1.0000000000000000E+00	
1.0000000000000000E+00	
1.0000000000000000E+00	
1.0000000000000000E+00	
1.0000000000000000E+00	
1.0000000000000000E+00	
1.0000000000000000E+00	
1.0000000000000000E+00	
1.0000000000000000E+00	
1.0000000000000000E+00	
1.0000000000000000E+00	

==============================================================

