#stage		 order
17	 		5


A
0.0000000000000000E+00	0.0000000000000000E+00	0.0000000000000000E+00	0.0000000000000000E+00	0.0000000000000000E+00	0.0000000000000000E+00	0.0000000000000000E+00	0.0000000000000000E+00	0.0000000000000000E+00	0.0000000000000000E+00	0.0000000000000000E+00	0.0000000000000000E+00	0.0000000000000000E+00	0.0000000000000000E+00	0.0000000000000000E+00	0.0000000000000000E+00	0.0000000000000000E+00	
6.3638567968038434E-02	0.0000000000000000E+00	0.0000000000000000E+00	0.0000000000000000E+00	0.0000000000000000E+00	0.0000000000000000E+00	0.0000000000000000E+00	0.0000000000000000E+00	0.0000000000000000E+00	0.0000000000000000E+00	0.0000000000000000E+00	0.0000000000000000E+00	0.0000000000000000E+00	0.0000000000000000E+00	0.0000000000000000E+00	0.0000000000000000E+00	0.0000000000000000E+00	
-4.5939385854299894E-02	1.9231844153890731E-01	0.0000000000000000E+00	0.0000000000000000E+00	0.0000000000000000E+00	0.0000000000000000E+00	0.0000000000000000E+00	0.0000000000000000E+00	0.0000000000000000E+00	0.0000000000000000E+00	0.0000000000000000E+00	0.0000000000000000E+00	0.0000000000000000E+00	0.0000000000000000E+00	0.0000000000000000E+00	0.0000000000000000E+00	0.0000000000000000E+00	
2.4524985468945451E-02	-6.8384892841470063E-02	4.8955088865504554E-01	0.0000000000000000E+00	0.0000000000000000E+00	0.0000000000000000E+00	0.0000000000000000E+00	0.0000000000000000E+00	0.0000000000000000E+00	0.0000000000000000E+00	0.0000000000000000E+00	0.0000000000000000E+00	0.0000000000000000E+00	0.0000000000000000E+00	0.0000000000000000E+00	0.0000000000000000E+00	0.0000000000000000E+00	
-5.8627785966589914E-02	2.6077471867732388E-01	-9.3026964834238002E-02	3.1050710069476445E-01	0.0000000000000000E+00	0.0000000000000000E+00	0.0000000000000000E+00	0.0000000000000000E+00	0.0000000000000000E+00	0.0000000000000000E+00	0.0000000000000000E+00	0.0000000000000000E+00	0.0000000000000000E+00	0.0000000000000000E+00	0.0000000000000000E+00	0.0000000000000000E+00	0.0000000000000000E+00	
-9.8152991721190519E-02	4.0739973028821713E-01	-4.7883784033314503E-01	6.0079517044297104E-01	7.6849425430275564E-01	0.0000000000000000E+00	0.0000000000000000E+00	0.0000000000000000E+00	0.0000000000000000E+00	0.0000000000000000E+00	0.0000000000000000E+00	0.0000000000000000E+00	0.0000000000000000E+00	0.0000000000000000E+00	0.0000000000000000E+00	0.0000000000000000E+00	0.0000000000000000E+00	
-3.4897428298334227E-02	1.8345775724218066E-01	2.5723688157356656E-01	1.0649941152610731E-01	-1.5872925005747640E-01	-1.2920530148268926E-02	0.0000000000000000E+00	0.0000000000000000E+00	0.0000000000000000E+00	0.0000000000000000E+00	0.0000000000000000E+00	0.0000000000000000E+00	0.0000000000000000E+00	0.0000000000000000E+00	0.0000000000000000E+00	0.0000000000000000E+00	0.0000000000000000E+00	
1.7923428022931939E-02	-1.5666290572056091E-01	-8.2341857542886820E-01	1.1851028398652630E-01	7.8006492277416073E-01	3.7598609705635430E-02	5.5144617949145003E-01	0.0000000000000000E+00	0.0000000000000000E+00	0.0000000000000000E+00	0.0000000000000000E+00	0.0000000000000000E+00	0.0000000000000000E+00	0.0000000000000000E+00	0.0000000000000000E+00	0.0000000000000000E+00	0.0000000000000000E+00	
-2.7170789377397608E-01	1.5482939844426786E+00	3.3304330073860431E+00	4.9655424051910690E-01	-2.5773668489742407E+00	-1.6006021097542777E-01	-2.6031011902262300E+00	2.5251039097227328E+00	0.0000000000000000E+00	0.0000000000000000E+00	0.0000000000000000E+00	0.0000000000000000E+00	0.0000000000000000E+00	0.0000000000000000E+00	0.0000000000000000E+00	0.0000000000000000E+00	0.0000000000000000E+00	
-8.4141338231390680E-02	3.8370099768781885E-01	-2.8963058402674768E-02	4.1943831054154179E-01	2.7327434364877501E-01	-2.0763497875545961E-03	-1.3919838675621965E-01	-1.0030853728019151E-02	-7.2390412272726825E-05	0.0000000000000000E+00	0.0000000000000000E+00	0.0000000000000000E+00	0.0000000000000000E+00	0.0000000000000000E+00	0.0000000000000000E+00	0.0000000000000000E+00	0.0000000000000000E+00	
1.1118414445257550E-01	-5.0778814578820008E-01	2.9783572410492978E-02	-5.5211794447846541E-01	-3.5252696780827653E-01	3.1238572416375393E-03	1.8927525688300892E-01	6.9146080618126410E-03	3.2492374826744922E-04	1.2656149574714886E+00	0.0000000000000000E+00	0.0000000000000000E+00	0.0000000000000000E+00	0.0000000000000000E+00	0.0000000000000000E+00	0.0000000000000000E+00	0.0000000000000000E+00	
-6.4482264000599962E-02	2.9389381035725565E-01	-2.3944860591312109E-02	3.2187746628101827E-01	2.1119272537261041E-01	-1.5128960285346821E-03	-1.0557561174434546E-01	-8.9934839290977051E-03	-8.2403743556959538E-06	6.9681655749251420E-02	1.9004505592179987E-03	0.0000000000000000E+00	0.0000000000000000E+00	0.0000000000000000E+00	0.0000000000000000E+00	0.0000000000000000E+00	0.0000000000000000E+00	
-2.8384377598563805E-02	1.2937871454540278E-01	-1.0430451887038721E-02	1.4165937803099432E-01	9.2853735586248501E-02	-6.7087833189400389E-04	-4.6542282098640614E-02	-3.8768101613568537E-03	-6.5933301707966972E-06	1.7444937689046539E-02	2.0623981763604011E-03	3.2211371891062374E-01	0.0000000000000000E+00	0.0000000000000000E+00	0.0000000000000000E+00	0.0000000000000000E+00	0.0000000000000000E+00	
-1.0301148218232004E-01	4.6941156769138703E-01	-3.9233822612090893E-02	5.1445049328943893E-01	3.3837566013151232E-01	-2.3729155840523392E-03	-1.6804143222002793E-01	-1.5100370642597227E-02	1.3346817148351348E-05	2.2955425365281887E-01	-7.9208811283856748E-03	-1.0486803792091153E+00	2.8235297701055934E-01	0.0000000000000000E+00	0.0000000000000000E+00	0.0000000000000000E+00	0.0000000000000000E+00	
-2.9879861474027980E-01	1.3615401958682043E+00	-1.1436750818007858E-01	1.4923740773517764E+00	9.8207442625533337E-01	-6.8576744262306968E-03	-4.8707161516704661E-01	-4.4222331706189874E-02	5.3962787256410123E-05	7.3386018575173417E-01	-2.9277751321643293E-02	-3.9490517768867051E+00	1.0400958002750900E+00	3.5836237633821444E-01	0.0000000000000000E+00	0.0000000000000000E+00	0.0000000000000000E+00	
-6.7730389059969864E-02	3.0867794917054803E-01	-2.5372362412433819E-02	3.3814665843653469E-01	2.2205466583335853E-01	-1.5791905335981148E-03	-1.1075448657256609E-01	-9.6118366433200486E-03	-2.6769388801579244E-06	9.9855405048052237E-02	-4.7472149879694558E-04	-8.1426825073536158E-03	1.9594735788218798E-02	4.1046451512593007E-03	9.3704239126568426E-04	0.0000000000000000E+00	0.0000000000000000E+00	
-6.7041529053888493E-02	3.0550797362210713E-01	-2.5452325263532045E-02	3.3479218886710527E-01	2.2013778796606870E-01	-1.5479898566182794E-03	-1.0941543971205742E-01	-9.7665558648907854E-03	6.4801915522096619E-06	1.3955843421287523E-01	-4.2432504027852796E-03	-5.5124410872066709E-01	1.5177252668118915E-01	5.1293844123519818E-02	-3.0794774767718396E-03	4.7143704797322522E-01	0.0000000000000000E+00	

b
-6.9940555047652411E-02	
3.1873059304650259E-01	
-2.6422628566440932E-02	
3.4923670320792233E-01	
2.2952536228045117E-01	
-1.6207649480558003E-03	
-1.1422877247161536E-01	
-1.0091548066545471E-02	
3.2406336700220799E-06	
1.2989534345585890E-01	
-2.9720271515555354E-03	
-3.6567184723212520E-01	
1.0730127834825859E-01	
3.5303352171022810E-02	
-1.6678597045661800E-03	
2.6344848226932799E-01	
1.5917164777554255E-01	

c
0.0000000000000000E+00	
6.3638567968038434E-02	
1.4637905568460741E-01	
4.4569098128252094E-01	
4.1962706857126042E-01	
1.1996983229796083E+00	
3.4064684183777499E-01	
5.2546194283127534E-01	
2.2881489981206866E+00	
8.1193127456000413E-01	
1.9378826219434142E-01	
6.9402875165110811E-01	
6.1560148953101157E-01	
4.4979701501427521E-01	
1.0387137521994354E+00	
7.6970275565231883E-01	
9.0271560728643141E-01	

alpha
0.0000000000000000E+00	0.0000000000000000E+00	0.0000000000000000E+00	0.0000000000000000E+00	0.0000000000000000E+00	0.0000000000000000E+00	0.0000000000000000E+00	0.0000000000000000E+00	0.0000000000000000E+00	0.0000000000000000E+00	0.0000000000000000E+00	0.0000000000000000E+00	0.0000000000000000E+00	0.0000000000000000E+00	0.0000000000000000E+00	0.0000000000000000E+00	0.0000000000000000E+00	0.0000000000000000E+00	
0.0000000000000000E+00	0.0000000000000000E+00	0.0000000000000000E+00	0.0000000000000000E+00	0.0000000000000000E+00	0.0000000000000000E+00	0.0000000000000000E+00	0.0000000000000000E+00	0.0000000000000000E+00	0.0000000000000000E+00	0.0000000000000000E+00	0.0000000000000000E+00	0.0000000000000000E+00	0.0000000000000000E+00	0.0000000000000000E+00	0.0000000000000000E+00	0.0000000000000000E+00	0.0000000000000000E+00	
-0.0000000000000000E+00	0.0000000000000000E+00	0.0000000000000000E+00	0.0000000000000000E+00	0.0000000000000000E+00	0.0000000000000000E+00	0.0000000000000000E+00	0.0000000000000000E+00	0.0000000000000000E+00	0.0000000000000000E+00	0.0000000000000000E+00	0.0000000000000000E+00	0.0000000000000000E+00	0.0000000000000000E+00	0.0000000000000000E+00	0.0000000000000000E+00	0.0000000000000000E+00	0.0000000000000000E+00	
0.0000000000000000E+00	-0.0000000000000000E+00	0.0000000000000000E+00	0.0000000000000000E+00	0.0000000000000000E+00	0.0000000000000000E+00	0.0000000000000000E+00	0.0000000000000000E+00	0.0000000000000000E+00	0.0000000000000000E+00	0.0000000000000000E+00	0.0000000000000000E+00	0.0000000000000000E+00	0.0000000000000000E+00	0.0000000000000000E+00	0.0000000000000000E+00	0.0000000000000000E+00	0.0000000000000000E+00	
-0.0000000000000000E+00	0.0000000000000000E+00	-0.0000000000000000E+00	0.0000000000000000E+00	0.0000000000000000E+00	0.0000000000000000E+00	0.0000000000000000E+00	0.0000000000000000E+00	0.0000000000000000E+00	0.0000000000000000E+00	0.0000000000000000E+00	0.0000000000000000E+00	0.0000000000000000E+00	0.0000000000000000E+00	0.0000000000000000E+00	0.0000000000000000E+00	0.0000000000000000E+00	0.0000000000000000E+00	
-0.0000000000000000E+00	0.0000000000000000E+00	-0.0000000000000000E+00	0.0000000000000000E+00	0.0000000000000000E+00	0.0000000000000000E+00	0.0000000000000000E+00	0.0000000000000000E+00	0.0000000000000000E+00	0.0000000000000000E+00	0.0000000000000000E+00	0.0000000000000000E+00	0.0000000000000000E+00	0.0000000000000000E+00	0.0000000000000000E+00	0.0000000000000000E+00	0.0000000000000000E+00	0.0000000000000000E+00	
-0.0000000000000000E+00	0.0000000000000000E+00	0.0000000000000000E+00	0.0000000000000000E+00	-0.0000000000000000E+00	-0.0000000000000000E+00	0.0000000000000000E+00	0.0000000000000000E+00	0.0000000000000000E+00	0.0000000000000000E+00	0.0000000000000000E+00	0.0000000000000000E+00	0.0000000000000000E+00	0.0000000000000000E+00	0.0000000000000000E+00	0.0000000000000000E+00	0.0000000000000000E+00	0.0000000000000000E+00	
0.0000000000000000E+00	-0.0000000000000000E+00	-0.0000000000000000E+00	0.0000000000000000E+00	0.0000000000000000E+00	0.0000000000000000E+00	0.0000000000000000E+00	0.0000000000000000E+00	0.0000000000000000E+00	0.0000000000000000E+00	0.0000000000000000E+00	0.0000000000000000E+00	0.0000000000000000E+00	0.0000000000000000E+00	0.0000000000000000E+00	0.0000000000000000E+00	0.0000000000000000E+00	0.0000000000000000E+00	
-0.0000000000000000E+00	0.0000000000000000E+00	0.0000000000000000E+00	0.0000000000000000E+00	-0.0000000000000000E+00	-0.0000000000000000E+00	-0.0000000000000000E+00	0.0000000000000000E+00	0.0000000000000000E+00	0.0000000000000000E+00	0.0000000000000000E+00	0.0000000000000000E+00	0.0000000000000000E+00	0.0000000000000000E+00	0.0000000000000000E+00	0.0000000000000000E+00	0.0000000000000000E+00	0.0000000000000000E+00	
-0.0000000000000000E+00	0.0000000000000000E+00	-0.0000000000000000E+00	0.0000000000000000E+00	0.0000000000000000E+00	-0.0000000000000000E+00	-0.0000000000000000E+00	-0.0000000000000000E+00	-0.0000000000000000E+00	0.0000000000000000E+00	0.0000000000000000E+00	0.0000000000000000E+00	0.0000000000000000E+00	0.0000000000000000E+00	0.0000000000000000E+00	0.0000000000000000E+00	0.0000000000000000E+00	0.0000000000000000E+00	
0.0000000000000000E+00	-0.0000000000000000E+00	0.0000000000000000E+00	-0.0000000000000000E+00	-0.0000000000000000E+00	0.0000000000000000E+00	0.0000000000000000E+00	0.0000000000000000E+00	0.0000000000000000E+00	0.0000000000000000E+00	0.0000000000000000E+00	0.0000000000000000E+00	0.0000000000000000E+00	0.0000000000000000E+00	0.0000000000000000E+00	0.0000000000000000E+00	0.0000000000000000E+00	0.0000000000000000E+00	
-0.0000000000000000E+00	0.0000000000000000E+00	-0.0000000000000000E+00	0.0000000000000000E+00	0.0000000000000000E+00	-0.0000000000000000E+00	-0.0000000000000000E+00	-0.0000000000000000E+00	-0.0000000000000000E+00	0.0000000000000000E+00	0.0000000000000000E+00	0.0000000000000000E+00	0.0000000000000000E+00	0.0000000000000000E+00	0.0000000000000000E+00	0.0000000000000000E+00	0.0000000000000000E+00	0.0000000000000000E+00	
-0.0000000000000000E+00	0.0000000000000000E+00	-0.0000000000000000E+00	0.0000000000000000E+00	0.0000000000000000E+00	-0.0000000000000000E+00	-0.0000000000000000E+00	-0.0000000000000000E+00	-0.0000000000000000E+00	0.0000000000000000E+00	0.0000000000000000E+00	0.0000000000000000E+00	0.0000000000000000E+00	0.0000000000000000E+00	0.0000000000000000E+00	0.0000000000000000E+00	0.0000000000000000E+00	0.0000000000000000E+00	
-0.0000000000000000E+00	0.0000000000000000E+00	-0.0000000000000000E+00	0.0000000000000000E+00	0.0000000000000000E+00	-0.0000000000000000E+00	-0.0000000000000000E+00	-0.0000000000000000E+00	0.0000000000000000E+00	0.0000000000000000E+00	-0.0000000000000000E+00	-0.0000000000000000E+00	0.0000000000000000E+00	0.0000000000000000E+00	0.0000000000000000E+00	0.0000000000000000E+00	0.0000000000000000E+00	0.0000000000000000E+00	
-0.0000000000000000E+00	0.0000000000000000E+00	-0.0000000000000000E+00	0.0000000000000000E+00	0.0000000000000000E+00	-0.0000000000000000E+00	-0.0000000000000000E+00	-0.0000000000000000E+00	0.0000000000000000E+00	0.0000000000000000E+00	-0.0000000000000000E+00	-0.0000000000000000E+00	0.0000000000000000E+00	0.0000000000000000E+00	0.0000000000000000E+00	0.0000000000000000E+00	0.0000000000000000E+00	0.0000000000000000E+00	
-0.0000000000000000E+00	0.0000000000000000E+00	-0.0000000000000000E+00	0.0000000000000000E+00	0.0000000000000000E+00	-0.0000000000000000E+00	-0.0000000000000000E+00	-0.0000000000000000E+00	-0.0000000000000000E+00	0.0000000000000000E+00	-0.0000000000000000E+00	-0.0000000000000000E+00	0.0000000000000000E+00	0.0000000000000000E+00	0.0000000000000000E+00	0.0000000000000000E+00	0.0000000000000000E+00	0.0000000000000000E+00	
-0.0000000000000000E+00	0.0000000000000000E+00	-0.0000000000000000E+00	0.0000000000000000E+00	0.0000000000000000E+00	-0.0000000000000000E+00	-0.0000000000000000E+00	-0.0000000000000000E+00	0.0000000000000000E+00	0.0000000000000000E+00	-0.0000000000000000E+00	-0.0000000000000000E+00	0.0000000000000000E+00	0.0000000000000000E+00	-0.0000000000000000E+00	0.0000000000000000E+00	0.0000000000000000E+00	0.0000000000000000E+00	
-0.0000000000000000E+00	0.0000000000000000E+00	-0.0000000000000000E+00	0.0000000000000000E+00	0.0000000000000000E+00	-0.0000000000000000E+00	-0.0000000000000000E+00	-0.0000000000000000E+00	0.0000000000000000E+00	0.0000000000000000E+00	-0.0000000000000000E+00	-0.0000000000000000E+00	0.0000000000000000E+00	0.0000000000000000E+00	-0.0000000000000000E+00	0.0000000000000000E+00	0.0000000000000000E+00	0.0000000000000000E+00	

beta
0.0000000000000000E+00	0.0000000000000000E+00	0.0000000000000000E+00	0.0000000000000000E+00	0.0000000000000000E+00	0.0000000000000000E+00	0.0000000000000000E+00	0.0000000000000000E+00	0.0000000000000000E+00	0.0000000000000000E+00	0.0000000000000000E+00	0.0000000000000000E+00	0.0000000000000000E+00	0.0000000000000000E+00	0.0000000000000000E+00	0.0000000000000000E+00	0.0000000000000000E+00	0.0000000000000000E+00	
6.3638567968038434E-02	0.0000000000000000E+00	0.0000000000000000E+00	0.0000000000000000E+00	0.0000000000000000E+00	0.0000000000000000E+00	0.0000000000000000E+00	0.0000000000000000E+00	0.0000000000000000E+00	0.0000000000000000E+00	0.0000000000000000E+00	0.0000000000000000E+00	0.0000000000000000E+00	0.0000000000000000E+00	0.0000000000000000E+00	0.0000000000000000E+00	0.0000000000000000E+00	0.0000000000000000E+00	
-4.5939385854299894E-02	1.9231844153890731E-01	0.0000000000000000E+00	0.0000000000000000E+00	0.0000000000000000E+00	0.0000000000000000E+00	0.0000000000000000E+00	0.0000000000000000E+00	0.0000000000000000E+00	0.0000000000000000E+00	0.0000000000000000E+00	0.0000000000000000E+00	0.0000000000000000E+00	0.0000000000000000E+00	0.0000000000000000E+00	0.0000000000000000E+00	0.0000000000000000E+00	0.0000000000000000E+00	
2.4524985468945451E-02	-6.8384892841470063E-02	4.8955088865504554E-01	0.0000000000000000E+00	0.0000000000000000E+00	0.0000000000000000E+00	0.0000000000000000E+00	0.0000000000000000E+00	0.0000000000000000E+00	0.0000000000000000E+00	0.0000000000000000E+00	0.0000000000000000E+00	0.0000000000000000E+00	0.0000000000000000E+00	0.0000000000000000E+00	0.0000000000000000E+00	0.0000000000000000E+00	0.0000000000000000E+00	
-5.8627785966589914E-02	2.6077471867732388E-01	-9.3026964834238002E-02	3.1050710069476445E-01	0.0000000000000000E+00	0.0000000000000000E+00	0.0000000000000000E+00	0.0000000000000000E+00	0.0000000000000000E+00	0.0000000000000000E+00	0.0000000000000000E+00	0.0000000000000000E+00	0.0000000000000000E+00	0.0000000000000000E+00	0.0000000000000000E+00	0.0000000000000000E+00	0.0000000000000000E+00	0.0000000000000000E+00	
-9.8152991721190519E-02	4.0739973028821713E-01	-4.7883784033314503E-01	6.0079517044297104E-01	7.6849425430275564E-01	0.0000000000000000E+00	0.0000000000000000E+00	0.0000000000000000E+00	0.0000000000000000E+00	0.0000000000000000E+00	0.0000000000000000E+00	0.0000000000000000E+00	0.0000000000000000E+00	0.0000000000000000E+00	0.0000000000000000E+00	0.0000000000000000E+00	0.0000000000000000E+00	0.0000000000000000E+00	
-3.4897428298334227E-02	1.8345775724218066E-01	2.5723688157356656E-01	1.0649941152610731E-01	-1.5872925005747640E-01	-1.2920530148268926E-02	0.0000000000000000E+00	0.0000000000000000E+00	0.0000000000000000E+00	0.0000000000000000E+00	0.0000000000000000E+00	0.0000000000000000E+00	0.0000000000000000E+00	0.0000000000000000E+00	0.0000000000000000E+00	0.0000000000000000E+00	0.0000000000000000E+00	0.0000000000000000E+00	
1.7923428022931939E-02	-1.5666290572056091E-01	-8.2341857542886820E-01	1.1851028398652630E-01	7.8006492277416073E-01	3.7598609705635430E-02	5.5144617949145003E-01	0.0000000000000000E+00	0.0000000000000000E+00	0.0000000000000000E+00	0.0000000000000000E+00	0.0000000000000000E+00	0.0000000000000000E+00	0.0000000000000000E+00	0.0000000000000000E+00	0.0000000000000000E+00	0.0000000000000000E+00	0.0000000000000000E+00	
-2.7170789377397608E-01	1.5482939844426786E+00	3.3304330073860431E+00	4.9655424051910690E-01	-2.5773668489742407E+00	-1.6006021097542777E-01	-2.6031011902262300E+00	2.5251039097227328E+00	0.0000000000000000E+00	0.0000000000000000E+00	0.0000000000000000E+00	0.0000000000000000E+00	0.0000000000000000E+00	0.0000000000000000E+00	0.0000000000000000E+00	0.0000000000000000E+00	0.0000000000000000E+00	0.0000000000000000E+00	
-8.4141338231390680E-02	3.8370099768781885E-01	-2.8963058402674768E-02	4.1943831054154179E-01	2.7327434364877501E-01	-2.0763497875545961E-03	-1.3919838675621965E-01	-1.0030853728019151E-02	-7.2390412272726825E-05	0.0000000000000000E+00	0.0000000000000000E+00	0.0000000000000000E+00	0.0000000000000000E+00	0.0000000000000000E+00	0.0000000000000000E+00	0.0000000000000000E+00	0.0000000000000000E+00	0.0000000000000000E+00	
1.1118414445257550E-01	-5.0778814578820008E-01	2.9783572410492978E-02	-5.5211794447846541E-01	-3.5252696780827653E-01	3.1238572416375393E-03	1.8927525688300892E-01	6.9146080618126410E-03	3.2492374826744922E-04	1.2656149574714886E+00	0.0000000000000000E+00	0.0000000000000000E+00	0.0000000000000000E+00	0.0000000000000000E+00	0.0000000000000000E+00	0.0000000000000000E+00	0.0000000000000000E+00	0.0000000000000000E+00	
-6.4482264000599962E-02	2.9389381035725565E-01	-2.3944860591312109E-02	3.2187746628101827E-01	2.1119272537261041E-01	-1.5128960285346821E-03	-1.0557561174434546E-01	-8.9934839290977051E-03	-8.2403743556959538E-06	6.9681655749251420E-02	1.9004505592179987E-03	0.0000000000000000E+00	0.0000000000000000E+00	0.0000000000000000E+00	0.0000000000000000E+00	0.0000000000000000E+00	0.0000000000000000E+00	0.0000000000000000E+00	
-2.8384377598563805E-02	1.2937871454540278E-01	-1.0430451887038721E-02	1.4165937803099432E-01	9.2853735586248501E-02	-6.7087833189400389E-04	-4.6542282098640614E-02	-3.8768101613568537E-03	-6.5933301707966972E-06	1.7444937689046539E-02	2.0623981763604011E-03	3.2211371891062374E-01	0.0000000000000000E+00	0.0000000000000000E+00	0.0000000000000000E+00	0.0000000000000000E+00	0.0000000000000000E+00	0.0000000000000000E+00	
-1.0301148218232004E-01	4.6941156769138703E-01	-3.9233822612090893E-02	5.1445049328943893E-01	3.3837566013151232E-01	-2.3729155840523392E-03	-1.6804143222002793E-01	-1.5100370642597227E-02	1.3346817148351348E-05	2.2955425365281887E-01	-7.9208811283856748E-03	-1.0486803792091153E+00	2.8235297701055934E-01	0.0000000000000000E+00	0.0000000000000000E+00	0.0000000000000000E+00	0.0000000000000000E+00	0.0000000000000000E+00	
-2.9879861474027980E-01	1.3615401958682043E+00	-1.1436750818007858E-01	1.4923740773517764E+00	9.8207442625533337E-01	-6.8576744262306968E-03	-4.8707161516704661E-01	-4.4222331706189874E-02	5.3962787256410123E-05	7.3386018575173417E-01	-2.9277751321643293E-02	-3.9490517768867051E+00	1.0400958002750900E+00	3.5836237633821444E-01	0.0000000000000000E+00	0.0000000000000000E+00	0.0000000000000000E+00	0.0000000000000000E+00	
-6.7730389059969864E-02	3.0867794917054803E-01	-2.5372362412433819E-02	3.3814665843653469E-01	2.2205466583335853E-01	-1.5791905335981148E-03	-1.1075448657256609E-01	-9.6118366433200486E-03	-2.6769388801579244E-06	9.9855405048052237E-02	-4.7472149879694558E-04	-8.1426825073536158E-03	1.9594735788218798E-02	4.1046451512593007E-03	9.3704239126568426E-04	0.0000000000000000E+00	0.0000000000000000E+00	0.0000000000000000E+00	
-6.7041529053888493E-02	3.0550797362210713E-01	-2.5452325263532045E-02	3.3479218886710527E-01	2.2013778796606870E-01	-1.5479898566182794E-03	-1.0941543971205742E-01	-9.7665558648907854E-03	6.4801915522096619E-06	1.3955843421287523E-01	-4.2432504027852796E-03	-5.5124410872066709E-01	1.5177252668118915E-01	5.1293844123519818E-02	-3.0794774767718396E-03	4.7143704797322522E-01	0.0000000000000000E+00	0.0000000000000000E+00	
-6.9940555047652411E-02	3.1873059304650259E-01	-2.6422628566440932E-02	3.4923670320792233E-01	2.2952536228045117E-01	-1.6207649480558003E-03	-1.1422877247161536E-01	-1.0091548066545471E-02	3.2406336700220799E-06	1.2989534345585890E-01	-2.9720271515555354E-03	-3.6567184723212520E-01	1.0730127834825859E-01	3.5303352171022810E-02	-1.6678597045661800E-03	2.6344848226932799E-01	1.5917164777554255E-01	0.0000000000000000E+00	

gamma1
0.0000000000000000E+00	0.0000000000000000E+00	-9.0249286442193566E-01	-2.3769131637376986E+00	-1.2788630142551145E+00	2.9107371421698431E+00	-7.3784178564051039E-01	-2.4283719737937490E+00	-4.0891278631144470E+00	7.8077586958547052E-04	-6.8793375354637796E+00	-1.4430766087281999E-02	9.7349860361657736E-01	-3.9700462611794656E+00	3.7193512053437097E+00	-3.7886733614852952E-02	-3.8584296365919544E+00	5.5882006601290768E-01	

gamma2
0.0000000000000000E+00	1.0000000000000000E+00	1.7218796293054912E+00	1.2268893776437160E+00	7.8201112936314188E-01	-4.3842239069333383E-01	3.3364086293182760E-01	2.5998823939156429E-01	7.2797852247423289E-01	3.1266938045822901E-01	9.9275635209367907E-01	1.4988128587030985E-01	-9.9144344100019585E-02	5.6340125486446868E-01	-2.1068744505259018E-01	1.6065121514574635E-01	5.8859935274542441E-01	5.8212777698557101E-02	

gamma3
0.0000000000000000E+00	0.0000000000000000E+00	0.0000000000000000E+00	0.0000000000000000E+00	-9.6239687409881580E-01	8.8227816449199525E-01	-9.1894793130538988E-01	1.8396974898790865E+00	1.2721405589647710E+00	-6.3543725427753761E-01	2.9829472326554862E-01	-1.9960468902302386E-01	7.1785184862305207E-01	3.2692837587343582E-01	-9.4734900354892226E-01	-3.6262271741935287E-01	-8.4485375999392787E-01	-1.2287771739962423E-01	

delta
1.0000000000000000E+00	1.0489306688022883E-01	1.6475255498846979E+00	1.3923560119460021E+00	2.2258290766447288E+00	1.5924188500942091E+00	-1.8524596790961236E+00	-8.6729376014876525E-01	-1.5202088943464807E-02	2.4082908728517913E+00	4.6362234799314522E-01	-1.1268093777421662E+00	1.2680565767115581E+00	1.6934586142136920E-01	3.0712888730400162E-01	9.7188269752879197E-01	0.0000000000000000E+00	

r
0.0000000000000000E+00	

errcoeff
6.5137572196446823E-05	

v
1.0000000000000000E+00	
1.0000000000000000E+00	
1.0000000000000000E+00	
1.0000000000000000E+00	
1.0000000000000000E+00	
1.0000000000000000E+00	
1.0000000000000000E+00	
1.0000000000000000E+00	
1.0000000000000000E+00	
1.0000000000000000E+00	
1.0000000000000000E+00	
1.0000000000000000E+00	
1.0000000000000000E+00	
1.0000000000000000E+00	
1.0000000000000000E+00	
1.0000000000000000E+00	
1.0000000000000000E+00	
1.0000000000000000E+00	

==============================================================

