#stage		 order
7	 		5


A
0.0000000000000000E+00	0.0000000000000000E+00	0.0000000000000000E+00	0.0000000000000000E+00	0.0000000000000000E+00	0.0000000000000000E+00	0.0000000000000000E+00	
1.9186769191717715E-01	0.0000000000000000E+00	0.0000000000000000E+00	0.0000000000000000E+00	0.0000000000000000E+00	0.0000000000000000E+00	0.0000000000000000E+00	
-2.6584129818145497E-01	4.5791313980373433E-01	0.0000000000000000E+00	0.0000000000000000E+00	0.0000000000000000E+00	0.0000000000000000E+00	0.0000000000000000E+00	
-7.5586945657262461E-01	1.0858059178988029E+00	6.3716010153728619E-01	0.0000000000000000E+00	0.0000000000000000E+00	0.0000000000000000E+00	0.0000000000000000E+00	
-1.7757777171476774E-01	5.0949079501622885E-01	2.2962098481251503E-01	5.7185098936014520E-02	0.0000000000000000E+00	0.0000000000000000E+00	0.0000000000000000E+00	
6.9071887171487711E-02	2.6371730248807257E-01	5.5810144523221361E-02	-4.5358607331905595E-02	3.5481627703920571E-01	0.0000000000000000E+00	0.0000000000000000E+00	
-5.6718411125031502E-02	4.1011931905382443E-01	1.5106948133912246E-01	5.8843759605960236E-03	-2.1596837791457213E-01	7.0561361268605727E-01	0.0000000000000000E+00	

b
3.6089625954482250E-02	
2.9116186543551237E-01	
7.7349204223062740E-02	
-3.1375079388356986E-02	
2.0383999040648587E-01	
2.9619007272531955E-01	
1.2674432064349436E-01	

c
0.0000000000000000E+00	
1.9186769191717715E-01	
1.9207184162227936E-01	
9.6709656286346446E-01	
6.1871910704999067E-01	
6.9805700389008174E-01	
9.9999999999999656E-01	

alpha
0.0000000000000000E+00	0.0000000000000000E+00	0.0000000000000000E+00	0.0000000000000000E+00	0.0000000000000000E+00	0.0000000000000000E+00	0.0000000000000000E+00	0.0000000000000000E+00	
0.0000000000000000E+00	0.0000000000000000E+00	0.0000000000000000E+00	0.0000000000000000E+00	0.0000000000000000E+00	0.0000000000000000E+00	0.0000000000000000E+00	0.0000000000000000E+00	
-0.0000000000000000E+00	0.0000000000000000E+00	0.0000000000000000E+00	0.0000000000000000E+00	0.0000000000000000E+00	0.0000000000000000E+00	0.0000000000000000E+00	0.0000000000000000E+00	
-0.0000000000000000E+00	0.0000000000000000E+00	0.0000000000000000E+00	0.0000000000000000E+00	0.0000000000000000E+00	0.0000000000000000E+00	0.0000000000000000E+00	0.0000000000000000E+00	
-0.0000000000000000E+00	0.0000000000000000E+00	0.0000000000000000E+00	0.0000000000000000E+00	0.0000000000000000E+00	0.0000000000000000E+00	0.0000000000000000E+00	0.0000000000000000E+00	
0.0000000000000000E+00	0.0000000000000000E+00	0.0000000000000000E+00	-0.0000000000000000E+00	0.0000000000000000E+00	0.0000000000000000E+00	0.0000000000000000E+00	0.0000000000000000E+00	
-0.0000000000000000E+00	0.0000000000000000E+00	0.0000000000000000E+00	0.0000000000000000E+00	-0.0000000000000000E+00	0.0000000000000000E+00	0.0000000000000000E+00	0.0000000000000000E+00	
0.0000000000000000E+00	0.0000000000000000E+00	0.0000000000000000E+00	-0.0000000000000000E+00	0.0000000000000000E+00	0.0000000000000000E+00	0.0000000000000000E+00	0.0000000000000000E+00	

beta
0.0000000000000000E+00	0.0000000000000000E+00	0.0000000000000000E+00	0.0000000000000000E+00	0.0000000000000000E+00	0.0000000000000000E+00	0.0000000000000000E+00	0.0000000000000000E+00	
1.9186769191717715E-01	0.0000000000000000E+00	0.0000000000000000E+00	0.0000000000000000E+00	0.0000000000000000E+00	0.0000000000000000E+00	0.0000000000000000E+00	0.0000000000000000E+00	
-2.6584129818145497E-01	4.5791313980373433E-01	0.0000000000000000E+00	0.0000000000000000E+00	0.0000000000000000E+00	0.0000000000000000E+00	0.0000000000000000E+00	0.0000000000000000E+00	
-7.5586945657262461E-01	1.0858059178988029E+00	6.3716010153728619E-01	0.0000000000000000E+00	0.0000000000000000E+00	0.0000000000000000E+00	0.0000000000000000E+00	0.0000000000000000E+00	
-1.7757777171476774E-01	5.0949079501622885E-01	2.2962098481251503E-01	5.7185098936014520E-02	0.0000000000000000E+00	0.0000000000000000E+00	0.0000000000000000E+00	0.0000000000000000E+00	
6.9071887171487711E-02	2.6371730248807257E-01	5.5810144523221361E-02	-4.5358607331905595E-02	3.5481627703920571E-01	0.0000000000000000E+00	0.0000000000000000E+00	0.0000000000000000E+00	
-5.6718411125031502E-02	4.1011931905382443E-01	1.5106948133912246E-01	5.8843759605960236E-03	-2.1596837791457213E-01	7.0561361268605727E-01	0.0000000000000000E+00	0.0000000000000000E+00	
3.6089625954482250E-02	2.9116186543551237E-01	7.7349204223062740E-02	-3.1375079388356986E-02	2.0383999040648587E-01	2.9619007272531955E-01	1.2674432064349436E-01	0.0000000000000000E+00	

gamma1
0.0000000000000000E+00	0.0000000000000000E+00	-3.5616474720900104E+00	2.5694010346280654E+00	1.9215171620481186E-01	-4.6119213868399456E-01	4.1335304857349175E+00	4.1976241302632122E-01	

gamma2
0.0000000000000000E+00	1.0000000000000000E+00	2.3855448800427004E+00	-7.1708106370933333E-01	9.3380470273157234E-01	2.0728912403212272E+00	2.3719528969164596E+00	-4.1514567680556319E-01	

gamma3
0.0000000000000000E+00	0.0000000000000000E+00	0.0000000000000000E+00	0.0000000000000000E+00	-1.4041035372055282E+00	-3.1169761350060394E+00	-3.6299964251195900E+00	6.6713041215781155E-01	

delta
1.0000000000000000E+00	9.1220358512322708E-01	2.7639281499621238E-01	1.8015566819880630E-01	-1.6016138848085312E-01	-1.9992838508400383E+00	0.0000000000000000E+00	

r
0.0000000000000000E+00	

errcoeff
7.0157992218890448E-04	

v
1.0000000000000000E+00	
1.0000000000000000E+00	
1.0000000000000000E+00	
1.0000000000000000E+00	
1.0000000000000000E+00	
1.0000000000000000E+00	
1.0000000000000000E+00	
1.0000000000000000E+00	

==============================================================

