#stage		 order
9	 		5


A
0.0000000000000000E+00	0.0000000000000000E+00	0.0000000000000000E+00	0.0000000000000000E+00	0.0000000000000000E+00	0.0000000000000000E+00	0.0000000000000000E+00	0.0000000000000000E+00	0.0000000000000000E+00	
1.9819251233058371E-01	0.0000000000000000E+00	0.0000000000000000E+00	0.0000000000000000E+00	0.0000000000000000E+00	0.0000000000000000E+00	0.0000000000000000E+00	0.0000000000000000E+00	0.0000000000000000E+00	
1.0785227968173609E-01	2.7832689636903815E-02	0.0000000000000000E+00	0.0000000000000000E+00	0.0000000000000000E+00	0.0000000000000000E+00	0.0000000000000000E+00	0.0000000000000000E+00	0.0000000000000000E+00	
-1.9542009587195097E-03	-6.8795756394329874E-02	3.0588938395800969E-01	0.0000000000000000E+00	0.0000000000000000E+00	0.0000000000000000E+00	0.0000000000000000E+00	0.0000000000000000E+00	0.0000000000000000E+00	
3.3976171734904875E-03	-6.4179635754400777E-02	2.4618642196752077E-01	1.4086107352249982E-01	0.0000000000000000E+00	0.0000000000000000E+00	0.0000000000000000E+00	0.0000000000000000E+00	0.0000000000000000E+00	
1.5355962794053185E-02	-1.1850752892978615E-01	3.8642567889596052E-01	-1.6564159081461627E-01	3.3918297992429425E-01	0.0000000000000000E+00	0.0000000000000000E+00	0.0000000000000000E+00	0.0000000000000000E+00	
9.1905768748169470E-03	-9.6858845669430149E-02	3.4105052675310465E-01	2.2130116710191536E-02	-8.9519642514955061E-02	4.3515899149980963E-01	0.0000000000000000E+00	0.0000000000000000E+00	0.0000000000000000E+00	
8.1686566965541562E-03	-9.9038131219881587E-02	3.5794470522926142E-01	8.0224873192508067E-02	-2.2563822616497686E-01	5.0439521709273227E-01	3.8607803121176974E-02	0.0000000000000000E+00	0.0000000000000000E+00	
9.4083266331054603E-03	-1.0601307872993353E-01	3.7816789473754253E-01	5.4731485942448616E-02	-1.6901717862886004E-01	5.0777532812855908E-01	-4.9390964563601963E-01	6.2855848742220011E-01	0.0000000000000000E+00	

b
5.6828249401172440E-03	
-9.6421207467879411E-02	
3.6552146530329832E-01	
1.8451317944597589E-01	
-4.6742928286579211E-01	
6.0089051028847407E-01	
1.8663395523871431E+00	
-2.2497131172429499E+00	
7.9061607521161248E-01	

c
0.0000000000000000E+00	
1.9819251233058371E-01	
1.3568496931863991E-01	
2.3513942660496029E-01	
3.2626547690911034E-01	
4.5681550186990555E-01	
6.2115172365353755E-01	
6.6466489794737438E-01	
8.0970161986904254E-01	

alpha
0.0000000000000000E+00	0.0000000000000000E+00	0.0000000000000000E+00	0.0000000000000000E+00	0.0000000000000000E+00	0.0000000000000000E+00	0.0000000000000000E+00	0.0000000000000000E+00	0.0000000000000000E+00	0.0000000000000000E+00	
0.0000000000000000E+00	0.0000000000000000E+00	0.0000000000000000E+00	0.0000000000000000E+00	0.0000000000000000E+00	0.0000000000000000E+00	0.0000000000000000E+00	0.0000000000000000E+00	0.0000000000000000E+00	0.0000000000000000E+00	
0.0000000000000000E+00	0.0000000000000000E+00	0.0000000000000000E+00	0.0000000000000000E+00	0.0000000000000000E+00	0.0000000000000000E+00	0.0000000000000000E+00	0.0000000000000000E+00	0.0000000000000000E+00	0.0000000000000000E+00	
-0.0000000000000000E+00	-0.0000000000000000E+00	0.0000000000000000E+00	0.0000000000000000E+00	0.0000000000000000E+00	0.0000000000000000E+00	0.0000000000000000E+00	0.0000000000000000E+00	0.0000000000000000E+00	0.0000000000000000E+00	
0.0000000000000000E+00	-0.0000000000000000E+00	0.0000000000000000E+00	0.0000000000000000E+00	0.0000000000000000E+00	0.0000000000000000E+00	0.0000000000000000E+00	0.0000000000000000E+00	0.0000000000000000E+00	0.0000000000000000E+00	
0.0000000000000000E+00	-0.0000000000000000E+00	0.0000000000000000E+00	-0.0000000000000000E+00	0.0000000000000000E+00	0.0000000000000000E+00	0.0000000000000000E+00	0.0000000000000000E+00	0.0000000000000000E+00	0.0000000000000000E+00	
0.0000000000000000E+00	-0.0000000000000000E+00	0.0000000000000000E+00	0.0000000000000000E+00	-0.0000000000000000E+00	0.0000000000000000E+00	0.0000000000000000E+00	0.0000000000000000E+00	0.0000000000000000E+00	0.0000000000000000E+00	
0.0000000000000000E+00	-0.0000000000000000E+00	0.0000000000000000E+00	0.0000000000000000E+00	-0.0000000000000000E+00	0.0000000000000000E+00	0.0000000000000000E+00	0.0000000000000000E+00	0.0000000000000000E+00	0.0000000000000000E+00	
0.0000000000000000E+00	-0.0000000000000000E+00	0.0000000000000000E+00	0.0000000000000000E+00	-0.0000000000000000E+00	0.0000000000000000E+00	-0.0000000000000000E+00	0.0000000000000000E+00	0.0000000000000000E+00	0.0000000000000000E+00	
0.0000000000000000E+00	-0.0000000000000000E+00	0.0000000000000000E+00	0.0000000000000000E+00	-0.0000000000000000E+00	0.0000000000000000E+00	0.0000000000000000E+00	-0.0000000000000000E+00	0.0000000000000000E+00	0.0000000000000000E+00	

beta
0.0000000000000000E+00	0.0000000000000000E+00	0.0000000000000000E+00	0.0000000000000000E+00	0.0000000000000000E+00	0.0000000000000000E+00	0.0000000000000000E+00	0.0000000000000000E+00	0.0000000000000000E+00	0.0000000000000000E+00	
1.9819251233058371E-01	0.0000000000000000E+00	0.0000000000000000E+00	0.0000000000000000E+00	0.0000000000000000E+00	0.0000000000000000E+00	0.0000000000000000E+00	0.0000000000000000E+00	0.0000000000000000E+00	0.0000000000000000E+00	
1.0785227968173609E-01	2.7832689636903815E-02	0.0000000000000000E+00	0.0000000000000000E+00	0.0000000000000000E+00	0.0000000000000000E+00	0.0000000000000000E+00	0.0000000000000000E+00	0.0000000000000000E+00	0.0000000000000000E+00	
-1.9542009587195097E-03	-6.8795756394329874E-02	3.0588938395800969E-01	0.0000000000000000E+00	0.0000000000000000E+00	0.0000000000000000E+00	0.0000000000000000E+00	0.0000000000000000E+00	0.0000000000000000E+00	0.0000000000000000E+00	
3.3976171734904875E-03	-6.4179635754400777E-02	2.4618642196752077E-01	1.4086107352249982E-01	0.0000000000000000E+00	0.0000000000000000E+00	0.0000000000000000E+00	0.0000000000000000E+00	0.0000000000000000E+00	0.0000000000000000E+00	
1.5355962794053185E-02	-1.1850752892978615E-01	3.8642567889596052E-01	-1.6564159081461627E-01	3.3918297992429425E-01	0.0000000000000000E+00	0.0000000000000000E+00	0.0000000000000000E+00	0.0000000000000000E+00	0.0000000000000000E+00	
9.1905768748169470E-03	-9.6858845669430149E-02	3.4105052675310465E-01	2.2130116710191536E-02	-8.9519642514955061E-02	4.3515899149980963E-01	0.0000000000000000E+00	0.0000000000000000E+00	0.0000000000000000E+00	0.0000000000000000E+00	
8.1686566965541562E-03	-9.9038131219881587E-02	3.5794470522926142E-01	8.0224873192508067E-02	-2.2563822616497686E-01	5.0439521709273227E-01	3.8607803121176974E-02	0.0000000000000000E+00	0.0000000000000000E+00	0.0000000000000000E+00	
9.4083266331054603E-03	-1.0601307872993353E-01	3.7816789473754253E-01	5.4731485942448616E-02	-1.6901717862886004E-01	5.0777532812855908E-01	-4.9390964563601963E-01	6.2855848742220011E-01	0.0000000000000000E+00	0.0000000000000000E+00	
5.6828249401172440E-03	-9.6421207467879411E-02	3.6552146530329832E-01	1.8451317944597589E-01	-4.6742928286579211E-01	6.0089051028847407E-01	1.8663395523871431E+00	-2.2497131172429499E+00	7.9061607521161248E-01	0.0000000000000000E+00	

gamma1
0.0000000000000000E+00	0.0000000000000000E+00	2.5931626473309344E-01	-3.2991153573672460E-01	3.4080392988369690E-01	-9.6046146862472104E-01	1.3047566286376724E+00	-4.1498985711645453E-02	-2.8507615484622129E+01	-3.5791627386487384E+00	

gamma2
0.0000000000000000E+00	1.0000000000000000E+00	4.5582061394005008E-01	2.1365397253619385E+00	3.1579674405047981E-01	1.5038514921469186E+00	1.0696545734445626E+00	2.4501377379819783E-01	3.2642484653369315E+00	5.3026123345505227E-01	

gamma3
0.0000000000000000E+00	0.0000000000000000E+00	0.0000000000000000E+00	0.0000000000000000E+00	-1.3927178298446168E-03	-9.6985943344809011E-01	-8.2034178885707298E-01	-2.7720489310846630E-01	-3.7757142688814369E+00	-8.2755175505398038E-01	

delta
1.0000000000000000E+00	6.2494567515176480E-01	-1.0024851985456338E+00	1.4693558590320639E+00	-1.4327226903661505E-01	-1.4665331697948811E+00	4.9001513317798615E+00	4.8141601736261981E+00	0.0000000000000000E+00	

r
0.0000000000000000E+00	

errcoeff
1.0202732504732925E-04	

v
1.0000000000000000E+00	
1.0000000000000000E+00	
1.0000000000000000E+00	
1.0000000000000000E+00	
1.0000000000000000E+00	
1.0000000000000000E+00	
1.0000000000000000E+00	
1.0000000000000000E+00	
1.0000000000000000E+00	
1.0000000000000000E+00	

==============================================================

