#stage		 order
5	 		3


A
0.0000000000000000E+00	0.0000000000000000E+00	0.0000000000000000E+00	0.0000000000000000E+00	0.0000000000000000E+00	
2.3002859824852059E-01	0.0000000000000000E+00	0.0000000000000000E+00	0.0000000000000000E+00	0.0000000000000000E+00	
1.0285955599672481E-01	3.0214498165167158E-01	0.0000000000000000E+00	0.0000000000000000E+00	0.0000000000000000E+00	
6.2788671767654305E-02	2.9433267267288898E-02	8.0256010238856679E-01	0.0000000000000000E+00	0.0000000000000000E+00	
4.7715340468867488E-02	3.6370503782469962E-02	2.0320942978980233E-01	4.3621618871511753E-01	0.0000000000000000E+00	

b
1.1479327557254156E-01	
8.9334973775310064E-02	
4.3558608557813200E-01	
2.4735860527888109E-01	
1.1292705979513513E-01	

c
0.0000000000000000E+00	
2.3002859824852059E-01	
4.0500453764839639E-01	
8.9478204142351003E-01	
7.2351146275625733E-01	

alpha
0.0000000000000000E+00	0.0000000000000000E+00	0.0000000000000000E+00	0.0000000000000000E+00	0.0000000000000000E+00	0.0000000000000000E+00	
2.7920767700857781E-02	0.0000000000000000E+00	0.0000000000000000E+00	0.0000000000000000E+00	0.0000000000000000E+00	0.0000000000000000E+00	
1.1461074172480984E-02	3.6674221852893089E-02	0.0000000000000000E+00	0.0000000000000000E+00	0.0000000000000000E+00	0.0000000000000000E+00	
6.4050375897815055E-03	2.6715649110015861E-12	9.7414383930463852E-02	0.0000000000000000E+00	0.0000000000000000E+00	0.0000000000000000E+00	
5.0465815993985114E-03	3.5100484895288150E-03	1.9507599133428571E-02	5.2947724609918881E-02	0.0000000000000000E+00	0.0000000000000000E+00	
1.2763357443883544E-02	8.8563148454602787E-03	4.9679055253093622E-02	2.9298519802141161E-02	1.3707035680295561E-02	0.0000000000000000E+00	

beta
0.0000000000000000E+00	0.0000000000000000E+00	0.0000000000000000E+00	0.0000000000000000E+00	0.0000000000000000E+00	0.0000000000000000E+00	
2.3002859824852059E-01	0.0000000000000000E+00	0.0000000000000000E+00	0.0000000000000000E+00	0.0000000000000000E+00	0.0000000000000000E+00	
9.4423436152048540E-02	3.0214498165167158E-01	0.0000000000000000E+00	0.0000000000000000E+00	0.0000000000000000E+00	0.0000000000000000E+00	
5.2768671488257771E-02	2.2010008399186987E-11	8.0256010238856679E-01	0.0000000000000000E+00	0.0000000000000000E+00	0.0000000000000000E+00	
4.1576868648233935E-02	2.8917956070593470E-02	1.6071569850562420E-01	4.3621618871511753E-01	0.0000000000000000E+00	0.0000000000000000E+00	
1.0515245329988382E-01	7.2963813580462694E-02	4.0928686362119082E-01	2.4137937441584043E-01	1.1292705979513513E-01	0.0000000000000000E+00	

gamma1
0.0000000000000000E+00	0.0000000000000000E+00	2.5876919610938998E-01	-1.3243708384977859E-01	5.0556648948362981E-02	5.6705507883024708E-01	

gamma2
0.0000000000000000E+00	1.0000000000000000E+00	5.5284013909611196E-01	6.7318513326032769E-01	2.8031054965521607E-01	5.5215115815918758E-01	

gamma3
0.0000000000000000E+00	0.0000000000000000E+00	0.0000000000000000E+00	0.0000000000000000E+00	2.7525797946334213E-01	-8.9505445022148511E-01	

delta
1.0000000000000000E+00	3.4076878915216791E-01	3.4143871647890728E-01	7.2292984084963252E-01	0.0000000000000000E+00	

r
1.2137954981881194E-01	

errcoeff
9.9289896813267598E-03	

v
1.0000000000000000E+00	
9.7207923229914217E-01	
9.5186470397462597E-01	
8.9618057847708310E-01	
9.1898804616772523E-01	
8.8569571697512584E-01	

==============================================================

