#stage		 order
12	 		3


A
0.0000000000000000E+00	0.0000000000000000E+00	0.0000000000000000E+00	0.0000000000000000E+00	0.0000000000000000E+00	0.0000000000000000E+00	0.0000000000000000E+00	0.0000000000000000E+00	0.0000000000000000E+00	0.0000000000000000E+00	0.0000000000000000E+00	0.0000000000000000E+00	
1.0641353812272319E-01	0.0000000000000000E+00	0.0000000000000000E+00	0.0000000000000000E+00	0.0000000000000000E+00	0.0000000000000000E+00	0.0000000000000000E+00	0.0000000000000000E+00	0.0000000000000000E+00	0.0000000000000000E+00	0.0000000000000000E+00	0.0000000000000000E+00	
7.1411315517577290E-02	5.6127547614958773E-01	0.0000000000000000E+00	0.0000000000000000E+00	0.0000000000000000E+00	0.0000000000000000E+00	0.0000000000000000E+00	0.0000000000000000E+00	0.0000000000000000E+00	0.0000000000000000E+00	0.0000000000000000E+00	0.0000000000000000E+00	
4.8874184135888898E-02	1.7571976208895312E-01	3.0201443127907485E-01	0.0000000000000000E+00	0.0000000000000000E+00	0.0000000000000000E+00	0.0000000000000000E+00	0.0000000000000000E+00	0.0000000000000000E+00	0.0000000000000000E+00	0.0000000000000000E+00	0.0000000000000000E+00	
7.2199908494331166E-02	2.8277702278776617E-01	5.5861884156304564E-01	1.1843162344786158E+00	0.0000000000000000E+00	0.0000000000000000E+00	0.0000000000000000E+00	0.0000000000000000E+00	0.0000000000000000E+00	0.0000000000000000E+00	0.0000000000000000E+00	0.0000000000000000E+00	
4.6476319874406695E-02	1.5749906160671506E-01	2.4064829319251363E-01	4.6501442532545312E-01	3.0373808216562898E-02	0.0000000000000000E+00	0.0000000000000000E+00	0.0000000000000000E+00	0.0000000000000000E+00	0.0000000000000000E+00	0.0000000000000000E+00	0.0000000000000000E+00	
3.5413957247534607E-02	1.0100064597612168E-01	9.1187036471385874E-02	1.2388453647774966E-01	1.5978271269062247E-03	2.0813485410410386E-03	0.0000000000000000E+00	0.0000000000000000E+00	0.0000000000000000E+00	0.0000000000000000E+00	0.0000000000000000E+00	0.0000000000000000E+00	
3.9497359580514452E-02	1.1046466217543494E-01	9.1121425500551717E-02	1.1172014432320701E-01	-6.9086242895621125E-04	3.4280032622979097E-03	9.9144672858132624E-02	0.0000000000000000E+00	0.0000000000000000E+00	0.0000000000000000E+00	0.0000000000000000E+00	0.0000000000000000E+00	
5.4029731681646709E-02	1.7985867001393552E-01	2.6406048124882675E-01	5.0134476757977242E-01	3.1640906492211754E-02	-9.8933384427836897E-03	-3.0099598851397857E-01	2.0840460059538260E-01	0.0000000000000000E+00	0.0000000000000000E+00	0.0000000000000000E+00	0.0000000000000000E+00	
1.0368606257571952E-02	-2.2645986902169901E-02	-2.2650641871357066E-01	-5.9671777979433194E-01	-5.8715611361102274E-02	2.7094692917665777E-02	8.1032720013037929E-01	-5.4917086459723041E-01	-1.1797503915137361E-01	0.0000000000000000E+00	0.0000000000000000E+00	0.0000000000000000E+00	
3.5723306998644767E-02	1.0438058937167768E-01	1.0409495639490653E-01	1.5524409153385607E-01	4.4426705341246743E-03	8.3267346704483242E-04	2.1771509524484617E-02	-1.2051188912020755E-02	-4.6375645322183738E-03	-3.6352923738363012E-02	0.0000000000000000E+00	0.0000000000000000E+00	
3.7789342933850147E-02	1.1134786807932531E-01	1.1462722466528998E-01	1.7550214559914187E-01	5.7542341154604767E-03	4.0887328820758380E-04	8.8997405892457700E-03	-3.1576401037019808E-03	-2.8559525955037459E-03	-1.8686166211062370E-02	1.4400386456720735E-01	0.0000000000000000E+00	

b
4.9689360039376421E-02	
1.4820506499564903E-01	
1.5941962562731915E-01	
2.5250728505018383E-01	
9.5988077687114062E-03	
-3.7195832534934006E-04	
-1.5531723084395186E-02	
1.4331495746728104E-02	
1.9525045620589522E-04	
1.3530009811075307E-02	
-1.3925951980292345E-01	
5.0768630171741891E-01	

c
0.0000000000000000E+00	
1.0641353812272319E-01	
6.3268679166716502E-01	
5.2660837750391687E-01	
2.0979120073237585E+00	
9.4001190821565139E-01	
3.5516535184073905E-01	
4.5468540527118240E-01	
9.2844983065501352E-01	
-7.2394120121416183E-01	
3.7344812064213706E-01	
5.7363353492746039E-01	

alpha
0.0000000000000000E+00	0.0000000000000000E+00	0.0000000000000000E+00	0.0000000000000000E+00	0.0000000000000000E+00	0.0000000000000000E+00	0.0000000000000000E+00	0.0000000000000000E+00	0.0000000000000000E+00	0.0000000000000000E+00	0.0000000000000000E+00	0.0000000000000000E+00	0.0000000000000000E+00	
0.0000000000000000E+00	0.0000000000000000E+00	0.0000000000000000E+00	0.0000000000000000E+00	0.0000000000000000E+00	0.0000000000000000E+00	0.0000000000000000E+00	0.0000000000000000E+00	0.0000000000000000E+00	0.0000000000000000E+00	0.0000000000000000E+00	0.0000000000000000E+00	0.0000000000000000E+00	
0.0000000000000000E+00	0.0000000000000000E+00	0.0000000000000000E+00	0.0000000000000000E+00	0.0000000000000000E+00	0.0000000000000000E+00	0.0000000000000000E+00	0.0000000000000000E+00	0.0000000000000000E+00	0.0000000000000000E+00	0.0000000000000000E+00	0.0000000000000000E+00	0.0000000000000000E+00	
0.0000000000000000E+00	0.0000000000000000E+00	0.0000000000000000E+00	0.0000000000000000E+00	0.0000000000000000E+00	0.0000000000000000E+00	0.0000000000000000E+00	0.0000000000000000E+00	0.0000000000000000E+00	0.0000000000000000E+00	0.0000000000000000E+00	0.0000000000000000E+00	0.0000000000000000E+00	
0.0000000000000000E+00	0.0000000000000000E+00	0.0000000000000000E+00	0.0000000000000000E+00	0.0000000000000000E+00	0.0000000000000000E+00	0.0000000000000000E+00	0.0000000000000000E+00	0.0000000000000000E+00	0.0000000000000000E+00	0.0000000000000000E+00	0.0000000000000000E+00	0.0000000000000000E+00	
0.0000000000000000E+00	0.0000000000000000E+00	0.0000000000000000E+00	0.0000000000000000E+00	0.0000000000000000E+00	0.0000000000000000E+00	0.0000000000000000E+00	0.0000000000000000E+00	0.0000000000000000E+00	0.0000000000000000E+00	0.0000000000000000E+00	0.0000000000000000E+00	0.0000000000000000E+00	
0.0000000000000000E+00	0.0000000000000000E+00	0.0000000000000000E+00	0.0000000000000000E+00	0.0000000000000000E+00	0.0000000000000000E+00	0.0000000000000000E+00	0.0000000000000000E+00	0.0000000000000000E+00	0.0000000000000000E+00	0.0000000000000000E+00	0.0000000000000000E+00	0.0000000000000000E+00	
0.0000000000000000E+00	0.0000000000000000E+00	0.0000000000000000E+00	0.0000000000000000E+00	-0.0000000000000000E+00	0.0000000000000000E+00	0.0000000000000000E+00	0.0000000000000000E+00	0.0000000000000000E+00	0.0000000000000000E+00	0.0000000000000000E+00	0.0000000000000000E+00	0.0000000000000000E+00	
0.0000000000000000E+00	0.0000000000000000E+00	0.0000000000000000E+00	0.0000000000000000E+00	0.0000000000000000E+00	-0.0000000000000000E+00	-0.0000000000000000E+00	0.0000000000000000E+00	0.0000000000000000E+00	0.0000000000000000E+00	0.0000000000000000E+00	0.0000000000000000E+00	0.0000000000000000E+00	
0.0000000000000000E+00	-0.0000000000000000E+00	-0.0000000000000000E+00	-0.0000000000000000E+00	-0.0000000000000000E+00	0.0000000000000000E+00	0.0000000000000000E+00	-0.0000000000000000E+00	-0.0000000000000000E+00	0.0000000000000000E+00	0.0000000000000000E+00	0.0000000000000000E+00	0.0000000000000000E+00	
0.0000000000000000E+00	0.0000000000000000E+00	0.0000000000000000E+00	0.0000000000000000E+00	0.0000000000000000E+00	0.0000000000000000E+00	0.0000000000000000E+00	-0.0000000000000000E+00	-0.0000000000000000E+00	-0.0000000000000000E+00	0.0000000000000000E+00	0.0000000000000000E+00	0.0000000000000000E+00	
0.0000000000000000E+00	0.0000000000000000E+00	0.0000000000000000E+00	0.0000000000000000E+00	0.0000000000000000E+00	0.0000000000000000E+00	0.0000000000000000E+00	-0.0000000000000000E+00	-0.0000000000000000E+00	-0.0000000000000000E+00	0.0000000000000000E+00	0.0000000000000000E+00	0.0000000000000000E+00	
0.0000000000000000E+00	0.0000000000000000E+00	0.0000000000000000E+00	0.0000000000000000E+00	0.0000000000000000E+00	-0.0000000000000000E+00	-0.0000000000000000E+00	0.0000000000000000E+00	0.0000000000000000E+00	0.0000000000000000E+00	-0.0000000000000000E+00	0.0000000000000000E+00	0.0000000000000000E+00	

beta
0.0000000000000000E+00	0.0000000000000000E+00	0.0000000000000000E+00	0.0000000000000000E+00	0.0000000000000000E+00	0.0000000000000000E+00	0.0000000000000000E+00	0.0000000000000000E+00	0.0000000000000000E+00	0.0000000000000000E+00	0.0000000000000000E+00	0.0000000000000000E+00	0.0000000000000000E+00	
1.0641353812272319E-01	0.0000000000000000E+00	0.0000000000000000E+00	0.0000000000000000E+00	0.0000000000000000E+00	0.0000000000000000E+00	0.0000000000000000E+00	0.0000000000000000E+00	0.0000000000000000E+00	0.0000000000000000E+00	0.0000000000000000E+00	0.0000000000000000E+00	0.0000000000000000E+00	
7.1411315517577290E-02	5.6127547614958773E-01	0.0000000000000000E+00	0.0000000000000000E+00	0.0000000000000000E+00	0.0000000000000000E+00	0.0000000000000000E+00	0.0000000000000000E+00	0.0000000000000000E+00	0.0000000000000000E+00	0.0000000000000000E+00	0.0000000000000000E+00	0.0000000000000000E+00	
4.8874184135888898E-02	1.7571976208895312E-01	3.0201443127907485E-01	0.0000000000000000E+00	0.0000000000000000E+00	0.0000000000000000E+00	0.0000000000000000E+00	0.0000000000000000E+00	0.0000000000000000E+00	0.0000000000000000E+00	0.0000000000000000E+00	0.0000000000000000E+00	0.0000000000000000E+00	
7.2199908494331166E-02	2.8277702278776617E-01	5.5861884156304564E-01	1.1843162344786158E+00	0.0000000000000000E+00	0.0000000000000000E+00	0.0000000000000000E+00	0.0000000000000000E+00	0.0000000000000000E+00	0.0000000000000000E+00	0.0000000000000000E+00	0.0000000000000000E+00	0.0000000000000000E+00	
4.6476319874406695E-02	1.5749906160671506E-01	2.4064829319251363E-01	4.6501442532545312E-01	3.0373808216562898E-02	0.0000000000000000E+00	0.0000000000000000E+00	0.0000000000000000E+00	0.0000000000000000E+00	0.0000000000000000E+00	0.0000000000000000E+00	0.0000000000000000E+00	0.0000000000000000E+00	
3.5413957247534607E-02	1.0100064597612168E-01	9.1187036471385874E-02	1.2388453647774966E-01	1.5978271269062247E-03	2.0813485410410386E-03	0.0000000000000000E+00	0.0000000000000000E+00	0.0000000000000000E+00	0.0000000000000000E+00	0.0000000000000000E+00	0.0000000000000000E+00	0.0000000000000000E+00	
3.9497359580514452E-02	1.1046466217543494E-01	9.1121425500551717E-02	1.1172014432320701E-01	-6.9086242895621125E-04	3.4280032622979097E-03	9.9144672858132624E-02	0.0000000000000000E+00	0.0000000000000000E+00	0.0000000000000000E+00	0.0000000000000000E+00	0.0000000000000000E+00	0.0000000000000000E+00	
5.4029731681646709E-02	1.7985867001393552E-01	2.6406048124882675E-01	5.0134476757977242E-01	3.1640906492211754E-02	-9.8933384427836897E-03	-3.0099598851397857E-01	2.0840460059538260E-01	0.0000000000000000E+00	0.0000000000000000E+00	0.0000000000000000E+00	0.0000000000000000E+00	0.0000000000000000E+00	
1.0368606257571952E-02	-2.2645986902169901E-02	-2.2650641871357066E-01	-5.9671777979433194E-01	-5.8715611361102274E-02	2.7094692917665777E-02	8.1032720013037929E-01	-5.4917086459723041E-01	-1.1797503915137361E-01	0.0000000000000000E+00	0.0000000000000000E+00	0.0000000000000000E+00	0.0000000000000000E+00	
3.5723306998644767E-02	1.0438058937167768E-01	1.0409495639490653E-01	1.5524409153385607E-01	4.4426705341246743E-03	8.3267346704483242E-04	2.1771509524484617E-02	-1.2051188912020755E-02	-4.6375645322183738E-03	-3.6352923738363012E-02	0.0000000000000000E+00	0.0000000000000000E+00	0.0000000000000000E+00	
3.7789342933850147E-02	1.1134786807932531E-01	1.1462722466528998E-01	1.7550214559914187E-01	5.7542341154604767E-03	4.0887328820758380E-04	8.8997405892457700E-03	-3.1576401037019808E-03	-2.8559525955037459E-03	-1.8686166211062370E-02	1.4400386456720735E-01	0.0000000000000000E+00	0.0000000000000000E+00	
4.9689360039376421E-02	1.4820506499564903E-01	1.5941962562731915E-01	2.5250728505018383E-01	9.5988077687114062E-03	-3.7195832534934006E-04	-1.5531723084395186E-02	1.4331495746728104E-02	1.9525045620589522E-04	1.3530009811075307E-02	-1.3925951980292345E-01	5.0768630171741891E-01	0.0000000000000000E+00	

gamma1
0.0000000000000000E+00	0.0000000000000000E+00	4.8382534400040067E-01	1.5746741371534023E-01	1.9371274487742585E+00	3.3608856085013733E-01	-2.0975548307668634E-01	1.6751500730033217E+00	-3.2423505489450402E+00	-2.8479324036272287E+00	3.2018790155054933E-02	4.8434779587266813E-01	-9.6705404553868968E-01	

gamma2
0.0000000000000000E+00	1.0000000000000000E+00	3.2892640563063519E-01	4.3773688105701392E-01	-2.1171727606255339E-01	1.7075836610932482E-01	2.5346913371362756E-01	-1.0567975452557093E-01	9.2715198273328958E-01	7.7770985939222093E-01	1.6722546976999816E-01	9.1792513473488213E-02	3.8637528259916332E-01	

gamma3
0.0000000000000000E+00	0.0000000000000000E+00	0.0000000000000000E+00	0.0000000000000000E+00	-4.4214076354667303E-01	2.0812984048781039E-01	2.7084460667554755E-01	-2.5554734424062497E-01	3.5465896101817129E-01	3.7406105796325972E-01	2.1372821874282796E-01	7.1958468708603410E-02	9.9447571734012946E-02	

delta
1.0000000000000000E+00	5.6927095898537494E-01	3.5547567020012055E-01	4.1321413827373682E-01	3.3120039311457361E-01	1.0350803091663774E+00	2.6627048542495824E-01	2.2264263041398114E-01	2.7364148716038733E-01	4.3599336162712284E-02	3.2326388017343144E-01	0.0000000000000000E+00	

r
0.0000000000000000E+00	

errcoeff
1.4825121024184742E-03	

v
1.0000000000000000E+00	
1.0000000000000000E+00	
1.0000000000000000E+00	
1.0000000000000000E+00	
1.0000000000000000E+00	
1.0000000000000000E+00	
1.0000000000000000E+00	
1.0000000000000000E+00	
1.0000000000000000E+00	
1.0000000000000000E+00	
1.0000000000000000E+00	
1.0000000000000000E+00	
1.0000000000000000E+00	

==============================================================

