#stage		 order
19	 		3


A
0.0000000000000000E+00	0.0000000000000000E+00	0.0000000000000000E+00	0.0000000000000000E+00	0.0000000000000000E+00	0.0000000000000000E+00	0.0000000000000000E+00	0.0000000000000000E+00	0.0000000000000000E+00	0.0000000000000000E+00	0.0000000000000000E+00	0.0000000000000000E+00	0.0000000000000000E+00	0.0000000000000000E+00	0.0000000000000000E+00	0.0000000000000000E+00	0.0000000000000000E+00	0.0000000000000000E+00	0.0000000000000000E+00	
2.4689780940114092E-02	0.0000000000000000E+00	0.0000000000000000E+00	0.0000000000000000E+00	0.0000000000000000E+00	0.0000000000000000E+00	0.0000000000000000E+00	0.0000000000000000E+00	0.0000000000000000E+00	0.0000000000000000E+00	0.0000000000000000E+00	0.0000000000000000E+00	0.0000000000000000E+00	0.0000000000000000E+00	0.0000000000000000E+00	0.0000000000000000E+00	0.0000000000000000E+00	0.0000000000000000E+00	0.0000000000000000E+00	
1.7001984434825292E-02	3.3613867696034527E-02	0.0000000000000000E+00	0.0000000000000000E+00	0.0000000000000000E+00	0.0000000000000000E+00	0.0000000000000000E+00	0.0000000000000000E+00	0.0000000000000000E+00	0.0000000000000000E+00	0.0000000000000000E+00	0.0000000000000000E+00	0.0000000000000000E+00	0.0000000000000000E+00	0.0000000000000000E+00	0.0000000000000000E+00	0.0000000000000000E+00	0.0000000000000000E+00	0.0000000000000000E+00	
1.4714154354806993E-02	5.9429189140324801E-03	1.9132372505257464E-01	0.0000000000000000E+00	0.0000000000000000E+00	0.0000000000000000E+00	0.0000000000000000E+00	0.0000000000000000E+00	0.0000000000000000E+00	0.0000000000000000E+00	0.0000000000000000E+00	0.0000000000000000E+00	0.0000000000000000E+00	0.0000000000000000E+00	0.0000000000000000E+00	0.0000000000000000E+00	0.0000000000000000E+00	0.0000000000000000E+00	0.0000000000000000E+00	
-5.6757894192418796E-03	1.3946143758375449E-03	-5.1465366973640492E-01	5.8405641377504613E-01	0.0000000000000000E+00	0.0000000000000000E+00	0.0000000000000000E+00	0.0000000000000000E+00	0.0000000000000000E+00	0.0000000000000000E+00	0.0000000000000000E+00	0.0000000000000000E+00	0.0000000000000000E+00	0.0000000000000000E+00	0.0000000000000000E+00	0.0000000000000000E+00	0.0000000000000000E+00	0.0000000000000000E+00	0.0000000000000000E+00	
1.1152555741145924E-02	6.1379141639699214E-03	-5.0302009731584857E-02	6.8587709597967700E-02	2.3355596486198957E-03	0.0000000000000000E+00	0.0000000000000000E+00	0.0000000000000000E+00	0.0000000000000000E+00	0.0000000000000000E+00	0.0000000000000000E+00	0.0000000000000000E+00	0.0000000000000000E+00	0.0000000000000000E+00	0.0000000000000000E+00	0.0000000000000000E+00	0.0000000000000000E+00	0.0000000000000000E+00	0.0000000000000000E+00	
-5.1215134382679994E-03	-1.0534681216458333E-03	-1.8796406019546011E-01	2.1031643758891580E-01	-7.0183408648275799E-03	1.4735726669345903E-01	0.0000000000000000E+00	0.0000000000000000E+00	0.0000000000000000E+00	0.0000000000000000E+00	0.0000000000000000E+00	0.0000000000000000E+00	0.0000000000000000E+00	0.0000000000000000E+00	0.0000000000000000E+00	0.0000000000000000E+00	0.0000000000000000E+00	0.0000000000000000E+00	0.0000000000000000E+00	
5.3960676831219620E-02	2.6505874762800367E-02	1.3826964475222547E-01	-1.0539813253503816E-01	2.2051757782852045E-02	-4.3185418863043867E-01	3.1662928077094293E-01	0.0000000000000000E+00	0.0000000000000000E+00	0.0000000000000000E+00	0.0000000000000000E+00	0.0000000000000000E+00	0.0000000000000000E+00	0.0000000000000000E+00	0.0000000000000000E+00	0.0000000000000000E+00	0.0000000000000000E+00	0.0000000000000000E+00	0.0000000000000000E+00	
-1.0751005600201335E-01	-4.9086458076730538E-02	-7.2067196950460155E-01	7.2003808924894919E-01	-5.6476607437407164E-02	1.1312583260715652E+00	-7.7735488505544370E-01	7.2415243163959020E-01	0.0000000000000000E+00	0.0000000000000000E+00	0.0000000000000000E+00	0.0000000000000000E+00	0.0000000000000000E+00	0.0000000000000000E+00	0.0000000000000000E+00	0.0000000000000000E+00	0.0000000000000000E+00	0.0000000000000000E+00	0.0000000000000000E+00	
5.0584488271746338E-02	2.4662676345208343E-02	1.5171363691811654E-01	-1.2411783146542704E-01	2.1294467572383444E-02	-4.1827634112064582E-01	3.0409002308257110E-01	-2.4332714869174565E-01	-2.7044139416969436E-02	0.0000000000000000E+00	0.0000000000000000E+00	0.0000000000000000E+00	0.0000000000000000E+00	0.0000000000000000E+00	0.0000000000000000E+00	0.0000000000000000E+00	0.0000000000000000E+00	0.0000000000000000E+00	0.0000000000000000E+00	
-6.4967012157416890E-02	-2.9692156810256679E-02	-4.3192885121830993E-01	4.3102651179217355E-01	-3.4027711755395387E-02	6.8143706684519023E-01	-4.6857301421085329E-01	4.3574370303274568E-01	3.0281194525573093E-02	7.3204661757948997E-01	0.0000000000000000E+00	0.0000000000000000E+00	0.0000000000000000E+00	0.0000000000000000E+00	0.0000000000000000E+00	0.0000000000000000E+00	0.0000000000000000E+00	0.0000000000000000E+00	0.0000000000000000E+00	
1.8597457989519561E-03	2.8784852310037544E-03	-2.3018353957459439E-01	2.6554582821412392E-01	-5.8586439235080133E-03	1.2805394726559727E-01	-6.6408509970538543E-02	1.1360126853332747E-01	-5.4218537239156053E-03	8.2074737691342659E-02	-1.5408930693518851E-02	0.0000000000000000E+00	0.0000000000000000E+00	0.0000000000000000E+00	0.0000000000000000E+00	0.0000000000000000E+00	0.0000000000000000E+00	0.0000000000000000E+00	0.0000000000000000E+00	
4.1420104564460936E-02	1.2941514047771829E-02	9.9146559534008605E-01	-1.0952159532394987E+00	4.1867165447478691E-02	-8.7010551629798583E-01	5.3440377105979608E-01	-6.5002832866269800E-01	-5.8579224029789018E-03	-7.7090235893910763E-01	1.3645637145579231E-01	3.0372684669612204E-01	0.0000000000000000E+00	0.0000000000000000E+00	0.0000000000000000E+00	0.0000000000000000E+00	0.0000000000000000E+00	0.0000000000000000E+00	0.0000000000000000E+00	
3.1685162537369166E-03	2.0695473481655343E-03	-5.3237720830657441E-02	6.4106882493504130E-02	-4.3360037375242150E-04	1.1970055623608325E-02	-1.6002010945262227E-03	1.7370703868351448E-02	-2.8722585372348681E-03	-4.1399224005150004E-03	3.1882169950668386E-04	2.6389107812561565E-03	1.5535153078782745E-04	0.0000000000000000E+00	0.0000000000000000E+00	0.0000000000000000E+00	0.0000000000000000E+00	0.0000000000000000E+00	0.0000000000000000E+00	
-5.8068059275082379E-02	-2.8399016658277938E-02	-1.6367292800204125E-01	1.3046692187819942E-01	-2.4149430283450547E-02	4.7377782195779417E-01	-3.4562695312442188E-01	2.7387514539691710E-01	3.1242020954978956E-02	5.5984239730766439E-01	-9.5164080443890797E-02	-2.3014607009937915E-01	1.7253253547820076E-03	8.4116745090044698E-01	0.0000000000000000E+00	0.0000000000000000E+00	0.0000000000000000E+00	0.0000000000000000E+00	0.0000000000000000E+00	
-2.3529595385332478E-02	-1.2110788714100974E-02	5.8149080640064327E-03	-2.9779662120602637E-02	-7.7533983475369175E-03	1.4809202847905320E-01	-1.1631064468594321E-01	7.3480161945882486E-02	1.4014204683766657E-02	1.9620984988873330E-01	-3.2905865976108561E-02	-8.1747331760528508E-02	4.0961691563578444E-04	2.0755194702804983E-01	4.8998299962700756E-03	0.0000000000000000E+00	0.0000000000000000E+00	0.0000000000000000E+00	0.0000000000000000E+00	
3.0994150890767125E-03	2.2602696240928005E-03	-8.0277802116741528E-02	9.5018502958382878E-02	-1.2185868007716493E-03	2.8865941795556405E-02	-1.0846218480010300E-02	3.1650636877114668E-02	-3.3392324794114265E-03	7.9297303216097348E-03	-1.8990268376389077E-03	-1.9181910037435607E-03	2.6514016218160059E-04	1.1958413944158430E-01	4.0197735173235286E-05	3.2192968090886545E-03	0.0000000000000000E+00	0.0000000000000000E+00	0.0000000000000000E+00	
-6.0743338207413670E-02	-3.7963210018613081E-02	8.1592586873476436E-01	-9.9447664247560819E-01	2.5462827329950141E-03	-1.0494822083133259E-01	-3.6685512530789527E-02	-2.2661581410112602E-01	5.1219758560891726E-02	1.6631481943926629E-01	-2.2159242570425459E-02	-8.3248997095785607E-02	-2.1567704311230094E-03	-9.4413687585987471E-01	5.7430502505694319E-03	-8.4777117051255929E-02	1.6228968388847054E+00	0.0000000000000000E+00	0.0000000000000000E+00	
1.6720339284566187E-02	1.1054358794662444E-02	-2.9687603351087655E-01	3.5655503740296368E-01	-2.7371383333744991E-03	7.2863368863168743E-02	-1.3689866969052864E-02	9.9950759490664953E-02	-1.5456317389166890E-02	-1.5075745682981895E-02	4.3283376798412213E-04	1.1382455696091181E-02	8.8376124772715937E-04	3.9345041977026085E-01	-9.5755804722237245E-04	2.1266441775006466E-02	-3.9908332548062708E-01	-1.5736227668211858E-01	0.0000000000000000E+00	

b
-8.2992741466326048E-01	
-5.3146381918561347E-01	
1.2675729023545001E+01	
-1.5337832925610071E+01	
7.7830009553480767E-02	
-2.3634036394962425E+00	
1.5832993879583146E-03	
-3.8903868468198795E+00	
7.2850103004863043E-01	
1.6233291494377631E+00	
-1.8297884056740291E-01	
-8.9364682895686309E-01	
-3.5599211999797070E-02	
-1.5722804405451745E+01	
6.5291928009348840E-02	
-1.1145542657433860E+00	
2.1166454809950267E+01	
6.6905679864735585E+00	
-1.1266890379117422E+00	

c
0.0000000000000000E+00	
2.4689780940114092E-02	
5.0615852130859819E-02	
2.1198079832141412E-01	
6.5121568995236911E-02	
3.7911729420118584E-02	
1.5651632166217330E-01	
2.0164913734563583E-02	
8.6434887088390822E-01	
-2.6042016850476218E-01	
1.2813463476229403E+00	
2.7073253484827164E-01	
-1.3298287109307612E+00	
3.9515086362231076E-02	
1.3668705458642392E+00	
3.4633526001124454E-01	
1.9243421309554362E-01	
6.6734877429844408E-02	
8.3321513997674929E-02	

alpha
0.0000000000000000E+00	0.0000000000000000E+00	0.0000000000000000E+00	0.0000000000000000E+00	0.0000000000000000E+00	0.0000000000000000E+00	0.0000000000000000E+00	0.0000000000000000E+00	0.0000000000000000E+00	0.0000000000000000E+00	0.0000000000000000E+00	0.0000000000000000E+00	0.0000000000000000E+00	0.0000000000000000E+00	0.0000000000000000E+00	0.0000000000000000E+00	0.0000000000000000E+00	0.0000000000000000E+00	0.0000000000000000E+00	0.0000000000000000E+00	
0.0000000000000000E+00	0.0000000000000000E+00	0.0000000000000000E+00	0.0000000000000000E+00	0.0000000000000000E+00	0.0000000000000000E+00	0.0000000000000000E+00	0.0000000000000000E+00	0.0000000000000000E+00	0.0000000000000000E+00	0.0000000000000000E+00	0.0000000000000000E+00	0.0000000000000000E+00	0.0000000000000000E+00	0.0000000000000000E+00	0.0000000000000000E+00	0.0000000000000000E+00	0.0000000000000000E+00	0.0000000000000000E+00	0.0000000000000000E+00	
0.0000000000000000E+00	0.0000000000000000E+00	0.0000000000000000E+00	0.0000000000000000E+00	0.0000000000000000E+00	0.0000000000000000E+00	0.0000000000000000E+00	0.0000000000000000E+00	0.0000000000000000E+00	0.0000000000000000E+00	0.0000000000000000E+00	0.0000000000000000E+00	0.0000000000000000E+00	0.0000000000000000E+00	0.0000000000000000E+00	0.0000000000000000E+00	0.0000000000000000E+00	0.0000000000000000E+00	0.0000000000000000E+00	0.0000000000000000E+00	
0.0000000000000000E+00	0.0000000000000000E+00	0.0000000000000000E+00	0.0000000000000000E+00	0.0000000000000000E+00	0.0000000000000000E+00	0.0000000000000000E+00	0.0000000000000000E+00	0.0000000000000000E+00	0.0000000000000000E+00	0.0000000000000000E+00	0.0000000000000000E+00	0.0000000000000000E+00	0.0000000000000000E+00	0.0000000000000000E+00	0.0000000000000000E+00	0.0000000000000000E+00	0.0000000000000000E+00	0.0000000000000000E+00	0.0000000000000000E+00	
-0.0000000000000000E+00	0.0000000000000000E+00	-0.0000000000000000E+00	0.0000000000000000E+00	0.0000000000000000E+00	0.0000000000000000E+00	0.0000000000000000E+00	0.0000000000000000E+00	0.0000000000000000E+00	0.0000000000000000E+00	0.0000000000000000E+00	0.0000000000000000E+00	0.0000000000000000E+00	0.0000000000000000E+00	0.0000000000000000E+00	0.0000000000000000E+00	0.0000000000000000E+00	0.0000000000000000E+00	0.0000000000000000E+00	0.0000000000000000E+00	
0.0000000000000000E+00	0.0000000000000000E+00	-0.0000000000000000E+00	0.0000000000000000E+00	0.0000000000000000E+00	0.0000000000000000E+00	0.0000000000000000E+00	0.0000000000000000E+00	0.0000000000000000E+00	0.0000000000000000E+00	0.0000000000000000E+00	0.0000000000000000E+00	0.0000000000000000E+00	0.0000000000000000E+00	0.0000000000000000E+00	0.0000000000000000E+00	0.0000000000000000E+00	0.0000000000000000E+00	0.0000000000000000E+00	0.0000000000000000E+00	
-0.0000000000000000E+00	-0.0000000000000000E+00	-0.0000000000000000E+00	0.0000000000000000E+00	-0.0000000000000000E+00	0.0000000000000000E+00	0.0000000000000000E+00	0.0000000000000000E+00	0.0000000000000000E+00	0.0000000000000000E+00	0.0000000000000000E+00	0.0000000000000000E+00	0.0000000000000000E+00	0.0000000000000000E+00	0.0000000000000000E+00	0.0000000000000000E+00	0.0000000000000000E+00	0.0000000000000000E+00	0.0000000000000000E+00	0.0000000000000000E+00	
0.0000000000000000E+00	0.0000000000000000E+00	0.0000000000000000E+00	-0.0000000000000000E+00	0.0000000000000000E+00	-0.0000000000000000E+00	0.0000000000000000E+00	0.0000000000000000E+00	0.0000000000000000E+00	0.0000000000000000E+00	0.0000000000000000E+00	0.0000000000000000E+00	0.0000000000000000E+00	0.0000000000000000E+00	0.0000000000000000E+00	0.0000000000000000E+00	0.0000000000000000E+00	0.0000000000000000E+00	0.0000000000000000E+00	0.0000000000000000E+00	
-0.0000000000000000E+00	-0.0000000000000000E+00	-0.0000000000000000E+00	0.0000000000000000E+00	-0.0000000000000000E+00	0.0000000000000000E+00	-0.0000000000000000E+00	0.0000000000000000E+00	0.0000000000000000E+00	0.0000000000000000E+00	0.0000000000000000E+00	0.0000000000000000E+00	0.0000000000000000E+00	0.0000000000000000E+00	0.0000000000000000E+00	0.0000000000000000E+00	0.0000000000000000E+00	0.0000000000000000E+00	0.0000000000000000E+00	0.0000000000000000E+00	
0.0000000000000000E+00	0.0000000000000000E+00	0.0000000000000000E+00	-0.0000000000000000E+00	0.0000000000000000E+00	-0.0000000000000000E+00	0.0000000000000000E+00	-0.0000000000000000E+00	-0.0000000000000000E+00	0.0000000000000000E+00	0.0000000000000000E+00	0.0000000000000000E+00	0.0000000000000000E+00	0.0000000000000000E+00	0.0000000000000000E+00	0.0000000000000000E+00	0.0000000000000000E+00	0.0000000000000000E+00	0.0000000000000000E+00	0.0000000000000000E+00	
-0.0000000000000000E+00	-0.0000000000000000E+00	-0.0000000000000000E+00	0.0000000000000000E+00	-0.0000000000000000E+00	0.0000000000000000E+00	-0.0000000000000000E+00	0.0000000000000000E+00	0.0000000000000000E+00	0.0000000000000000E+00	0.0000000000000000E+00	0.0000000000000000E+00	0.0000000000000000E+00	0.0000000000000000E+00	0.0000000000000000E+00	0.0000000000000000E+00	0.0000000000000000E+00	0.0000000000000000E+00	0.0000000000000000E+00	0.0000000000000000E+00	
0.0000000000000000E+00	0.0000000000000000E+00	-0.0000000000000000E+00	0.0000000000000000E+00	-0.0000000000000000E+00	0.0000000000000000E+00	-0.0000000000000000E+00	0.0000000000000000E+00	-0.0000000000000000E+00	0.0000000000000000E+00	-0.0000000000000000E+00	0.0000000000000000E+00	0.0000000000000000E+00	0.0000000000000000E+00	0.0000000000000000E+00	0.0000000000000000E+00	0.0000000000000000E+00	0.0000000000000000E+00	0.0000000000000000E+00	0.0000000000000000E+00	
0.0000000000000000E+00	0.0000000000000000E+00	0.0000000000000000E+00	-0.0000000000000000E+00	0.0000000000000000E+00	-0.0000000000000000E+00	0.0000000000000000E+00	-0.0000000000000000E+00	-0.0000000000000000E+00	-0.0000000000000000E+00	0.0000000000000000E+00	0.0000000000000000E+00	0.0000000000000000E+00	0.0000000000000000E+00	0.0000000000000000E+00	0.0000000000000000E+00	0.0000000000000000E+00	0.0000000000000000E+00	0.0000000000000000E+00	0.0000000000000000E+00	
0.0000000000000000E+00	0.0000000000000000E+00	-0.0000000000000000E+00	0.0000000000000000E+00	-0.0000000000000000E+00	0.0000000000000000E+00	-0.0000000000000000E+00	0.0000000000000000E+00	-0.0000000000000000E+00	-0.0000000000000000E+00	0.0000000000000000E+00	0.0000000000000000E+00	0.0000000000000000E+00	0.0000000000000000E+00	0.0000000000000000E+00	0.0000000000000000E+00	0.0000000000000000E+00	0.0000000000000000E+00	0.0000000000000000E+00	0.0000000000000000E+00	
-0.0000000000000000E+00	-0.0000000000000000E+00	-0.0000000000000000E+00	0.0000000000000000E+00	-0.0000000000000000E+00	0.0000000000000000E+00	-0.0000000000000000E+00	0.0000000000000000E+00	0.0000000000000000E+00	0.0000000000000000E+00	-0.0000000000000000E+00	-0.0000000000000000E+00	0.0000000000000000E+00	0.0000000000000000E+00	0.0000000000000000E+00	0.0000000000000000E+00	0.0000000000000000E+00	0.0000000000000000E+00	0.0000000000000000E+00	0.0000000000000000E+00	
-0.0000000000000000E+00	-0.0000000000000000E+00	0.0000000000000000E+00	-0.0000000000000000E+00	-0.0000000000000000E+00	0.0000000000000000E+00	-0.0000000000000000E+00	0.0000000000000000E+00	0.0000000000000000E+00	0.0000000000000000E+00	-0.0000000000000000E+00	-0.0000000000000000E+00	0.0000000000000000E+00	0.0000000000000000E+00	0.0000000000000000E+00	0.0000000000000000E+00	0.0000000000000000E+00	0.0000000000000000E+00	0.0000000000000000E+00	0.0000000000000000E+00	
0.0000000000000000E+00	0.0000000000000000E+00	-0.0000000000000000E+00	0.0000000000000000E+00	-0.0000000000000000E+00	0.0000000000000000E+00	-0.0000000000000000E+00	0.0000000000000000E+00	-0.0000000000000000E+00	0.0000000000000000E+00	-0.0000000000000000E+00	-0.0000000000000000E+00	0.0000000000000000E+00	0.0000000000000000E+00	0.0000000000000000E+00	0.0000000000000000E+00	0.0000000000000000E+00	0.0000000000000000E+00	0.0000000000000000E+00	0.0000000000000000E+00	
-0.0000000000000000E+00	-0.0000000000000000E+00	0.0000000000000000E+00	-0.0000000000000000E+00	0.0000000000000000E+00	-0.0000000000000000E+00	-0.0000000000000000E+00	-0.0000000000000000E+00	0.0000000000000000E+00	0.0000000000000000E+00	-0.0000000000000000E+00	-0.0000000000000000E+00	-0.0000000000000000E+00	-0.0000000000000000E+00	0.0000000000000000E+00	-0.0000000000000000E+00	0.0000000000000000E+00	0.0000000000000000E+00	0.0000000000000000E+00	0.0000000000000000E+00	
0.0000000000000000E+00	0.0000000000000000E+00	-0.0000000000000000E+00	0.0000000000000000E+00	-0.0000000000000000E+00	0.0000000000000000E+00	-0.0000000000000000E+00	0.0000000000000000E+00	-0.0000000000000000E+00	-0.0000000000000000E+00	0.0000000000000000E+00	0.0000000000000000E+00	0.0000000000000000E+00	0.0000000000000000E+00	-0.0000000000000000E+00	0.0000000000000000E+00	-0.0000000000000000E+00	-0.0000000000000000E+00	0.0000000000000000E+00	0.0000000000000000E+00	
-0.0000000000000000E+00	-0.0000000000000000E+00	0.0000000000000000E+00	-0.0000000000000000E+00	0.0000000000000000E+00	-0.0000000000000000E+00	0.0000000000000000E+00	-0.0000000000000000E+00	0.0000000000000000E+00	0.0000000000000000E+00	-0.0000000000000000E+00	-0.0000000000000000E+00	-0.0000000000000000E+00	-0.0000000000000000E+00	0.0000000000000000E+00	-0.0000000000000000E+00	0.0000000000000000E+00	0.0000000000000000E+00	-0.0000000000000000E+00	0.0000000000000000E+00	

beta
0.0000000000000000E+00	0.0000000000000000E+00	0.0000000000000000E+00	0.0000000000000000E+00	0.0000000000000000E+00	0.0000000000000000E+00	0.0000000000000000E+00	0.0000000000000000E+00	0.0000000000000000E+00	0.0000000000000000E+00	0.0000000000000000E+00	0.0000000000000000E+00	0.0000000000000000E+00	0.0000000000000000E+00	0.0000000000000000E+00	0.0000000000000000E+00	0.0000000000000000E+00	0.0000000000000000E+00	0.0000000000000000E+00	0.0000000000000000E+00	
2.4689780940114092E-02	0.0000000000000000E+00	0.0000000000000000E+00	0.0000000000000000E+00	0.0000000000000000E+00	0.0000000000000000E+00	0.0000000000000000E+00	0.0000000000000000E+00	0.0000000000000000E+00	0.0000000000000000E+00	0.0000000000000000E+00	0.0000000000000000E+00	0.0000000000000000E+00	0.0000000000000000E+00	0.0000000000000000E+00	0.0000000000000000E+00	0.0000000000000000E+00	0.0000000000000000E+00	0.0000000000000000E+00	0.0000000000000000E+00	
1.7001984434825292E-02	3.3613867696034527E-02	0.0000000000000000E+00	0.0000000000000000E+00	0.0000000000000000E+00	0.0000000000000000E+00	0.0000000000000000E+00	0.0000000000000000E+00	0.0000000000000000E+00	0.0000000000000000E+00	0.0000000000000000E+00	0.0000000000000000E+00	0.0000000000000000E+00	0.0000000000000000E+00	0.0000000000000000E+00	0.0000000000000000E+00	0.0000000000000000E+00	0.0000000000000000E+00	0.0000000000000000E+00	0.0000000000000000E+00	
1.4714154354806993E-02	5.9429189140324801E-03	1.9132372505257464E-01	0.0000000000000000E+00	0.0000000000000000E+00	0.0000000000000000E+00	0.0000000000000000E+00	0.0000000000000000E+00	0.0000000000000000E+00	0.0000000000000000E+00	0.0000000000000000E+00	0.0000000000000000E+00	0.0000000000000000E+00	0.0000000000000000E+00	0.0000000000000000E+00	0.0000000000000000E+00	0.0000000000000000E+00	0.0000000000000000E+00	0.0000000000000000E+00	0.0000000000000000E+00	
-5.6757894192418796E-03	1.3946143758375449E-03	-5.1465366973640492E-01	5.8405641377504613E-01	0.0000000000000000E+00	0.0000000000000000E+00	0.0000000000000000E+00	0.0000000000000000E+00	0.0000000000000000E+00	0.0000000000000000E+00	0.0000000000000000E+00	0.0000000000000000E+00	0.0000000000000000E+00	0.0000000000000000E+00	0.0000000000000000E+00	0.0000000000000000E+00	0.0000000000000000E+00	0.0000000000000000E+00	0.0000000000000000E+00	0.0000000000000000E+00	
1.1152555741145924E-02	6.1379141639699214E-03	-5.0302009731584857E-02	6.8587709597967700E-02	2.3355596486198957E-03	0.0000000000000000E+00	0.0000000000000000E+00	0.0000000000000000E+00	0.0000000000000000E+00	0.0000000000000000E+00	0.0000000000000000E+00	0.0000000000000000E+00	0.0000000000000000E+00	0.0000000000000000E+00	0.0000000000000000E+00	0.0000000000000000E+00	0.0000000000000000E+00	0.0000000000000000E+00	0.0000000000000000E+00	0.0000000000000000E+00	
-5.1215134382679994E-03	-1.0534681216458333E-03	-1.8796406019546011E-01	2.1031643758891580E-01	-7.0183408648275799E-03	1.4735726669345903E-01	0.0000000000000000E+00	0.0000000000000000E+00	0.0000000000000000E+00	0.0000000000000000E+00	0.0000000000000000E+00	0.0000000000000000E+00	0.0000000000000000E+00	0.0000000000000000E+00	0.0000000000000000E+00	0.0000000000000000E+00	0.0000000000000000E+00	0.0000000000000000E+00	0.0000000000000000E+00	0.0000000000000000E+00	
5.3960676831219620E-02	2.6505874762800367E-02	1.3826964475222547E-01	-1.0539813253503816E-01	2.2051757782852045E-02	-4.3185418863043867E-01	3.1662928077094293E-01	0.0000000000000000E+00	0.0000000000000000E+00	0.0000000000000000E+00	0.0000000000000000E+00	0.0000000000000000E+00	0.0000000000000000E+00	0.0000000000000000E+00	0.0000000000000000E+00	0.0000000000000000E+00	0.0000000000000000E+00	0.0000000000000000E+00	0.0000000000000000E+00	0.0000000000000000E+00	
-1.0751005600201335E-01	-4.9086458076730538E-02	-7.2067196950460155E-01	7.2003808924894919E-01	-5.6476607437407164E-02	1.1312583260715652E+00	-7.7735488505544370E-01	7.2415243163959020E-01	0.0000000000000000E+00	0.0000000000000000E+00	0.0000000000000000E+00	0.0000000000000000E+00	0.0000000000000000E+00	0.0000000000000000E+00	0.0000000000000000E+00	0.0000000000000000E+00	0.0000000000000000E+00	0.0000000000000000E+00	0.0000000000000000E+00	0.0000000000000000E+00	
5.0584488271746338E-02	2.4662676345208343E-02	1.5171363691811654E-01	-1.2411783146542704E-01	2.1294467572383444E-02	-4.1827634112064582E-01	3.0409002308257110E-01	-2.4332714869174565E-01	-2.7044139416969436E-02	0.0000000000000000E+00	0.0000000000000000E+00	0.0000000000000000E+00	0.0000000000000000E+00	0.0000000000000000E+00	0.0000000000000000E+00	0.0000000000000000E+00	0.0000000000000000E+00	0.0000000000000000E+00	0.0000000000000000E+00	0.0000000000000000E+00	
-6.4967012157416890E-02	-2.9692156810256679E-02	-4.3192885121830993E-01	4.3102651179217355E-01	-3.4027711755395387E-02	6.8143706684519023E-01	-4.6857301421085329E-01	4.3574370303274568E-01	3.0281194525573093E-02	7.3204661757948997E-01	0.0000000000000000E+00	0.0000000000000000E+00	0.0000000000000000E+00	0.0000000000000000E+00	0.0000000000000000E+00	0.0000000000000000E+00	0.0000000000000000E+00	0.0000000000000000E+00	0.0000000000000000E+00	0.0000000000000000E+00	
1.8597457989519561E-03	2.8784852310037544E-03	-2.3018353957459439E-01	2.6554582821412392E-01	-5.8586439235080133E-03	1.2805394726559727E-01	-6.6408509970538543E-02	1.1360126853332747E-01	-5.4218537239156053E-03	8.2074737691342659E-02	-1.5408930693518851E-02	0.0000000000000000E+00	0.0000000000000000E+00	0.0000000000000000E+00	0.0000000000000000E+00	0.0000000000000000E+00	0.0000000000000000E+00	0.0000000000000000E+00	0.0000000000000000E+00	0.0000000000000000E+00	
4.1420104564460936E-02	1.2941514047771829E-02	9.9146559534008605E-01	-1.0952159532394987E+00	4.1867165447478691E-02	-8.7010551629798583E-01	5.3440377105979608E-01	-6.5002832866269800E-01	-5.8579224029789018E-03	-7.7090235893910763E-01	1.3645637145579231E-01	3.0372684669612204E-01	0.0000000000000000E+00	0.0000000000000000E+00	0.0000000000000000E+00	0.0000000000000000E+00	0.0000000000000000E+00	0.0000000000000000E+00	0.0000000000000000E+00	0.0000000000000000E+00	
3.1685162537369166E-03	2.0695473481655343E-03	-5.3237720830657441E-02	6.4106882493504130E-02	-4.3360037375242150E-04	1.1970055623608325E-02	-1.6002010945262227E-03	1.7370703868351448E-02	-2.8722585372348681E-03	-4.1399224005150004E-03	3.1882169950668386E-04	2.6389107812561565E-03	1.5535153078782745E-04	0.0000000000000000E+00	0.0000000000000000E+00	0.0000000000000000E+00	0.0000000000000000E+00	0.0000000000000000E+00	0.0000000000000000E+00	0.0000000000000000E+00	
-5.8068059275082379E-02	-2.8399016658277938E-02	-1.6367292800204125E-01	1.3046692187819942E-01	-2.4149430283450547E-02	4.7377782195779417E-01	-3.4562695312442188E-01	2.7387514539691710E-01	3.1242020954978956E-02	5.5984239730766439E-01	-9.5164080443890797E-02	-2.3014607009937915E-01	1.7253253547820076E-03	8.4116745090044698E-01	0.0000000000000000E+00	0.0000000000000000E+00	0.0000000000000000E+00	0.0000000000000000E+00	0.0000000000000000E+00	0.0000000000000000E+00	
-2.3529595385332478E-02	-1.2110788714100974E-02	5.8149080640064327E-03	-2.9779662120602637E-02	-7.7533983475369175E-03	1.4809202847905320E-01	-1.1631064468594321E-01	7.3480161945882486E-02	1.4014204683766657E-02	1.9620984988873330E-01	-3.2905865976108561E-02	-8.1747331760528508E-02	4.0961691563578444E-04	2.0755194702804983E-01	4.8998299962700756E-03	0.0000000000000000E+00	0.0000000000000000E+00	0.0000000000000000E+00	0.0000000000000000E+00	0.0000000000000000E+00	
3.0994150890767125E-03	2.2602696240928005E-03	-8.0277802116741528E-02	9.5018502958382878E-02	-1.2185868007716493E-03	2.8865941795556405E-02	-1.0846218480010300E-02	3.1650636877114668E-02	-3.3392324794114265E-03	7.9297303216097348E-03	-1.8990268376389077E-03	-1.9181910037435607E-03	2.6514016218160059E-04	1.1958413944158430E-01	4.0197735173235286E-05	3.2192968090886545E-03	0.0000000000000000E+00	0.0000000000000000E+00	0.0000000000000000E+00	0.0000000000000000E+00	
-6.0743338207413670E-02	-3.7963210018613081E-02	8.1592586873476436E-01	-9.9447664247560819E-01	2.5462827329950141E-03	-1.0494822083133259E-01	-3.6685512530789527E-02	-2.2661581410112602E-01	5.1219758560891726E-02	1.6631481943926629E-01	-2.2159242570425459E-02	-8.3248997095785607E-02	-2.1567704311230094E-03	-9.4413687585987471E-01	5.7430502505694319E-03	-8.4777117051255929E-02	1.6228968388847054E+00	0.0000000000000000E+00	0.0000000000000000E+00	0.0000000000000000E+00	
1.6720339284566187E-02	1.1054358794662444E-02	-2.9687603351087655E-01	3.5655503740296368E-01	-2.7371383333744991E-03	7.2863368863168743E-02	-1.3689866969052864E-02	9.9950759490664953E-02	-1.5456317389166890E-02	-1.5075745682981895E-02	4.3283376798412213E-04	1.1382455696091181E-02	8.8376124772715937E-04	3.9345041977026085E-01	-9.5755804722237245E-04	2.1266441775006466E-02	-3.9908332548062708E-01	-1.5736227668211858E-01	0.0000000000000000E+00	0.0000000000000000E+00	
-8.2992741466326048E-01	-5.3146381918561347E-01	1.2675729023545001E+01	-1.5337832925610071E+01	7.7830009553480767E-02	-2.3634036394962425E+00	1.5832993879583146E-03	-3.8903868468198795E+00	7.2850103004863043E-01	1.6233291494377631E+00	-1.8297884056740291E-01	-8.9364682895686309E-01	-3.5599211999797070E-02	-1.5722804405451745E+01	6.5291928009348840E-02	-1.1145542657433860E+00	2.1166454809950267E+01	6.6905679864735585E+00	-1.1266890379117422E+00	0.0000000000000000E+00	

gamma1
0.0000000000000000E+00	0.0000000000000000E+00	2.6551957675763771E-01	-6.4266605465801208E-02	-2.8526612336124884E+00	-1.4234372927815830E-01	-3.5708426573660268E+00	-3.6148407611885904E+00	-2.9280430391147023E+00	-5.4088517346739384E-01	-1.4891942531844746E+00	1.2231598993549930E-01	-1.0059925825468092E+01	-3.2767042722007922E-02	1.2194758018262499E+01	3.5956145801618433E-01	-7.7161112040575741E-02	-2.8303910586898326E+01	-3.6691622789092282E-01	-4.2516975018027452E+01	

gamma2
0.0000000000000000E+00	1.0000000000000000E+00	3.1137564662626266E-01	3.4898758855696332E-01	7.4855893622136882E-01	2.4373539595132049E-01	6.6895462116274262E-01	7.5085706611578862E-01	5.2889303584679859E-01	1.5146712705847384E-01	1.6671559808683445E-01	1.4709739202174305E-01	8.6836241536213254E-01	4.0561415884678161E-02	-8.3581048841432415E-01	-7.9527542157694656E-02	9.8786857599721431E-02	1.6063883832649513E+00	1.0615493082253134E-01	2.2695665202742141E+00	

gamma3
0.0000000000000000E+00	0.0000000000000000E+00	0.0000000000000000E+00	0.0000000000000000E+00	1.4071700442915289E+00	8.6299655951921461E-02	1.1065813383098884E+00	4.2258057652080599E-02	2.3423254260780996E-01	2.7816389428689670E-01	7.2985352714277041E-01	-6.6442767263313551E-01	7.5209494687604317E-01	5.0983032259152072E-01	6.6971552913609045E-01	1.8821644079859023E+00	-5.5064056152610374E-01	8.6411311863205398E-01	-6.3347855108314144E-01	7.4902271931752262E-01	

delta
1.0000000000000000E+00	1.3588242407536224E+00	6.9075872540990579E-01	2.1734909621420601E-01	1.0658160360443465E+00	8.4587121215946048E-01	9.1119845885179362E-01	8.9422294608264252E-01	1.3525621084949642E+00	2.2163433083920072E+00	-6.9336181862898041E-02	1.3868149967365773E+00	1.0220421603132606E+00	1.3027047786920471E+00	1.4186121225319717E+00	8.6413332875782423E-01	1.2262678797435043E+00	1.1399208781265546E+00	0.0000000000000000E+00	

r
0.0000000000000000E+00	

errcoeff
5.6290613043687729E-04	

v
1.0000000000000000E+00	
1.0000000000000000E+00	
1.0000000000000000E+00	
1.0000000000000000E+00	
1.0000000000000000E+00	
1.0000000000000000E+00	
1.0000000000000000E+00	
1.0000000000000000E+00	
1.0000000000000000E+00	
1.0000000000000000E+00	
1.0000000000000000E+00	
1.0000000000000000E+00	
1.0000000000000000E+00	
1.0000000000000000E+00	
1.0000000000000000E+00	
1.0000000000000000E+00	
1.0000000000000000E+00	
1.0000000000000000E+00	
1.0000000000000000E+00	
1.0000000000000000E+00	

==============================================================

