#stage		 order
14	 		3


A
0.0000000000000000E+00	0.0000000000000000E+00	0.0000000000000000E+00	0.0000000000000000E+00	0.0000000000000000E+00	0.0000000000000000E+00	0.0000000000000000E+00	0.0000000000000000E+00	0.0000000000000000E+00	0.0000000000000000E+00	0.0000000000000000E+00	0.0000000000000000E+00	0.0000000000000000E+00	0.0000000000000000E+00	
2.7142474171786923E-01	0.0000000000000000E+00	0.0000000000000000E+00	0.0000000000000000E+00	0.0000000000000000E+00	0.0000000000000000E+00	0.0000000000000000E+00	0.0000000000000000E+00	0.0000000000000000E+00	0.0000000000000000E+00	0.0000000000000000E+00	0.0000000000000000E+00	0.0000000000000000E+00	0.0000000000000000E+00	
2.9748164971016133E-01	6.8714611160456698E-02	0.0000000000000000E+00	0.0000000000000000E+00	0.0000000000000000E+00	0.0000000000000000E+00	0.0000000000000000E+00	0.0000000000000000E+00	0.0000000000000000E+00	0.0000000000000000E+00	0.0000000000000000E+00	0.0000000000000000E+00	0.0000000000000000E+00	0.0000000000000000E+00	
-5.6432048480679065E-03	-1.8263325842840628E-02	8.2550739916440818E-01	0.0000000000000000E+00	0.0000000000000000E+00	0.0000000000000000E+00	0.0000000000000000E+00	0.0000000000000000E+00	0.0000000000000000E+00	0.0000000000000000E+00	0.0000000000000000E+00	0.0000000000000000E+00	0.0000000000000000E+00	0.0000000000000000E+00	
4.5936574989769476E-03	-7.1180744717528176E-03	3.2759593940072679E-01	3.8858891739181645E-01	0.0000000000000000E+00	0.0000000000000000E+00	0.0000000000000000E+00	0.0000000000000000E+00	0.0000000000000000E+00	0.0000000000000000E+00	0.0000000000000000E+00	0.0000000000000000E+00	0.0000000000000000E+00	0.0000000000000000E+00	
2.3226038041337140E-02	-4.8288561720994522E-03	2.3957761043972803E-01	1.7079384485331373E-01	1.8928583006233157E-01	0.0000000000000000E+00	0.0000000000000000E+00	0.0000000000000000E+00	0.0000000000000000E+00	0.0000000000000000E+00	0.0000000000000000E+00	0.0000000000000000E+00	0.0000000000000000E+00	0.0000000000000000E+00	
4.8568104451436708E-02	-3.7743138996938269E-03	2.1348100881043319E-01	-6.8906385361368616E-03	-2.9831641414686666E-01	5.9236861620765691E-01	0.0000000000000000E+00	0.0000000000000000E+00	0.0000000000000000E+00	0.0000000000000000E+00	0.0000000000000000E+00	0.0000000000000000E+00	0.0000000000000000E+00	0.0000000000000000E+00	
-1.5689384996033538E-02	-1.8308741670541354E-03	6.9716390920559396E-02	1.7782363106910831E-01	4.3118985505050722E-01	-7.2363329418453304E-01	6.4378333475877306E-02	0.0000000000000000E+00	0.0000000000000000E+00	0.0000000000000000E+00	0.0000000000000000E+00	0.0000000000000000E+00	0.0000000000000000E+00	0.0000000000000000E+00	
2.7276389776053428E-02	-4.0193501424985057E-03	2.0626426647421992E-01	1.0549444954463515E-01	4.0993296760922976E-02	1.1735533474472315E-03	4.8673112976214822E-03	2.0536890902769700E-03	0.0000000000000000E+00	0.0000000000000000E+00	0.0000000000000000E+00	0.0000000000000000E+00	0.0000000000000000E+00	0.0000000000000000E+00	
2.1143286593061163E-02	-3.3234343210572130E-03	1.6933531232220761E-01	9.3739257619660815E-02	5.4590786511935434E-02	-3.5359661057731716E-02	7.1430788606758472E-03	-2.1271313086597349E-03	4.8388594271784313E-01	0.0000000000000000E+00	0.0000000000000000E+00	0.0000000000000000E+00	0.0000000000000000E+00	0.0000000000000000E+00	
1.9719478559853253E-02	-2.7931359224168972E-03	1.4399679129972309E-01	6.9781630725436999E-02	1.7269604146110243E-02	2.0507792590236770E-02	1.6920562847279924E-03	3.5005818585717137E-03	-9.0903928235991383E-01	5.7878991971971705E-01	0.0000000000000000E+00	0.0000000000000000E+00	0.0000000000000000E+00	0.0000000000000000E+00	
1.2674130217060131E-02	-1.9230363686001928E-03	9.8361741065020714E-02	5.2209301626942803E-02	2.5131664401872571E-02	-9.1264256409404314E-03	3.1603303285547904E-03	-3.7477461868824931E-05	-1.6909886276692571E-02	1.0402014651964886E-02	8.2930204376903958E-04	0.0000000000000000E+00	0.0000000000000000E+00	0.0000000000000000E+00	
3.5015399461338741E-02	-5.2729822508557336E-03	2.6993534768410088E-01	1.4194520530665480E-01	6.5054826842966387E-02	-1.8254854794896910E-02	8.0845389883306001E-03	6.1004742766509730E-04	-2.2371246116478777E-01	1.4154531523242903E-01	-1.0917700302319638E-03	3.1865727764335233E-01	0.0000000000000000E+00	0.0000000000000000E+00	
9.7515547485884663E-03	-1.4824514849026992E-03	7.5809958426487550E-02	4.0334544752346824E-02	1.9649897194813241E-02	-7.5202092225514711E-03	2.4778785685360336E-03	-7.9928931186068708E-05	-3.3759219651302227E-04	-7.3719556681789075E-05	8.8029026385118433E-04	-2.2259524285920659E-01	-6.9263876545323927E-02	0.0000000000000000E+00	

b
4.5416539050837867E-02	
-6.8398787920761284E-03	
3.5014481574615175E-01	
1.8414295791701937E-01	
8.4443236671913099E-02	
-2.3779450296572864E-02	
1.0495494671778072E-02	
7.8079079960194624E-04	
-2.8756863870445282E-01	
1.8193577644426051E-01	
-1.3664487261910404E-03	
4.0026711788004066E-01	
9.1579539168794133E-02	
-2.9651851831103450E-02	

c
0.0000000000000000E+00	
2.7142474171786923E-01	
3.6619626087061802E-01	
8.0160086847349965E-01	
7.1366043981976734E-01	
6.1805446722461099E-01	
5.4543636288682951E-01	
1.9546571684314756E-03	
3.8410360614867861E-01	
7.8902743793793539E-01	
-5.6574563097953501E-02	
1.7477165858708288E-01	
7.3251589034606535E-01	
-1.5244889684174226E-01	

alpha
0.0000000000000000E+00	0.0000000000000000E+00	0.0000000000000000E+00	0.0000000000000000E+00	0.0000000000000000E+00	0.0000000000000000E+00	0.0000000000000000E+00	0.0000000000000000E+00	0.0000000000000000E+00	0.0000000000000000E+00	0.0000000000000000E+00	0.0000000000000000E+00	0.0000000000000000E+00	0.0000000000000000E+00	0.0000000000000000E+00	
0.0000000000000000E+00	0.0000000000000000E+00	0.0000000000000000E+00	0.0000000000000000E+00	0.0000000000000000E+00	0.0000000000000000E+00	0.0000000000000000E+00	0.0000000000000000E+00	0.0000000000000000E+00	0.0000000000000000E+00	0.0000000000000000E+00	0.0000000000000000E+00	0.0000000000000000E+00	0.0000000000000000E+00	0.0000000000000000E+00	
0.0000000000000000E+00	0.0000000000000000E+00	0.0000000000000000E+00	0.0000000000000000E+00	0.0000000000000000E+00	0.0000000000000000E+00	0.0000000000000000E+00	0.0000000000000000E+00	0.0000000000000000E+00	0.0000000000000000E+00	0.0000000000000000E+00	0.0000000000000000E+00	0.0000000000000000E+00	0.0000000000000000E+00	0.0000000000000000E+00	
-0.0000000000000000E+00	-0.0000000000000000E+00	0.0000000000000000E+00	0.0000000000000000E+00	0.0000000000000000E+00	0.0000000000000000E+00	0.0000000000000000E+00	0.0000000000000000E+00	0.0000000000000000E+00	0.0000000000000000E+00	0.0000000000000000E+00	0.0000000000000000E+00	0.0000000000000000E+00	0.0000000000000000E+00	0.0000000000000000E+00	
0.0000000000000000E+00	-0.0000000000000000E+00	0.0000000000000000E+00	0.0000000000000000E+00	0.0000000000000000E+00	0.0000000000000000E+00	0.0000000000000000E+00	0.0000000000000000E+00	0.0000000000000000E+00	0.0000000000000000E+00	0.0000000000000000E+00	0.0000000000000000E+00	0.0000000000000000E+00	0.0000000000000000E+00	0.0000000000000000E+00	
0.0000000000000000E+00	-0.0000000000000000E+00	0.0000000000000000E+00	0.0000000000000000E+00	0.0000000000000000E+00	0.0000000000000000E+00	0.0000000000000000E+00	0.0000000000000000E+00	0.0000000000000000E+00	0.0000000000000000E+00	0.0000000000000000E+00	0.0000000000000000E+00	0.0000000000000000E+00	0.0000000000000000E+00	0.0000000000000000E+00	
0.0000000000000000E+00	-0.0000000000000000E+00	0.0000000000000000E+00	-0.0000000000000000E+00	-0.0000000000000000E+00	0.0000000000000000E+00	0.0000000000000000E+00	0.0000000000000000E+00	0.0000000000000000E+00	0.0000000000000000E+00	0.0000000000000000E+00	0.0000000000000000E+00	0.0000000000000000E+00	0.0000000000000000E+00	0.0000000000000000E+00	
-0.0000000000000000E+00	-0.0000000000000000E+00	0.0000000000000000E+00	0.0000000000000000E+00	0.0000000000000000E+00	-0.0000000000000000E+00	0.0000000000000000E+00	0.0000000000000000E+00	0.0000000000000000E+00	0.0000000000000000E+00	0.0000000000000000E+00	0.0000000000000000E+00	0.0000000000000000E+00	0.0000000000000000E+00	0.0000000000000000E+00	
0.0000000000000000E+00	-0.0000000000000000E+00	0.0000000000000000E+00	0.0000000000000000E+00	0.0000000000000000E+00	0.0000000000000000E+00	0.0000000000000000E+00	0.0000000000000000E+00	0.0000000000000000E+00	0.0000000000000000E+00	0.0000000000000000E+00	0.0000000000000000E+00	0.0000000000000000E+00	0.0000000000000000E+00	0.0000000000000000E+00	
0.0000000000000000E+00	-0.0000000000000000E+00	0.0000000000000000E+00	0.0000000000000000E+00	0.0000000000000000E+00	-0.0000000000000000E+00	0.0000000000000000E+00	-0.0000000000000000E+00	0.0000000000000000E+00	0.0000000000000000E+00	0.0000000000000000E+00	0.0000000000000000E+00	0.0000000000000000E+00	0.0000000000000000E+00	0.0000000000000000E+00	
0.0000000000000000E+00	-0.0000000000000000E+00	0.0000000000000000E+00	0.0000000000000000E+00	0.0000000000000000E+00	0.0000000000000000E+00	0.0000000000000000E+00	0.0000000000000000E+00	-0.0000000000000000E+00	0.0000000000000000E+00	0.0000000000000000E+00	0.0000000000000000E+00	0.0000000000000000E+00	0.0000000000000000E+00	0.0000000000000000E+00	
0.0000000000000000E+00	-0.0000000000000000E+00	0.0000000000000000E+00	0.0000000000000000E+00	0.0000000000000000E+00	-0.0000000000000000E+00	0.0000000000000000E+00	-0.0000000000000000E+00	-0.0000000000000000E+00	0.0000000000000000E+00	0.0000000000000000E+00	0.0000000000000000E+00	0.0000000000000000E+00	0.0000000000000000E+00	0.0000000000000000E+00	
0.0000000000000000E+00	-0.0000000000000000E+00	0.0000000000000000E+00	0.0000000000000000E+00	0.0000000000000000E+00	-0.0000000000000000E+00	0.0000000000000000E+00	0.0000000000000000E+00	-0.0000000000000000E+00	0.0000000000000000E+00	-0.0000000000000000E+00	0.0000000000000000E+00	0.0000000000000000E+00	0.0000000000000000E+00	0.0000000000000000E+00	
0.0000000000000000E+00	-0.0000000000000000E+00	0.0000000000000000E+00	0.0000000000000000E+00	0.0000000000000000E+00	-0.0000000000000000E+00	0.0000000000000000E+00	-0.0000000000000000E+00	-0.0000000000000000E+00	-0.0000000000000000E+00	0.0000000000000000E+00	-0.0000000000000000E+00	-0.0000000000000000E+00	0.0000000000000000E+00	0.0000000000000000E+00	
0.0000000000000000E+00	-0.0000000000000000E+00	0.0000000000000000E+00	0.0000000000000000E+00	0.0000000000000000E+00	-0.0000000000000000E+00	0.0000000000000000E+00	0.0000000000000000E+00	-0.0000000000000000E+00	0.0000000000000000E+00	-0.0000000000000000E+00	0.0000000000000000E+00	0.0000000000000000E+00	-0.0000000000000000E+00	0.0000000000000000E+00	

beta
0.0000000000000000E+00	0.0000000000000000E+00	0.0000000000000000E+00	0.0000000000000000E+00	0.0000000000000000E+00	0.0000000000000000E+00	0.0000000000000000E+00	0.0000000000000000E+00	0.0000000000000000E+00	0.0000000000000000E+00	0.0000000000000000E+00	0.0000000000000000E+00	0.0000000000000000E+00	0.0000000000000000E+00	0.0000000000000000E+00	
2.7142474171786923E-01	0.0000000000000000E+00	0.0000000000000000E+00	0.0000000000000000E+00	0.0000000000000000E+00	0.0000000000000000E+00	0.0000000000000000E+00	0.0000000000000000E+00	0.0000000000000000E+00	0.0000000000000000E+00	0.0000000000000000E+00	0.0000000000000000E+00	0.0000000000000000E+00	0.0000000000000000E+00	0.0000000000000000E+00	
2.9748164971016133E-01	6.8714611160456698E-02	0.0000000000000000E+00	0.0000000000000000E+00	0.0000000000000000E+00	0.0000000000000000E+00	0.0000000000000000E+00	0.0000000000000000E+00	0.0000000000000000E+00	0.0000000000000000E+00	0.0000000000000000E+00	0.0000000000000000E+00	0.0000000000000000E+00	0.0000000000000000E+00	0.0000000000000000E+00	
-5.6432048480679065E-03	-1.8263325842840628E-02	8.2550739916440818E-01	0.0000000000000000E+00	0.0000000000000000E+00	0.0000000000000000E+00	0.0000000000000000E+00	0.0000000000000000E+00	0.0000000000000000E+00	0.0000000000000000E+00	0.0000000000000000E+00	0.0000000000000000E+00	0.0000000000000000E+00	0.0000000000000000E+00	0.0000000000000000E+00	
4.5936574989769476E-03	-7.1180744717528176E-03	3.2759593940072679E-01	3.8858891739181645E-01	0.0000000000000000E+00	0.0000000000000000E+00	0.0000000000000000E+00	0.0000000000000000E+00	0.0000000000000000E+00	0.0000000000000000E+00	0.0000000000000000E+00	0.0000000000000000E+00	0.0000000000000000E+00	0.0000000000000000E+00	0.0000000000000000E+00	
2.3226038041337140E-02	-4.8288561720994522E-03	2.3957761043972803E-01	1.7079384485331373E-01	1.8928583006233157E-01	0.0000000000000000E+00	0.0000000000000000E+00	0.0000000000000000E+00	0.0000000000000000E+00	0.0000000000000000E+00	0.0000000000000000E+00	0.0000000000000000E+00	0.0000000000000000E+00	0.0000000000000000E+00	0.0000000000000000E+00	
4.8568104451436708E-02	-3.7743138996938269E-03	2.1348100881043319E-01	-6.8906385361368616E-03	-2.9831641414686666E-01	5.9236861620765691E-01	0.0000000000000000E+00	0.0000000000000000E+00	0.0000000000000000E+00	0.0000000000000000E+00	0.0000000000000000E+00	0.0000000000000000E+00	0.0000000000000000E+00	0.0000000000000000E+00	0.0000000000000000E+00	
-1.5689384996033538E-02	-1.8308741670541354E-03	6.9716390920559396E-02	1.7782363106910831E-01	4.3118985505050722E-01	-7.2363329418453304E-01	6.4378333475877306E-02	0.0000000000000000E+00	0.0000000000000000E+00	0.0000000000000000E+00	0.0000000000000000E+00	0.0000000000000000E+00	0.0000000000000000E+00	0.0000000000000000E+00	0.0000000000000000E+00	
2.7276389776053428E-02	-4.0193501424985057E-03	2.0626426647421992E-01	1.0549444954463515E-01	4.0993296760922976E-02	1.1735533474472315E-03	4.8673112976214822E-03	2.0536890902769700E-03	0.0000000000000000E+00	0.0000000000000000E+00	0.0000000000000000E+00	0.0000000000000000E+00	0.0000000000000000E+00	0.0000000000000000E+00	0.0000000000000000E+00	
2.1143286593061163E-02	-3.3234343210572130E-03	1.6933531232220761E-01	9.3739257619660815E-02	5.4590786511935434E-02	-3.5359661057731716E-02	7.1430788606758472E-03	-2.1271313086597349E-03	4.8388594271784313E-01	0.0000000000000000E+00	0.0000000000000000E+00	0.0000000000000000E+00	0.0000000000000000E+00	0.0000000000000000E+00	0.0000000000000000E+00	
1.9719478559853253E-02	-2.7931359224168972E-03	1.4399679129972309E-01	6.9781630725436999E-02	1.7269604146110243E-02	2.0507792590236770E-02	1.6920562847279924E-03	3.5005818585717137E-03	-9.0903928235991383E-01	5.7878991971971705E-01	0.0000000000000000E+00	0.0000000000000000E+00	0.0000000000000000E+00	0.0000000000000000E+00	0.0000000000000000E+00	
1.2674130217060131E-02	-1.9230363686001928E-03	9.8361741065020714E-02	5.2209301626942803E-02	2.5131664401872571E-02	-9.1264256409404314E-03	3.1603303285547904E-03	-3.7477461868824931E-05	-1.6909886276692571E-02	1.0402014651964886E-02	8.2930204376903958E-04	0.0000000000000000E+00	0.0000000000000000E+00	0.0000000000000000E+00	0.0000000000000000E+00	
3.5015399461338741E-02	-5.2729822508557336E-03	2.6993534768410088E-01	1.4194520530665480E-01	6.5054826842966387E-02	-1.8254854794896910E-02	8.0845389883306001E-03	6.1004742766509730E-04	-2.2371246116478777E-01	1.4154531523242903E-01	-1.0917700302319638E-03	3.1865727764335233E-01	0.0000000000000000E+00	0.0000000000000000E+00	0.0000000000000000E+00	
9.7515547485884663E-03	-1.4824514849026992E-03	7.5809958426487550E-02	4.0334544752346824E-02	1.9649897194813241E-02	-7.5202092225514711E-03	2.4778785685360336E-03	-7.9928931186068708E-05	-3.3759219651302227E-04	-7.3719556681789075E-05	8.8029026385118433E-04	-2.2259524285920659E-01	-6.9263876545323927E-02	0.0000000000000000E+00	0.0000000000000000E+00	
4.5416539050837867E-02	-6.8398787920761284E-03	3.5014481574615175E-01	1.8414295791701937E-01	8.4443236671913099E-02	-2.3779450296572864E-02	1.0495494671778072E-02	7.8079079960194624E-04	-2.8756863870445282E-01	1.8193577644426051E-01	-1.3664487261910404E-03	4.0026711788004066E-01	9.1579539168794133E-02	-2.9651851831103450E-02	0.0000000000000000E+00	

gamma1
0.0000000000000000E+00	0.0000000000000000E+00	1.1220928199424083E+00	-2.8786021198851874E-01	3.6064614942179607E-01	2.6511663724734047E-01	-2.4235471441547416E+00	-1.3939945936833837E+00	-2.7268640964639990E-02	-8.5524790932260741E-01	-1.8729250133548758E+00	-5.3223809589427407E-02	-1.5427644435192676E+00	-9.4229866362301173E-01	-1.3221832755616498E+00	

gamma2
0.0000000000000000E+00	1.0000000000000000E+00	-9.6000489223553614E-02	9.9527553998140139E-01	8.5021143163578367E-02	2.7199935603774789E-01	1.0526487659757313E+00	4.3810613058896009E-01	2.3973473339767212E-01	4.4105616729957220E-01	5.8950894520777264E-01	1.2243225785345269E-01	4.6123542257451455E-01	2.8916709126546947E-01	3.9444846774951869E-01	

gamma3
0.0000000000000000E+00	0.0000000000000000E+00	0.0000000000000000E+00	0.0000000000000000E+00	4.9314297280643277E-01	9.2719449220532088E-02	9.0809355916076723E-02	8.3452733108987354E-01	7.1043821919971537E-02	2.7652978873005674E-01	7.6853248564726773E-01	5.4497690361307649E-01	4.0178910064435680E-01	3.5627741505837779E-01	1.5871561201564929E-01	

delta
1.0000000000000000E+00	2.7179372657251960E-01	2.2179811662515144E-02	4.2572667198756170E-01	6.4120212016015810E-01	8.0514687421537356E-01	3.9351582704630139E-01	4.2911364454256334E-01	-4.0927487766747050E-01	-9.6657227623949422E-03	5.8151188799593378E-01	4.9057769754072639E-01	8.4296399194654958E-01	0.0000000000000000E+00	

r
0.0000000000000000E+00	

errcoeff
1.0792156526867119E-03	

v
1.0000000000000000E+00	
1.0000000000000000E+00	
1.0000000000000000E+00	
1.0000000000000000E+00	
1.0000000000000000E+00	
1.0000000000000000E+00	
1.0000000000000000E+00	
1.0000000000000000E+00	
1.0000000000000000E+00	
1.0000000000000000E+00	
1.0000000000000000E+00	
1.0000000000000000E+00	
1.0000000000000000E+00	
1.0000000000000000E+00	
1.0000000000000000E+00	

==============================================================

