#stage		 order
6	 		3


A
0.0000000000000000E+00	0.0000000000000000E+00	0.0000000000000000E+00	0.0000000000000000E+00	0.0000000000000000E+00	0.0000000000000000E+00	
2.5269995605614215E-01	0.0000000000000000E+00	0.0000000000000000E+00	0.0000000000000000E+00	0.0000000000000000E+00	0.0000000000000000E+00	
1.3427078013871355E-01	4.1212114674987876E-01	0.0000000000000000E+00	0.0000000000000000E+00	0.0000000000000000E+00	0.0000000000000000E+00	
1.1733871847064320E-01	2.5918140354229013E-01	1.1135798190256500E-01	0.0000000000000000E+00	0.0000000000000000E+00	0.0000000000000000E+00	
1.9629865443503342E-02	-8.4063295873259058E-02	-4.1679980912307901E-02	1.0791310352779793E+00	0.0000000000000000E+00	0.0000000000000000E+00	
1.6193414354959126E-01	8.4241410091271784E-02	2.4258778909882761E-02	5.2741519815444415E-01	1.3773467415856563E-01	0.0000000000000000E+00	

b
1.4528814597758977E-01	
6.7925447794067742E-02	
1.8141318272603416E-02	
5.5564694363102873E-01	
6.8315845648804135E-02	
1.4468229867590618E-01	

c
0.0000000000000000E+00	
2.5269995605614215E-01	
5.4639192688859228E-01	
4.8787810391549835E-01	
9.7301762393591562E-01	
9.3558420486375560E-01	

alpha
0.0000000000000000E+00	0.0000000000000000E+00	0.0000000000000000E+00	0.0000000000000000E+00	0.0000000000000000E+00	0.0000000000000000E+00	0.0000000000000000E+00	
0.0000000000000000E+00	0.0000000000000000E+00	0.0000000000000000E+00	0.0000000000000000E+00	0.0000000000000000E+00	0.0000000000000000E+00	0.0000000000000000E+00	
0.0000000000000000E+00	0.0000000000000000E+00	0.0000000000000000E+00	0.0000000000000000E+00	0.0000000000000000E+00	0.0000000000000000E+00	0.0000000000000000E+00	
0.0000000000000000E+00	0.0000000000000000E+00	0.0000000000000000E+00	0.0000000000000000E+00	0.0000000000000000E+00	0.0000000000000000E+00	0.0000000000000000E+00	
0.0000000000000000E+00	-0.0000000000000000E+00	-0.0000000000000000E+00	0.0000000000000000E+00	0.0000000000000000E+00	0.0000000000000000E+00	0.0000000000000000E+00	
0.0000000000000000E+00	0.0000000000000000E+00	0.0000000000000000E+00	0.0000000000000000E+00	0.0000000000000000E+00	0.0000000000000000E+00	0.0000000000000000E+00	
0.0000000000000000E+00	0.0000000000000000E+00	0.0000000000000000E+00	0.0000000000000000E+00	0.0000000000000000E+00	0.0000000000000000E+00	0.0000000000000000E+00	

beta
0.0000000000000000E+00	0.0000000000000000E+00	0.0000000000000000E+00	0.0000000000000000E+00	0.0000000000000000E+00	0.0000000000000000E+00	0.0000000000000000E+00	
2.5269995605614215E-01	0.0000000000000000E+00	0.0000000000000000E+00	0.0000000000000000E+00	0.0000000000000000E+00	0.0000000000000000E+00	0.0000000000000000E+00	
1.3427078013871355E-01	4.1212114674987876E-01	0.0000000000000000E+00	0.0000000000000000E+00	0.0000000000000000E+00	0.0000000000000000E+00	0.0000000000000000E+00	
1.1733871847064320E-01	2.5918140354229013E-01	1.1135798190256500E-01	0.0000000000000000E+00	0.0000000000000000E+00	0.0000000000000000E+00	0.0000000000000000E+00	
1.9629865443503342E-02	-8.4063295873259058E-02	-4.1679980912307901E-02	1.0791310352779793E+00	0.0000000000000000E+00	0.0000000000000000E+00	0.0000000000000000E+00	
1.6193414354959126E-01	8.4241410091271784E-02	2.4258778909882761E-02	5.2741519815444415E-01	1.3773467415856563E-01	0.0000000000000000E+00	0.0000000000000000E+00	
1.4528814597758977E-01	6.7925447794067742E-02	1.8141318272603416E-02	5.5564694363102873E-01	6.8315845648804135E-02	1.4468229867590618E-01	0.0000000000000000E+00	

gamma1
0.0000000000000000E+00	0.0000000000000000E+00	2.7811466807402629E-01	6.1147995551207246E-01	-6.1612340338369909E-01	-2.0751278137174234E-01	4.9599598696662406E-01	

gamma2
0.0000000000000000E+00	1.0000000000000000E+00	4.6865530871369554E-01	2.4092439690561804E-01	4.3452324337814208E-01	7.2010197336885684E-01	2.8182227315119851E-01	

gamma3
0.0000000000000000E+00	0.0000000000000000E+00	0.0000000000000000E+00	0.0000000000000000E+00	6.7356636768200673E-01	-1.0507679743502720E+00	-3.7980666868681556E-01	

delta
1.0000000000000000E+00	5.4033320119068140E-01	7.2289054911219161E-02	5.5655292627478981E-01	9.6688170850653810E-01	0.0000000000000000E+00	

r
0.0000000000000000E+00	

errcoeff
6.5844986260373047E-03	

v
1.0000000000000000E+00	
1.0000000000000000E+00	
1.0000000000000000E+00	
1.0000000000000000E+00	
1.0000000000000000E+00	
1.0000000000000000E+00	
1.0000000000000000E+00	

==============================================================

