#stage		 order
16	 		3


A
0.0000000000000000E+00	0.0000000000000000E+00	0.0000000000000000E+00	0.0000000000000000E+00	0.0000000000000000E+00	0.0000000000000000E+00	0.0000000000000000E+00	0.0000000000000000E+00	0.0000000000000000E+00	0.0000000000000000E+00	0.0000000000000000E+00	0.0000000000000000E+00	0.0000000000000000E+00	0.0000000000000000E+00	0.0000000000000000E+00	0.0000000000000000E+00	
1.7996517716153124E-01	0.0000000000000000E+00	0.0000000000000000E+00	0.0000000000000000E+00	0.0000000000000000E+00	0.0000000000000000E+00	0.0000000000000000E+00	0.0000000000000000E+00	0.0000000000000000E+00	0.0000000000000000E+00	0.0000000000000000E+00	0.0000000000000000E+00	0.0000000000000000E+00	0.0000000000000000E+00	0.0000000000000000E+00	0.0000000000000000E+00	
1.0515492216615524E-01	6.4089611052223952E-02	0.0000000000000000E+00	0.0000000000000000E+00	0.0000000000000000E+00	0.0000000000000000E+00	0.0000000000000000E+00	0.0000000000000000E+00	0.0000000000000000E+00	0.0000000000000000E+00	0.0000000000000000E+00	0.0000000000000000E+00	0.0000000000000000E+00	0.0000000000000000E+00	0.0000000000000000E+00	0.0000000000000000E+00	
9.4604634718691294E-02	6.2045730111624127E-02	4.8277850785348320E-01	0.0000000000000000E+00	0.0000000000000000E+00	0.0000000000000000E+00	0.0000000000000000E+00	0.0000000000000000E+00	0.0000000000000000E+00	0.0000000000000000E+00	0.0000000000000000E+00	0.0000000000000000E+00	0.0000000000000000E+00	0.0000000000000000E+00	0.0000000000000000E+00	0.0000000000000000E+00	
-5.0377439267406121E-03	1.7981891243920023E-02	9.6933620420582400E-02	1.6233425208979987E-01	0.0000000000000000E+00	0.0000000000000000E+00	0.0000000000000000E+00	0.0000000000000000E+00	0.0000000000000000E+00	0.0000000000000000E+00	0.0000000000000000E+00	0.0000000000000000E+00	0.0000000000000000E+00	0.0000000000000000E+00	0.0000000000000000E+00	0.0000000000000000E+00	
1.0301305265865354E-02	4.2121584209456692E-02	2.5633295516936172E-01	1.4942249341129255E-02	1.7724204529308080E-02	0.0000000000000000E+00	0.0000000000000000E+00	0.0000000000000000E+00	0.0000000000000000E+00	0.0000000000000000E+00	0.0000000000000000E+00	0.0000000000000000E+00	0.0000000000000000E+00	0.0000000000000000E+00	0.0000000000000000E+00	0.0000000000000000E+00	
-9.4548627464620697E-05	8.5478544206496997E-03	4.9124590319089417E-02	3.9147887963705622E-02	-3.1875253847669018E-02	-1.3857909248356462E-01	0.0000000000000000E+00	0.0000000000000000E+00	0.0000000000000000E+00	0.0000000000000000E+00	0.0000000000000000E+00	0.0000000000000000E+00	0.0000000000000000E+00	0.0000000000000000E+00	0.0000000000000000E+00	0.0000000000000000E+00	
1.8186664248550821E-02	6.5164714260886242E-02	3.9954276893297935E-01	-1.4071427214404530E-02	6.3945820478745696E-02	2.4350016916603709E-01	-7.8980522835150418E-02	0.0000000000000000E+00	0.0000000000000000E+00	0.0000000000000000E+00	0.0000000000000000E+00	0.0000000000000000E+00	0.0000000000000000E+00	0.0000000000000000E+00	0.0000000000000000E+00	0.0000000000000000E+00	
4.2178851388447597E-03	2.8305678642243044E-02	1.6867369501281101E-01	5.4744514497480488E-02	-3.1996118348776553E-02	-1.4737383777650198E-01	5.2900052139682005E-02	6.7956945192563400E-01	0.0000000000000000E+00	0.0000000000000000E+00	0.0000000000000000E+00	0.0000000000000000E+00	0.0000000000000000E+00	0.0000000000000000E+00	0.0000000000000000E+00	0.0000000000000000E+00	
-5.4293264768791412E-03	-9.2858446279574930E-04	-1.2540664493160103E-02	8.5656795269520469E-02	-8.4844768164994117E-02	-3.5893886220241988E-01	1.2358320471129738E-01	1.3307538523290512E+00	2.5410460379102950E-01	0.0000000000000000E+00	0.0000000000000000E+00	0.0000000000000000E+00	0.0000000000000000E+00	0.0000000000000000E+00	0.0000000000000000E+00	0.0000000000000000E+00	
4.5149786302007916E-02	1.4299470579356630E-01	8.8368187110457008E-01	-1.1751691863634572E-01	2.2541538253670129E-01	8.9471597668142611E-01	-2.9746434966327373E-01	-2.6639893629116109E+00	-5.7496010512282270E-01	7.0215291374728550E-01	0.0000000000000000E+00	0.0000000000000000E+00	0.0000000000000000E+00	0.0000000000000000E+00	0.0000000000000000E+00	0.0000000000000000E+00	
7.2612779499232573E-03	3.4218705101437902E-02	2.0677312909554751E-01	3.0440853405981398E-02	-3.5771800326957690E-03	-2.9494957454949761E-02	1.2736241430624046E-02	2.6857422549276544E-01	3.5126647466829614E-02	1.1343470727428223E-02	2.7858313955730419E-04	0.0000000000000000E+00	0.0000000000000000E+00	0.0000000000000000E+00	0.0000000000000000E+00	0.0000000000000000E+00	
4.6372670312673434E-03	2.0865142740487386E-02	1.2635929653462405E-01	1.5096455296062822E-02	1.2221510166521760E-03	-3.5711173145662779E-03	2.8005712577486089E-03	1.1015402805777880E-01	1.1199360793929221E-02	1.6187534589503273E-02	-1.0446588358891146E-03	5.3891588766564380E-01	0.0000000000000000E+00	0.0000000000000000E+00	0.0000000000000000E+00	0.0000000000000000E+00	
7.8892899762467838E-03	3.7971876341296340E-02	2.2922934095862788E-01	3.6563403801575391E-02	-6.7036698580586179E-03	-4.4309433938481080E-02	1.8122240988219719E-02	3.4110131865416332E-01	4.7189295165418747E-02	5.1398616420279732E-03	1.2848446506741450E-03	-6.5645730354233822E-01	1.0524858714449312E+00	0.0000000000000000E+00	0.0000000000000000E+00	0.0000000000000000E+00	
8.8150883965617075E-03	4.1219351568104121E-02	2.4916628732481388E-01	3.5540369556204161E-02	-3.2008854285569752E-03	-3.0836111913610728E-02	1.3725140848294634E-02	3.0606476874506217E-01	3.8985615158780768E-02	1.6682729955316718E-02	-5.9871879208773572E-05	3.4889901442678672E-02	6.3452462602300197E-02	-5.3944147520088937E-03	0.0000000000000000E+00	0.0000000000000000E+00	
3.9946113002003588E-03	1.8842572719745182E-02	1.1385482214271506E-01	1.6825441527665869E-02	-2.0318010058401094E-03	-1.6504107545466318E-02	7.1037169030399791E-03	1.4886773681613644E-01	1.9528768993212368E-02	6.0773476722559752E-03	1.7553548381275258E-04	-8.8319374136970039E-02	1.7952382814055057E-01	5.0032900072873752E-03	-1.4766851327602578E-02	0.0000000000000000E+00	

b
1.0708837244895422E-02	
5.0032216956646877E-02	
3.0245103690285752E-01	
4.2989509869467028E-02	
-3.7383767521229480E-03	
-3.6806981268742475E-02	
1.6445349363384387E-02	
3.6918908542051321E-01	
4.6879883840594140E-02	
2.0649641768005250E-02	
-1.2508520615785276E-04	
6.9283205712357049E-02	
3.8138466753700806E-02	
-8.4771469205978337E-03	
2.3034022055568527E-02	
5.9346334259630824E-02	

c
0.0000000000000000E+00	
1.7996517716153124E-01	
1.6924453321837918E-01	
6.3942887268379867E-01	
2.7221201982756171E-01	
3.4142229851512107E-01	
-7.3728562255253510E-02	
6.9728818703764428E-01	
8.0904132123141670E-01	
1.3314162503006495E+00	
-7.5982010016849588E-01	
5.7368099632244918E-01	
8.4282191883324209E-01	
1.0695069362843035E+00	
7.6905043162473163E-01	
3.9817553769074288E-01	

alpha
0.0000000000000000E+00	0.0000000000000000E+00	0.0000000000000000E+00	0.0000000000000000E+00	0.0000000000000000E+00	0.0000000000000000E+00	0.0000000000000000E+00	0.0000000000000000E+00	0.0000000000000000E+00	0.0000000000000000E+00	0.0000000000000000E+00	0.0000000000000000E+00	0.0000000000000000E+00	0.0000000000000000E+00	0.0000000000000000E+00	0.0000000000000000E+00	0.0000000000000000E+00	
0.0000000000000000E+00	0.0000000000000000E+00	0.0000000000000000E+00	0.0000000000000000E+00	0.0000000000000000E+00	0.0000000000000000E+00	0.0000000000000000E+00	0.0000000000000000E+00	0.0000000000000000E+00	0.0000000000000000E+00	0.0000000000000000E+00	0.0000000000000000E+00	0.0000000000000000E+00	0.0000000000000000E+00	0.0000000000000000E+00	0.0000000000000000E+00	0.0000000000000000E+00	
0.0000000000000000E+00	0.0000000000000000E+00	0.0000000000000000E+00	0.0000000000000000E+00	0.0000000000000000E+00	0.0000000000000000E+00	0.0000000000000000E+00	0.0000000000000000E+00	0.0000000000000000E+00	0.0000000000000000E+00	0.0000000000000000E+00	0.0000000000000000E+00	0.0000000000000000E+00	0.0000000000000000E+00	0.0000000000000000E+00	0.0000000000000000E+00	0.0000000000000000E+00	
0.0000000000000000E+00	0.0000000000000000E+00	0.0000000000000000E+00	0.0000000000000000E+00	0.0000000000000000E+00	0.0000000000000000E+00	0.0000000000000000E+00	0.0000000000000000E+00	0.0000000000000000E+00	0.0000000000000000E+00	0.0000000000000000E+00	0.0000000000000000E+00	0.0000000000000000E+00	0.0000000000000000E+00	0.0000000000000000E+00	0.0000000000000000E+00	0.0000000000000000E+00	
-0.0000000000000000E+00	0.0000000000000000E+00	0.0000000000000000E+00	0.0000000000000000E+00	0.0000000000000000E+00	0.0000000000000000E+00	0.0000000000000000E+00	0.0000000000000000E+00	0.0000000000000000E+00	0.0000000000000000E+00	0.0000000000000000E+00	0.0000000000000000E+00	0.0000000000000000E+00	0.0000000000000000E+00	0.0000000000000000E+00	0.0000000000000000E+00	0.0000000000000000E+00	
0.0000000000000000E+00	0.0000000000000000E+00	0.0000000000000000E+00	0.0000000000000000E+00	0.0000000000000000E+00	0.0000000000000000E+00	0.0000000000000000E+00	0.0000000000000000E+00	0.0000000000000000E+00	0.0000000000000000E+00	0.0000000000000000E+00	0.0000000000000000E+00	0.0000000000000000E+00	0.0000000000000000E+00	0.0000000000000000E+00	0.0000000000000000E+00	0.0000000000000000E+00	
-0.0000000000000000E+00	0.0000000000000000E+00	0.0000000000000000E+00	0.0000000000000000E+00	-0.0000000000000000E+00	-0.0000000000000000E+00	0.0000000000000000E+00	0.0000000000000000E+00	0.0000000000000000E+00	0.0000000000000000E+00	0.0000000000000000E+00	0.0000000000000000E+00	0.0000000000000000E+00	0.0000000000000000E+00	0.0000000000000000E+00	0.0000000000000000E+00	0.0000000000000000E+00	
0.0000000000000000E+00	0.0000000000000000E+00	0.0000000000000000E+00	-0.0000000000000000E+00	0.0000000000000000E+00	0.0000000000000000E+00	-0.0000000000000000E+00	0.0000000000000000E+00	0.0000000000000000E+00	0.0000000000000000E+00	0.0000000000000000E+00	0.0000000000000000E+00	0.0000000000000000E+00	0.0000000000000000E+00	0.0000000000000000E+00	0.0000000000000000E+00	0.0000000000000000E+00	
0.0000000000000000E+00	0.0000000000000000E+00	0.0000000000000000E+00	0.0000000000000000E+00	-0.0000000000000000E+00	-0.0000000000000000E+00	0.0000000000000000E+00	0.0000000000000000E+00	0.0000000000000000E+00	0.0000000000000000E+00	0.0000000000000000E+00	0.0000000000000000E+00	0.0000000000000000E+00	0.0000000000000000E+00	0.0000000000000000E+00	0.0000000000000000E+00	0.0000000000000000E+00	
-0.0000000000000000E+00	-0.0000000000000000E+00	-0.0000000000000000E+00	0.0000000000000000E+00	-0.0000000000000000E+00	-0.0000000000000000E+00	0.0000000000000000E+00	0.0000000000000000E+00	0.0000000000000000E+00	0.0000000000000000E+00	0.0000000000000000E+00	0.0000000000000000E+00	0.0000000000000000E+00	0.0000000000000000E+00	0.0000000000000000E+00	0.0000000000000000E+00	0.0000000000000000E+00	
0.0000000000000000E+00	0.0000000000000000E+00	0.0000000000000000E+00	-0.0000000000000000E+00	0.0000000000000000E+00	0.0000000000000000E+00	-0.0000000000000000E+00	-0.0000000000000000E+00	-0.0000000000000000E+00	0.0000000000000000E+00	0.0000000000000000E+00	0.0000000000000000E+00	0.0000000000000000E+00	0.0000000000000000E+00	0.0000000000000000E+00	0.0000000000000000E+00	0.0000000000000000E+00	
0.0000000000000000E+00	0.0000000000000000E+00	0.0000000000000000E+00	0.0000000000000000E+00	-0.0000000000000000E+00	-0.0000000000000000E+00	0.0000000000000000E+00	0.0000000000000000E+00	0.0000000000000000E+00	0.0000000000000000E+00	0.0000000000000000E+00	0.0000000000000000E+00	0.0000000000000000E+00	0.0000000000000000E+00	0.0000000000000000E+00	0.0000000000000000E+00	0.0000000000000000E+00	
0.0000000000000000E+00	0.0000000000000000E+00	0.0000000000000000E+00	0.0000000000000000E+00	0.0000000000000000E+00	-0.0000000000000000E+00	0.0000000000000000E+00	0.0000000000000000E+00	0.0000000000000000E+00	0.0000000000000000E+00	-0.0000000000000000E+00	0.0000000000000000E+00	0.0000000000000000E+00	0.0000000000000000E+00	0.0000000000000000E+00	0.0000000000000000E+00	0.0000000000000000E+00	
0.0000000000000000E+00	0.0000000000000000E+00	0.0000000000000000E+00	0.0000000000000000E+00	-0.0000000000000000E+00	-0.0000000000000000E+00	0.0000000000000000E+00	0.0000000000000000E+00	0.0000000000000000E+00	0.0000000000000000E+00	0.0000000000000000E+00	-0.0000000000000000E+00	0.0000000000000000E+00	0.0000000000000000E+00	0.0000000000000000E+00	0.0000000000000000E+00	0.0000000000000000E+00	
0.0000000000000000E+00	0.0000000000000000E+00	0.0000000000000000E+00	0.0000000000000000E+00	-0.0000000000000000E+00	-0.0000000000000000E+00	0.0000000000000000E+00	0.0000000000000000E+00	0.0000000000000000E+00	0.0000000000000000E+00	-0.0000000000000000E+00	0.0000000000000000E+00	0.0000000000000000E+00	-0.0000000000000000E+00	0.0000000000000000E+00	0.0000000000000000E+00	0.0000000000000000E+00	
0.0000000000000000E+00	0.0000000000000000E+00	0.0000000000000000E+00	0.0000000000000000E+00	-0.0000000000000000E+00	-0.0000000000000000E+00	0.0000000000000000E+00	0.0000000000000000E+00	0.0000000000000000E+00	0.0000000000000000E+00	0.0000000000000000E+00	-0.0000000000000000E+00	0.0000000000000000E+00	0.0000000000000000E+00	-0.0000000000000000E+00	0.0000000000000000E+00	0.0000000000000000E+00	
0.0000000000000000E+00	0.0000000000000000E+00	0.0000000000000000E+00	0.0000000000000000E+00	-0.0000000000000000E+00	-0.0000000000000000E+00	0.0000000000000000E+00	0.0000000000000000E+00	0.0000000000000000E+00	0.0000000000000000E+00	-0.0000000000000000E+00	0.0000000000000000E+00	0.0000000000000000E+00	-0.0000000000000000E+00	0.0000000000000000E+00	0.0000000000000000E+00	0.0000000000000000E+00	

beta
0.0000000000000000E+00	0.0000000000000000E+00	0.0000000000000000E+00	0.0000000000000000E+00	0.0000000000000000E+00	0.0000000000000000E+00	0.0000000000000000E+00	0.0000000000000000E+00	0.0000000000000000E+00	0.0000000000000000E+00	0.0000000000000000E+00	0.0000000000000000E+00	0.0000000000000000E+00	0.0000000000000000E+00	0.0000000000000000E+00	0.0000000000000000E+00	0.0000000000000000E+00	
1.7996517716153124E-01	0.0000000000000000E+00	0.0000000000000000E+00	0.0000000000000000E+00	0.0000000000000000E+00	0.0000000000000000E+00	0.0000000000000000E+00	0.0000000000000000E+00	0.0000000000000000E+00	0.0000000000000000E+00	0.0000000000000000E+00	0.0000000000000000E+00	0.0000000000000000E+00	0.0000000000000000E+00	0.0000000000000000E+00	0.0000000000000000E+00	0.0000000000000000E+00	
1.0515492216615524E-01	6.4089611052223952E-02	0.0000000000000000E+00	0.0000000000000000E+00	0.0000000000000000E+00	0.0000000000000000E+00	0.0000000000000000E+00	0.0000000000000000E+00	0.0000000000000000E+00	0.0000000000000000E+00	0.0000000000000000E+00	0.0000000000000000E+00	0.0000000000000000E+00	0.0000000000000000E+00	0.0000000000000000E+00	0.0000000000000000E+00	0.0000000000000000E+00	
9.4604634718691294E-02	6.2045730111624127E-02	4.8277850785348320E-01	0.0000000000000000E+00	0.0000000000000000E+00	0.0000000000000000E+00	0.0000000000000000E+00	0.0000000000000000E+00	0.0000000000000000E+00	0.0000000000000000E+00	0.0000000000000000E+00	0.0000000000000000E+00	0.0000000000000000E+00	0.0000000000000000E+00	0.0000000000000000E+00	0.0000000000000000E+00	0.0000000000000000E+00	
-5.0377439267406121E-03	1.7981891243920023E-02	9.6933620420582400E-02	1.6233425208979987E-01	0.0000000000000000E+00	0.0000000000000000E+00	0.0000000000000000E+00	0.0000000000000000E+00	0.0000000000000000E+00	0.0000000000000000E+00	0.0000000000000000E+00	0.0000000000000000E+00	0.0000000000000000E+00	0.0000000000000000E+00	0.0000000000000000E+00	0.0000000000000000E+00	0.0000000000000000E+00	
1.0301305265865354E-02	4.2121584209456692E-02	2.5633295516936172E-01	1.4942249341129255E-02	1.7724204529308080E-02	0.0000000000000000E+00	0.0000000000000000E+00	0.0000000000000000E+00	0.0000000000000000E+00	0.0000000000000000E+00	0.0000000000000000E+00	0.0000000000000000E+00	0.0000000000000000E+00	0.0000000000000000E+00	0.0000000000000000E+00	0.0000000000000000E+00	0.0000000000000000E+00	
-9.4548627464620697E-05	8.5478544206496997E-03	4.9124590319089417E-02	3.9147887963705622E-02	-3.1875253847669018E-02	-1.3857909248356462E-01	0.0000000000000000E+00	0.0000000000000000E+00	0.0000000000000000E+00	0.0000000000000000E+00	0.0000000000000000E+00	0.0000000000000000E+00	0.0000000000000000E+00	0.0000000000000000E+00	0.0000000000000000E+00	0.0000000000000000E+00	0.0000000000000000E+00	
1.8186664248550821E-02	6.5164714260886242E-02	3.9954276893297935E-01	-1.4071427214404530E-02	6.3945820478745696E-02	2.4350016916603709E-01	-7.8980522835150418E-02	0.0000000000000000E+00	0.0000000000000000E+00	0.0000000000000000E+00	0.0000000000000000E+00	0.0000000000000000E+00	0.0000000000000000E+00	0.0000000000000000E+00	0.0000000000000000E+00	0.0000000000000000E+00	0.0000000000000000E+00	
4.2178851388447597E-03	2.8305678642243044E-02	1.6867369501281101E-01	5.4744514497480488E-02	-3.1996118348776553E-02	-1.4737383777650198E-01	5.2900052139682005E-02	6.7956945192563400E-01	0.0000000000000000E+00	0.0000000000000000E+00	0.0000000000000000E+00	0.0000000000000000E+00	0.0000000000000000E+00	0.0000000000000000E+00	0.0000000000000000E+00	0.0000000000000000E+00	0.0000000000000000E+00	
-5.4293264768791412E-03	-9.2858446279574930E-04	-1.2540664493160103E-02	8.5656795269520469E-02	-8.4844768164994117E-02	-3.5893886220241988E-01	1.2358320471129738E-01	1.3307538523290512E+00	2.5410460379102950E-01	0.0000000000000000E+00	0.0000000000000000E+00	0.0000000000000000E+00	0.0000000000000000E+00	0.0000000000000000E+00	0.0000000000000000E+00	0.0000000000000000E+00	0.0000000000000000E+00	
4.5149786302007916E-02	1.4299470579356630E-01	8.8368187110457008E-01	-1.1751691863634572E-01	2.2541538253670129E-01	8.9471597668142611E-01	-2.9746434966327373E-01	-2.6639893629116109E+00	-5.7496010512282270E-01	7.0215291374728550E-01	0.0000000000000000E+00	0.0000000000000000E+00	0.0000000000000000E+00	0.0000000000000000E+00	0.0000000000000000E+00	0.0000000000000000E+00	0.0000000000000000E+00	
7.2612779499232573E-03	3.4218705101437902E-02	2.0677312909554751E-01	3.0440853405981398E-02	-3.5771800326957690E-03	-2.9494957454949761E-02	1.2736241430624046E-02	2.6857422549276544E-01	3.5126647466829614E-02	1.1343470727428223E-02	2.7858313955730419E-04	0.0000000000000000E+00	0.0000000000000000E+00	0.0000000000000000E+00	0.0000000000000000E+00	0.0000000000000000E+00	0.0000000000000000E+00	
4.6372670312673434E-03	2.0865142740487386E-02	1.2635929653462405E-01	1.5096455296062822E-02	1.2221510166521760E-03	-3.5711173145662779E-03	2.8005712577486089E-03	1.1015402805777880E-01	1.1199360793929221E-02	1.6187534589503273E-02	-1.0446588358891146E-03	5.3891588766564380E-01	0.0000000000000000E+00	0.0000000000000000E+00	0.0000000000000000E+00	0.0000000000000000E+00	0.0000000000000000E+00	
7.8892899762467838E-03	3.7971876341296340E-02	2.2922934095862788E-01	3.6563403801575391E-02	-6.7036698580586179E-03	-4.4309433938481080E-02	1.8122240988219719E-02	3.4110131865416332E-01	4.7189295165418747E-02	5.1398616420279732E-03	1.2848446506741450E-03	-6.5645730354233822E-01	1.0524858714449312E+00	0.0000000000000000E+00	0.0000000000000000E+00	0.0000000000000000E+00	0.0000000000000000E+00	
8.8150883965617075E-03	4.1219351568104121E-02	2.4916628732481388E-01	3.5540369556204161E-02	-3.2008854285569752E-03	-3.0836111913610728E-02	1.3725140848294634E-02	3.0606476874506217E-01	3.8985615158780768E-02	1.6682729955316718E-02	-5.9871879208773572E-05	3.4889901442678672E-02	6.3452462602300197E-02	-5.3944147520088937E-03	0.0000000000000000E+00	0.0000000000000000E+00	0.0000000000000000E+00	
3.9946113002003588E-03	1.8842572719745182E-02	1.1385482214271506E-01	1.6825441527665869E-02	-2.0318010058401094E-03	-1.6504107545466318E-02	7.1037169030399791E-03	1.4886773681613644E-01	1.9528768993212368E-02	6.0773476722559752E-03	1.7553548381275258E-04	-8.8319374136970039E-02	1.7952382814055057E-01	5.0032900072873752E-03	-1.4766851327602578E-02	0.0000000000000000E+00	0.0000000000000000E+00	
1.0708837244895422E-02	5.0032216956646877E-02	3.0245103690285752E-01	4.2989509869467028E-02	-3.7383767521229480E-03	-3.6806981268742475E-02	1.6445349363384387E-02	3.6918908542051321E-01	4.6879883840594140E-02	2.0649641768005250E-02	-1.2508520615785276E-04	6.9283205712357049E-02	3.8138466753700806E-02	-8.4771469205978337E-03	2.3034022055568527E-02	5.9346334259630824E-02	0.0000000000000000E+00	

gamma1
0.0000000000000000E+00	0.0000000000000000E+00	8.1557191298188869E-01	9.4936611753423950E-01	-1.2575503901536311E-01	-1.2172392869949278E-01	-2.4140170516754162E+00	-1.6323922702659601E+00	-1.1266989421403024E+00	2.1858954029520929E+00	-3.0305825671347897E+00	-3.2924691676805562E-03	-3.8566865810643245E+00	-1.4610908959395459E+00	-1.2161075348660288E-01	-1.0233184599605316E+00	-1.5598465471452765E+00	

gamma2
0.0000000000000000E+00	1.0000000000000000E+00	4.1569294779860994E-01	7.1880907777051126E-02	3.3056488997412026E-01	5.1879234362388438E-01	9.8698909533257828E-01	7.1796243260617731E-01	6.5293350339082656E-01	-3.6173189385261284E-01	8.1153216674673645E-01	1.8472494154518343E-01	7.9440755696218868E-01	3.2947606581339295E-01	1.8736425843557444E-01	2.3329325291832681E-01	3.0363950057268341E-01	

gamma3
0.0000000000000000E+00	0.0000000000000000E+00	0.0000000000000000E+00	0.0000000000000000E+00	5.6636282629834511E-01	3.0037232349818956E-02	7.2149663430760846E-01	7.9850871492896169E-01	2.0051707573545074E-03	2.1887142828987152E-01	1.1114803448092418E-01	9.1683771316015863E-02	8.2953664796554871E-01	5.4786938139834285E-01	-1.4828627465852676E-01	3.4630494310928384E-01	3.7715356164080621E-01	

delta
1.0000000000000000E+00	-5.5633578102590076E-01	2.6074928986483603E-01	9.8781766780179170E-01	4.1205334059788534E-01	6.2372983479486155E-01	-1.7372533626969860E-01	6.9978473041244016E-01	6.2937378807503541E-01	9.4622489680722810E-01	1.0527945051343393E-01	1.3442327454893349E-01	7.3748522937618100E-01	9.7083050789065695E-01	4.1074467374957119E-01	0.0000000000000000E+00	

r
0.0000000000000000E+00	

errcoeff
8.0282145650470286E-04	

v
1.0000000000000000E+00	
1.0000000000000000E+00	
1.0000000000000000E+00	
1.0000000000000000E+00	
1.0000000000000000E+00	
1.0000000000000000E+00	
1.0000000000000000E+00	
1.0000000000000000E+00	
1.0000000000000000E+00	
1.0000000000000000E+00	
1.0000000000000000E+00	
1.0000000000000000E+00	
1.0000000000000000E+00	
1.0000000000000000E+00	
1.0000000000000000E+00	
1.0000000000000000E+00	
1.0000000000000000E+00	

==============================================================

