#stage		 order
16	 		4


A
0.0000000000000000E+00	0.0000000000000000E+00	0.0000000000000000E+00	0.0000000000000000E+00	0.0000000000000000E+00	0.0000000000000000E+00	0.0000000000000000E+00	0.0000000000000000E+00	0.0000000000000000E+00	0.0000000000000000E+00	0.0000000000000000E+00	0.0000000000000000E+00	0.0000000000000000E+00	0.0000000000000000E+00	0.0000000000000000E+00	0.0000000000000000E+00	
1.1891391441397825E-01	0.0000000000000000E+00	0.0000000000000000E+00	0.0000000000000000E+00	0.0000000000000000E+00	0.0000000000000000E+00	0.0000000000000000E+00	0.0000000000000000E+00	0.0000000000000000E+00	0.0000000000000000E+00	0.0000000000000000E+00	0.0000000000000000E+00	0.0000000000000000E+00	0.0000000000000000E+00	0.0000000000000000E+00	0.0000000000000000E+00	
3.4175675079083034E-02	1.3824107904045216E-01	0.0000000000000000E+00	0.0000000000000000E+00	0.0000000000000000E+00	0.0000000000000000E+00	0.0000000000000000E+00	0.0000000000000000E+00	0.0000000000000000E+00	0.0000000000000000E+00	0.0000000000000000E+00	0.0000000000000000E+00	0.0000000000000000E+00	0.0000000000000000E+00	0.0000000000000000E+00	0.0000000000000000E+00	
2.7395449893667434E-02	-3.7381064481448401E-02	2.7015300798572556E-01	0.0000000000000000E+00	0.0000000000000000E+00	0.0000000000000000E+00	0.0000000000000000E+00	0.0000000000000000E+00	0.0000000000000000E+00	0.0000000000000000E+00	0.0000000000000000E+00	0.0000000000000000E+00	0.0000000000000000E+00	0.0000000000000000E+00	0.0000000000000000E+00	0.0000000000000000E+00	
2.9363454100797229E-02	5.2614119351411734E-03	1.2855522872870723E-01	1.7278270784487719E+00	0.0000000000000000E+00	0.0000000000000000E+00	0.0000000000000000E+00	0.0000000000000000E+00	0.0000000000000000E+00	0.0000000000000000E+00	0.0000000000000000E+00	0.0000000000000000E+00	0.0000000000000000E+00	0.0000000000000000E+00	0.0000000000000000E+00	0.0000000000000000E+00	
2.7206653254646225E-02	2.3017933639865248E-02	5.4668600265610809E-02	8.7278044076036387E-01	1.9616117800130957E-02	0.0000000000000000E+00	0.0000000000000000E+00	0.0000000000000000E+00	0.0000000000000000E+00	0.0000000000000000E+00	0.0000000000000000E+00	0.0000000000000000E+00	0.0000000000000000E+00	0.0000000000000000E+00	0.0000000000000000E+00	0.0000000000000000E+00	
2.3535165461384802E-02	4.4187091283470356E-02	-3.8935172944721125E-02	-2.1924664177044462E-01	-3.0438165851871930E-02	2.3848181748164374E-01	0.0000000000000000E+00	0.0000000000000000E+00	0.0000000000000000E+00	0.0000000000000000E+00	0.0000000000000000E+00	0.0000000000000000E+00	0.0000000000000000E+00	0.0000000000000000E+00	0.0000000000000000E+00	0.0000000000000000E+00	
3.6254904233190187E-02	4.8594775090983970E-02	9.1921620453758179E-03	4.4379345613595578E-01	-8.8590470104916962E-03	7.2335899543386470E-02	2.2629109612943770E-02	0.0000000000000000E+00	0.0000000000000000E+00	0.0000000000000000E+00	0.0000000000000000E+00	0.0000000000000000E+00	0.0000000000000000E+00	0.0000000000000000E+00	0.0000000000000000E+00	0.0000000000000000E+00	
2.2664001536364987E-02	2.8793783152878723E-02	1.1373495763433092E-02	3.4100847960332792E-01	-2.4442193694918886E-03	2.1217259770366616E-02	-2.1291284983028444E-03	1.5834686564962211E-01	0.0000000000000000E+00	0.0000000000000000E+00	0.0000000000000000E+00	0.0000000000000000E+00	0.0000000000000000E+00	0.0000000000000000E+00	0.0000000000000000E+00	0.0000000000000000E+00	
2.6517952157553346E-02	3.4317331873760792E-02	1.1079545766576911E-02	3.7382269753429698E-01	-4.0847931656088233E-03	3.4328325770815904E-02	3.9526824060596363E-03	-8.7258832008006590E-02	-8.3145862384266953E-02	0.0000000000000000E+00	0.0000000000000000E+00	0.0000000000000000E+00	0.0000000000000000E+00	0.0000000000000000E+00	0.0000000000000000E+00	0.0000000000000000E+00	
2.9455247905261262E-02	3.7597287626341271E-02	1.4158264722941447E-02	4.3614898844096489E-01	-3.5193103239279169E-03	3.0233536102966925E-02	-9.6441909458886842E-04	1.2955321817403279E-01	6.7862635105833374E-02	-5.2420578150426181E-02	0.0000000000000000E+00	0.0000000000000000E+00	0.0000000000000000E+00	0.0000000000000000E+00	0.0000000000000000E+00	0.0000000000000000E+00	
2.0025010886789985E-03	3.7695971487530233E-03	-3.3480429234428385E-03	-1.9052701279583584E-02	-2.6092127236332242E-03	2.0441587935917993E-02	1.2401695491058155E-02	-5.1847380346247163E-01	-3.6840424720061726E-01	2.6298756397095030E-01	-2.7185044670014052E-01	0.0000000000000000E+00	0.0000000000000000E+00	0.0000000000000000E+00	0.0000000000000000E+00	0.0000000000000000E+00	
2.1032641518661421E-02	2.6865961893756798E-02	1.0040633815238299E-02	3.1065286673949549E-01	-2.5509876583675773E-03	2.1883260851220061E-02	-4.8869618656221441E-04	8.4051415679519639E-02	4.2475095190879150E-02	-3.3156151670290374E-02	3.4294470336433111E-02	-3.9227730030325534E-03	0.0000000000000000E+00	0.0000000000000000E+00	0.0000000000000000E+00	0.0000000000000000E+00	
2.3160750677665189E-02	2.9509428507124943E-02	1.1322479698274964E-02	3.4508969107877546E-01	-2.6628963093174290E-03	2.2963185630262804E-02	-1.3072538159982524E-03	1.2508406275915351E-01	6.9784411899842358E-02	-5.2954601192905099E-02	5.4762383743278131E-02	-1.3054915403890657E-03	5.1836303519475754E-02	0.0000000000000000E+00	0.0000000000000000E+00	0.0000000000000000E+00	
3.4468897254432702E-02	4.3851150561810950E-02	1.7085572662187021E-02	5.1623287019326902E-01	-3.8338774855962775E-03	3.3172785654011661E-02	-2.6250080171180282E-03	2.1489384450224480E-01	1.2418665724209776E-01	-9.3337102842497952E-02	9.6517229034347785E-02	7.2008085440395872E-04	3.1379958289189325E-02	9.6080517720654915E-02	0.0000000000000000E+00	0.0000000000000000E+00	
2.2909945132787008E-02	2.9117563350739152E-02	1.1456716682283541E-02	3.4425478950654753E-01	-2.4928459231013736E-03	2.1618975953002231E-02	-2.0359616718493632E-03	1.5514769709431972E-01	9.1255058932171673E-02	-6.8263670924642555E-02	7.0587248871642500E-02	1.6199754324506279E-03	1.2415617497474746E-03	-4.4812124754223526E-02	1.3715697709416902E-01	0.0000000000000000E+00	

b
2.9671139202616086E-02	
3.7718112909012697E-02	
1.4811684948294762E-02	
4.4555604131544641E-01	
-3.2429094716605409E-03	
2.8110689832762228E-02	
-2.5612023323912199E-03	
1.9773702425877782E-01	
1.1592396085716186E-01	
-8.6793057481430333E-02	
8.9747877402032619E-02	
1.8017300389068886E-03	
6.7006848474809345E-03	
-2.9822485201210780E-02	
8.5986114615902220E-02	
6.8654594258298521E-02	

c
0.0000000000000000E+00	
1.1891391441397825E-01	
1.7241675411953519E-01	
2.6016739339794459E-01	
1.8910071732134175E+00	
9.9728974572061713E-01	
1.7584093659461231E-02	
6.2394125965134428E-01	
5.7883053760819869E-01	
3.0952904795118114E-01	
6.8810487050939895E-01	
-8.8213550865453061E-01	
5.1117773750695117E-01	
6.7528245465524328E-01	
1.1087935756234377E+00	
7.6876190652604337E-01	

alpha
0.0000000000000000E+00	0.0000000000000000E+00	0.0000000000000000E+00	0.0000000000000000E+00	0.0000000000000000E+00	0.0000000000000000E+00	0.0000000000000000E+00	0.0000000000000000E+00	0.0000000000000000E+00	0.0000000000000000E+00	0.0000000000000000E+00	0.0000000000000000E+00	0.0000000000000000E+00	0.0000000000000000E+00	0.0000000000000000E+00	0.0000000000000000E+00	0.0000000000000000E+00	
0.0000000000000000E+00	0.0000000000000000E+00	0.0000000000000000E+00	0.0000000000000000E+00	0.0000000000000000E+00	0.0000000000000000E+00	0.0000000000000000E+00	0.0000000000000000E+00	0.0000000000000000E+00	0.0000000000000000E+00	0.0000000000000000E+00	0.0000000000000000E+00	0.0000000000000000E+00	0.0000000000000000E+00	0.0000000000000000E+00	0.0000000000000000E+00	0.0000000000000000E+00	
0.0000000000000000E+00	0.0000000000000000E+00	0.0000000000000000E+00	0.0000000000000000E+00	0.0000000000000000E+00	0.0000000000000000E+00	0.0000000000000000E+00	0.0000000000000000E+00	0.0000000000000000E+00	0.0000000000000000E+00	0.0000000000000000E+00	0.0000000000000000E+00	0.0000000000000000E+00	0.0000000000000000E+00	0.0000000000000000E+00	0.0000000000000000E+00	0.0000000000000000E+00	
0.0000000000000000E+00	-0.0000000000000000E+00	0.0000000000000000E+00	0.0000000000000000E+00	0.0000000000000000E+00	0.0000000000000000E+00	0.0000000000000000E+00	0.0000000000000000E+00	0.0000000000000000E+00	0.0000000000000000E+00	0.0000000000000000E+00	0.0000000000000000E+00	0.0000000000000000E+00	0.0000000000000000E+00	0.0000000000000000E+00	0.0000000000000000E+00	0.0000000000000000E+00	
0.0000000000000000E+00	0.0000000000000000E+00	0.0000000000000000E+00	0.0000000000000000E+00	0.0000000000000000E+00	0.0000000000000000E+00	0.0000000000000000E+00	0.0000000000000000E+00	0.0000000000000000E+00	0.0000000000000000E+00	0.0000000000000000E+00	0.0000000000000000E+00	0.0000000000000000E+00	0.0000000000000000E+00	0.0000000000000000E+00	0.0000000000000000E+00	0.0000000000000000E+00	
0.0000000000000000E+00	0.0000000000000000E+00	0.0000000000000000E+00	0.0000000000000000E+00	0.0000000000000000E+00	0.0000000000000000E+00	0.0000000000000000E+00	0.0000000000000000E+00	0.0000000000000000E+00	0.0000000000000000E+00	0.0000000000000000E+00	0.0000000000000000E+00	0.0000000000000000E+00	0.0000000000000000E+00	0.0000000000000000E+00	0.0000000000000000E+00	0.0000000000000000E+00	
0.0000000000000000E+00	0.0000000000000000E+00	-0.0000000000000000E+00	-0.0000000000000000E+00	-0.0000000000000000E+00	0.0000000000000000E+00	0.0000000000000000E+00	0.0000000000000000E+00	0.0000000000000000E+00	0.0000000000000000E+00	0.0000000000000000E+00	0.0000000000000000E+00	0.0000000000000000E+00	0.0000000000000000E+00	0.0000000000000000E+00	0.0000000000000000E+00	0.0000000000000000E+00	
0.0000000000000000E+00	0.0000000000000000E+00	0.0000000000000000E+00	0.0000000000000000E+00	-0.0000000000000000E+00	0.0000000000000000E+00	0.0000000000000000E+00	0.0000000000000000E+00	0.0000000000000000E+00	0.0000000000000000E+00	0.0000000000000000E+00	0.0000000000000000E+00	0.0000000000000000E+00	0.0000000000000000E+00	0.0000000000000000E+00	0.0000000000000000E+00	0.0000000000000000E+00	
0.0000000000000000E+00	0.0000000000000000E+00	0.0000000000000000E+00	0.0000000000000000E+00	-0.0000000000000000E+00	0.0000000000000000E+00	-0.0000000000000000E+00	0.0000000000000000E+00	0.0000000000000000E+00	0.0000000000000000E+00	0.0000000000000000E+00	0.0000000000000000E+00	0.0000000000000000E+00	0.0000000000000000E+00	0.0000000000000000E+00	0.0000000000000000E+00	0.0000000000000000E+00	
0.0000000000000000E+00	0.0000000000000000E+00	0.0000000000000000E+00	0.0000000000000000E+00	-0.0000000000000000E+00	0.0000000000000000E+00	0.0000000000000000E+00	-0.0000000000000000E+00	-0.0000000000000000E+00	0.0000000000000000E+00	0.0000000000000000E+00	0.0000000000000000E+00	0.0000000000000000E+00	0.0000000000000000E+00	0.0000000000000000E+00	0.0000000000000000E+00	0.0000000000000000E+00	
0.0000000000000000E+00	0.0000000000000000E+00	0.0000000000000000E+00	0.0000000000000000E+00	-0.0000000000000000E+00	0.0000000000000000E+00	-0.0000000000000000E+00	0.0000000000000000E+00	0.0000000000000000E+00	-0.0000000000000000E+00	0.0000000000000000E+00	0.0000000000000000E+00	0.0000000000000000E+00	0.0000000000000000E+00	0.0000000000000000E+00	0.0000000000000000E+00	0.0000000000000000E+00	
0.0000000000000000E+00	0.0000000000000000E+00	-0.0000000000000000E+00	-0.0000000000000000E+00	-0.0000000000000000E+00	0.0000000000000000E+00	0.0000000000000000E+00	-0.0000000000000000E+00	-0.0000000000000000E+00	0.0000000000000000E+00	-0.0000000000000000E+00	0.0000000000000000E+00	0.0000000000000000E+00	0.0000000000000000E+00	0.0000000000000000E+00	0.0000000000000000E+00	0.0000000000000000E+00	
0.0000000000000000E+00	0.0000000000000000E+00	0.0000000000000000E+00	0.0000000000000000E+00	-0.0000000000000000E+00	0.0000000000000000E+00	-0.0000000000000000E+00	0.0000000000000000E+00	0.0000000000000000E+00	-0.0000000000000000E+00	0.0000000000000000E+00	-0.0000000000000000E+00	0.0000000000000000E+00	0.0000000000000000E+00	0.0000000000000000E+00	0.0000000000000000E+00	0.0000000000000000E+00	
0.0000000000000000E+00	0.0000000000000000E+00	0.0000000000000000E+00	0.0000000000000000E+00	-0.0000000000000000E+00	0.0000000000000000E+00	-0.0000000000000000E+00	0.0000000000000000E+00	0.0000000000000000E+00	-0.0000000000000000E+00	0.0000000000000000E+00	-0.0000000000000000E+00	0.0000000000000000E+00	0.0000000000000000E+00	0.0000000000000000E+00	0.0000000000000000E+00	0.0000000000000000E+00	
0.0000000000000000E+00	0.0000000000000000E+00	0.0000000000000000E+00	0.0000000000000000E+00	-0.0000000000000000E+00	0.0000000000000000E+00	-0.0000000000000000E+00	0.0000000000000000E+00	0.0000000000000000E+00	-0.0000000000000000E+00	0.0000000000000000E+00	0.0000000000000000E+00	0.0000000000000000E+00	0.0000000000000000E+00	0.0000000000000000E+00	0.0000000000000000E+00	0.0000000000000000E+00	
0.0000000000000000E+00	0.0000000000000000E+00	0.0000000000000000E+00	0.0000000000000000E+00	-0.0000000000000000E+00	0.0000000000000000E+00	-0.0000000000000000E+00	0.0000000000000000E+00	0.0000000000000000E+00	-0.0000000000000000E+00	0.0000000000000000E+00	0.0000000000000000E+00	0.0000000000000000E+00	-0.0000000000000000E+00	0.0000000000000000E+00	0.0000000000000000E+00	0.0000000000000000E+00	
0.0000000000000000E+00	0.0000000000000000E+00	0.0000000000000000E+00	0.0000000000000000E+00	-0.0000000000000000E+00	0.0000000000000000E+00	-0.0000000000000000E+00	0.0000000000000000E+00	0.0000000000000000E+00	-0.0000000000000000E+00	0.0000000000000000E+00	0.0000000000000000E+00	0.0000000000000000E+00	-0.0000000000000000E+00	0.0000000000000000E+00	0.0000000000000000E+00	0.0000000000000000E+00	

beta
0.0000000000000000E+00	0.0000000000000000E+00	0.0000000000000000E+00	0.0000000000000000E+00	0.0000000000000000E+00	0.0000000000000000E+00	0.0000000000000000E+00	0.0000000000000000E+00	0.0000000000000000E+00	0.0000000000000000E+00	0.0000000000000000E+00	0.0000000000000000E+00	0.0000000000000000E+00	0.0000000000000000E+00	0.0000000000000000E+00	0.0000000000000000E+00	0.0000000000000000E+00	
1.1891391441397825E-01	0.0000000000000000E+00	0.0000000000000000E+00	0.0000000000000000E+00	0.0000000000000000E+00	0.0000000000000000E+00	0.0000000000000000E+00	0.0000000000000000E+00	0.0000000000000000E+00	0.0000000000000000E+00	0.0000000000000000E+00	0.0000000000000000E+00	0.0000000000000000E+00	0.0000000000000000E+00	0.0000000000000000E+00	0.0000000000000000E+00	0.0000000000000000E+00	
3.4175675079083034E-02	1.3824107904045216E-01	0.0000000000000000E+00	0.0000000000000000E+00	0.0000000000000000E+00	0.0000000000000000E+00	0.0000000000000000E+00	0.0000000000000000E+00	0.0000000000000000E+00	0.0000000000000000E+00	0.0000000000000000E+00	0.0000000000000000E+00	0.0000000000000000E+00	0.0000000000000000E+00	0.0000000000000000E+00	0.0000000000000000E+00	0.0000000000000000E+00	
2.7395449893667434E-02	-3.7381064481448401E-02	2.7015300798572556E-01	0.0000000000000000E+00	0.0000000000000000E+00	0.0000000000000000E+00	0.0000000000000000E+00	0.0000000000000000E+00	0.0000000000000000E+00	0.0000000000000000E+00	0.0000000000000000E+00	0.0000000000000000E+00	0.0000000000000000E+00	0.0000000000000000E+00	0.0000000000000000E+00	0.0000000000000000E+00	0.0000000000000000E+00	
2.9363454100797229E-02	5.2614119351411734E-03	1.2855522872870723E-01	1.7278270784487719E+00	0.0000000000000000E+00	0.0000000000000000E+00	0.0000000000000000E+00	0.0000000000000000E+00	0.0000000000000000E+00	0.0000000000000000E+00	0.0000000000000000E+00	0.0000000000000000E+00	0.0000000000000000E+00	0.0000000000000000E+00	0.0000000000000000E+00	0.0000000000000000E+00	0.0000000000000000E+00	
2.7206653254646225E-02	2.3017933639865248E-02	5.4668600265610809E-02	8.7278044076036387E-01	1.9616117800130957E-02	0.0000000000000000E+00	0.0000000000000000E+00	0.0000000000000000E+00	0.0000000000000000E+00	0.0000000000000000E+00	0.0000000000000000E+00	0.0000000000000000E+00	0.0000000000000000E+00	0.0000000000000000E+00	0.0000000000000000E+00	0.0000000000000000E+00	0.0000000000000000E+00	
2.3535165461384802E-02	4.4187091283470356E-02	-3.8935172944721125E-02	-2.1924664177044462E-01	-3.0438165851871930E-02	2.3848181748164374E-01	0.0000000000000000E+00	0.0000000000000000E+00	0.0000000000000000E+00	0.0000000000000000E+00	0.0000000000000000E+00	0.0000000000000000E+00	0.0000000000000000E+00	0.0000000000000000E+00	0.0000000000000000E+00	0.0000000000000000E+00	0.0000000000000000E+00	
3.6254904233190187E-02	4.8594775090983970E-02	9.1921620453758179E-03	4.4379345613595578E-01	-8.8590470104916962E-03	7.2335899543386470E-02	2.2629109612943770E-02	0.0000000000000000E+00	0.0000000000000000E+00	0.0000000000000000E+00	0.0000000000000000E+00	0.0000000000000000E+00	0.0000000000000000E+00	0.0000000000000000E+00	0.0000000000000000E+00	0.0000000000000000E+00	0.0000000000000000E+00	
2.2664001536364987E-02	2.8793783152878723E-02	1.1373495763433092E-02	3.4100847960332792E-01	-2.4442193694918886E-03	2.1217259770366616E-02	-2.1291284983028444E-03	1.5834686564962211E-01	0.0000000000000000E+00	0.0000000000000000E+00	0.0000000000000000E+00	0.0000000000000000E+00	0.0000000000000000E+00	0.0000000000000000E+00	0.0000000000000000E+00	0.0000000000000000E+00	0.0000000000000000E+00	
2.6517952157553346E-02	3.4317331873760792E-02	1.1079545766576911E-02	3.7382269753429698E-01	-4.0847931656088233E-03	3.4328325770815904E-02	3.9526824060596363E-03	-8.7258832008006590E-02	-8.3145862384266953E-02	0.0000000000000000E+00	0.0000000000000000E+00	0.0000000000000000E+00	0.0000000000000000E+00	0.0000000000000000E+00	0.0000000000000000E+00	0.0000000000000000E+00	0.0000000000000000E+00	
2.9455247905261262E-02	3.7597287626341271E-02	1.4158264722941447E-02	4.3614898844096489E-01	-3.5193103239279169E-03	3.0233536102966925E-02	-9.6441909458886842E-04	1.2955321817403279E-01	6.7862635105833374E-02	-5.2420578150426181E-02	0.0000000000000000E+00	0.0000000000000000E+00	0.0000000000000000E+00	0.0000000000000000E+00	0.0000000000000000E+00	0.0000000000000000E+00	0.0000000000000000E+00	
2.0025010886789985E-03	3.7695971487530233E-03	-3.3480429234428385E-03	-1.9052701279583584E-02	-2.6092127236332242E-03	2.0441587935917993E-02	1.2401695491058155E-02	-5.1847380346247163E-01	-3.6840424720061726E-01	2.6298756397095030E-01	-2.7185044670014052E-01	0.0000000000000000E+00	0.0000000000000000E+00	0.0000000000000000E+00	0.0000000000000000E+00	0.0000000000000000E+00	0.0000000000000000E+00	
2.1032641518661421E-02	2.6865961893756798E-02	1.0040633815238299E-02	3.1065286673949549E-01	-2.5509876583675773E-03	2.1883260851220061E-02	-4.8869618656221441E-04	8.4051415679519639E-02	4.2475095190879150E-02	-3.3156151670290374E-02	3.4294470336433111E-02	-3.9227730030325534E-03	0.0000000000000000E+00	0.0000000000000000E+00	0.0000000000000000E+00	0.0000000000000000E+00	0.0000000000000000E+00	
2.3160750677665189E-02	2.9509428507124943E-02	1.1322479698274964E-02	3.4508969107877546E-01	-2.6628963093174290E-03	2.2963185630262804E-02	-1.3072538159982524E-03	1.2508406275915351E-01	6.9784411899842358E-02	-5.2954601192905099E-02	5.4762383743278131E-02	-1.3054915403890657E-03	5.1836303519475754E-02	0.0000000000000000E+00	0.0000000000000000E+00	0.0000000000000000E+00	0.0000000000000000E+00	
3.4468897254432702E-02	4.3851150561810950E-02	1.7085572662187021E-02	5.1623287019326902E-01	-3.8338774855962775E-03	3.3172785654011661E-02	-2.6250080171180282E-03	2.1489384450224480E-01	1.2418665724209776E-01	-9.3337102842497952E-02	9.6517229034347785E-02	7.2008085440395872E-04	3.1379958289189325E-02	9.6080517720654915E-02	0.0000000000000000E+00	0.0000000000000000E+00	0.0000000000000000E+00	
2.2909945132787008E-02	2.9117563350739152E-02	1.1456716682283541E-02	3.4425478950654753E-01	-2.4928459231013736E-03	2.1618975953002231E-02	-2.0359616718493632E-03	1.5514769709431972E-01	9.1255058932171673E-02	-6.8263670924642555E-02	7.0587248871642500E-02	1.6199754324506279E-03	1.2415617497474746E-03	-4.4812124754223526E-02	1.3715697709416902E-01	0.0000000000000000E+00	0.0000000000000000E+00	
2.9671139202616086E-02	3.7718112909012697E-02	1.4811684948294762E-02	4.4555604131544641E-01	-3.2429094716605409E-03	2.8110689832762228E-02	-2.5612023323912199E-03	1.9773702425877782E-01	1.1592396085716186E-01	-8.6793057481430333E-02	8.9747877402032619E-02	1.8017300389068886E-03	6.7006848474809345E-03	-2.9822485201210780E-02	8.5986114615902220E-02	6.8654594258298521E-02	0.0000000000000000E+00	

gamma1
0.0000000000000000E+00	0.0000000000000000E+00	5.9251077541584318E-02	-8.4513002970122231E-01	5.2212080808256467E-01	3.3017538104297206E-01	-1.5954571869221001E+00	1.5653963336955234E-01	-1.8677306968957574E-01	-8.8720254176926150E-01	-9.3811202760695411E-01	-5.0141598711695137E+00	7.9797909851798132E-02	5.5077720808651365E-01	4.0898089448078201E-01	-4.2235804860695081E-01	6.2691753957850782E-01	

gamma2
0.0000000000000000E+00	1.0000000000000000E+00	7.1260154669447406E-01	9.6231042267529510E-01	2.7917800026899059E-01	2.2939438088327910E-01	8.6131800413883464E-01	3.7462693382399448E-01	2.9991525168150479E-01	3.9744116906988192E-01	4.3557263220451786E-01	1.2007323081309298E+00	1.7073222227990198E-01	1.3219208716337741E-01	2.3349854106068529E-01	3.6417940367294604E-01	1.4879400461031714E-01	

gamma3
0.0000000000000000E+00	0.0000000000000000E+00	0.0000000000000000E+00	0.0000000000000000E+00	-1.1155552836782974E-02	9.3039156803278691E-02	3.8600779502261995E-01	-2.6430976593056776E-01	2.0724000717168370E-01	2.5300540309584574E-01	2.5201810511061854E-02	7.4360413950415516E-01	3.7673123527612301E-01	2.4641107518859245E-01	3.6395480991089073E-02	6.0137496107579935E-01	3.7650637317056306E-02	

delta
1.0000000000000000E+00	3.2016121326461161E-01	5.9723465632560080E-01	-1.6570073500572208E-01	7.6268843458946611E-01	5.0812306545067937E-02	3.9179955772053443E-01	3.0903741092578130E-01	8.4576348135972701E-01	2.7991719267089171E-01	-2.2624342741780551E-03	-1.2062742495749816E+00	-1.6489570406325307E+00	8.4105682241364521E-01	-1.2093966247743911E-01	0.0000000000000000E+00	

r
0.0000000000000000E+00	

errcoeff
1.4236459811342529E-04	

v
1.0000000000000000E+00	
1.0000000000000000E+00	
1.0000000000000000E+00	
1.0000000000000000E+00	
1.0000000000000000E+00	
1.0000000000000000E+00	
1.0000000000000000E+00	
1.0000000000000000E+00	
1.0000000000000000E+00	
1.0000000000000000E+00	
1.0000000000000000E+00	
1.0000000000000000E+00	
1.0000000000000000E+00	
1.0000000000000000E+00	
1.0000000000000000E+00	
1.0000000000000000E+00	
1.0000000000000000E+00	

==============================================================

