#stage		 order
6	 		4


A
0.0000000000000000E+00	0.0000000000000000E+00	0.0000000000000000E+00	0.0000000000000000E+00	0.0000000000000000E+00	0.0000000000000000E+00	
1.7457519099562693E-01	0.0000000000000000E+00	0.0000000000000000E+00	0.0000000000000000E+00	0.0000000000000000E+00	0.0000000000000000E+00	
-5.9827423470247620E-01	1.2480968853127705E+00	0.0000000000000000E+00	0.0000000000000000E+00	0.0000000000000000E+00	0.0000000000000000E+00	
-4.2924219676324267E+00	5.8199572941347455E+00	-1.7513603217513549E+00	0.0000000000000000E+00	0.0000000000000000E+00	0.0000000000000000E+00	
-2.6997126176345674E+00	3.6423790741486051E+00	-1.1174698500281310E+00	7.0152363246431579E-02	0.0000000000000000E+00	0.0000000000000000E+00	
1.3493159174295783E+00	-1.2909545400324731E+00	1.0258993627738491E+00	1.5355861235393675E-02	-1.3948847809903167E-01	0.0000000000000000E+00	

b
4.8278761550929028E-02	
4.1833844964230016E-01	
4.4674071029364437E-01	
4.4780527692473274E-02	
-1.0001773754362710E-01	
1.4187928836428229E-01	

c
0.0000000000000000E+00	
1.7457519099562693E-01	
6.4982265061029432E-01	
-2.2382499524903610E-01	
-1.0465103026766177E-01	
9.6012812330731634E-01	

alpha
0.0000000000000000E+00	0.0000000000000000E+00	0.0000000000000000E+00	0.0000000000000000E+00	0.0000000000000000E+00	0.0000000000000000E+00	0.0000000000000000E+00	
0.0000000000000000E+00	0.0000000000000000E+00	0.0000000000000000E+00	0.0000000000000000E+00	0.0000000000000000E+00	0.0000000000000000E+00	0.0000000000000000E+00	
-0.0000000000000000E+00	0.0000000000000000E+00	0.0000000000000000E+00	0.0000000000000000E+00	0.0000000000000000E+00	0.0000000000000000E+00	0.0000000000000000E+00	
-0.0000000000000000E+00	0.0000000000000000E+00	-0.0000000000000000E+00	0.0000000000000000E+00	0.0000000000000000E+00	0.0000000000000000E+00	0.0000000000000000E+00	
-0.0000000000000000E+00	0.0000000000000000E+00	-0.0000000000000000E+00	0.0000000000000000E+00	0.0000000000000000E+00	0.0000000000000000E+00	0.0000000000000000E+00	
0.0000000000000000E+00	-0.0000000000000000E+00	0.0000000000000000E+00	0.0000000000000000E+00	-0.0000000000000000E+00	0.0000000000000000E+00	0.0000000000000000E+00	
0.0000000000000000E+00	0.0000000000000000E+00	0.0000000000000000E+00	0.0000000000000000E+00	-0.0000000000000000E+00	0.0000000000000000E+00	0.0000000000000000E+00	

beta
0.0000000000000000E+00	0.0000000000000000E+00	0.0000000000000000E+00	0.0000000000000000E+00	0.0000000000000000E+00	0.0000000000000000E+00	0.0000000000000000E+00	
1.7457519099562693E-01	0.0000000000000000E+00	0.0000000000000000E+00	0.0000000000000000E+00	0.0000000000000000E+00	0.0000000000000000E+00	0.0000000000000000E+00	
-5.9827423470247620E-01	1.2480968853127705E+00	0.0000000000000000E+00	0.0000000000000000E+00	0.0000000000000000E+00	0.0000000000000000E+00	0.0000000000000000E+00	
-4.2924219676324267E+00	5.8199572941347455E+00	-1.7513603217513549E+00	0.0000000000000000E+00	0.0000000000000000E+00	0.0000000000000000E+00	0.0000000000000000E+00	
-2.6997126176345674E+00	3.6423790741486051E+00	-1.1174698500281310E+00	7.0152363246431579E-02	0.0000000000000000E+00	0.0000000000000000E+00	0.0000000000000000E+00	
1.3493159174295783E+00	-1.2909545400324731E+00	1.0258993627738491E+00	1.5355861235393675E-02	-1.3948847809903167E-01	0.0000000000000000E+00	0.0000000000000000E+00	
4.8278761550929028E-02	4.1833844964230016E-01	4.4674071029364437E-01	4.4780527692473274E-02	-1.0001773754362710E-01	1.4187928836428229E-01	0.0000000000000000E+00	

gamma1
0.0000000000000000E+00	0.0000000000000000E+00	4.2798453928996132E+00	-1.2372116167787691E+01	6.1388829375471821E-01	-2.2366762897706640E+00	7.1703225174353269E-01	

gamma2
0.0000000000000000E+00	1.0000000000000000E+00	4.4270289569235688E+00	4.9442867795836420E+00	-1.6532270142161545E-02	4.9620172604357204E-01	9.7273219027975796E-02	

gamma3
0.0000000000000000E+00	0.0000000000000000E+00	0.0000000000000000E+00	0.0000000000000000E+00	4.0665428256162045E-01	1.6453941824007234E-01	-3.1928054533788897E-01	

delta
1.0000000000000000E+00	-1.7408682944732405E+00	3.4454274683069550E+00	-1.4619847336816774E+00	4.9487318578450479E+00	0.0000000000000000E+00	

r
0.0000000000000000E+00	

errcoeff
1.5120520841205348E-03	

v
1.0000000000000000E+00	
1.0000000000000000E+00	
1.0000000000000000E+00	
1.0000000000000000E+00	
1.0000000000000000E+00	
1.0000000000000000E+00	
1.0000000000000000E+00	

==============================================================

