#stage		 order
10	 		4


A
0.0000000000000000E+00	0.0000000000000000E+00	0.0000000000000000E+00	0.0000000000000000E+00	0.0000000000000000E+00	0.0000000000000000E+00	0.0000000000000000E+00	0.0000000000000000E+00	0.0000000000000000E+00	0.0000000000000000E+00	
2.8921183395797168E-01	0.0000000000000000E+00	0.0000000000000000E+00	0.0000000000000000E+00	0.0000000000000000E+00	0.0000000000000000E+00	0.0000000000000000E+00	0.0000000000000000E+00	0.0000000000000000E+00	0.0000000000000000E+00	
1.9802925468600666E-01	7.1800083037428697E-01	0.0000000000000000E+00	0.0000000000000000E+00	0.0000000000000000E+00	0.0000000000000000E+00	0.0000000000000000E+00	0.0000000000000000E+00	0.0000000000000000E+00	0.0000000000000000E+00	
1.3655342034464107E-01	2.3032703889003125E-01	4.4113568485162465E-02	0.0000000000000000E+00	0.0000000000000000E+00	0.0000000000000000E+00	0.0000000000000000E+00	0.0000000000000000E+00	0.0000000000000000E+00	0.0000000000000000E+00	
1.4716924268645154E-01	2.2161108540561372E-01	-3.7848258910713729E-02	1.4643890287406555E-01	0.0000000000000000E+00	0.0000000000000000E+00	0.0000000000000000E+00	0.0000000000000000E+00	0.0000000000000000E+00	0.0000000000000000E+00	
9.2597798278240870E-02	1.3902390293910030E-01	-2.5135847606836421E-02	1.4232800422369263E-01	1.2302171630193327E-01	0.0000000000000000E+00	0.0000000000000000E+00	0.0000000000000000E+00	0.0000000000000000E+00	0.0000000000000000E+00	
1.5107002168156580E-01	2.2898152375646486E-01	-3.4051166194000421E-02	-3.1921703813543367E-02	-4.6377611826241227E-02	6.9884624266985285E-01	0.0000000000000000E+00	0.0000000000000000E+00	0.0000000000000000E+00	0.0000000000000000E+00	
1.7574382894643770E-01	2.6690366785659064E-01	-3.7934159669336318E-02	-1.0085871536061547E-01	-1.1356416466339155E-01	1.3256402866337622E+00	2.8101487537435327E-01	0.0000000000000000E+00	0.0000000000000000E+00	0.0000000000000000E+00	
1.3861361659514690E-01	2.1008657563306007E-01	-3.1289644502225857E-02	-2.7537510540636044E-02	-4.0914511377291553E-02	6.2712755082265170E-01	1.0197884754798783E-01	1.5156416173896488E-02	0.0000000000000000E+00	0.0000000000000000E+00	
1.1998074726662133E-01	1.8174691630600245E-01	-2.7401703202405894E-02	-1.1758850943815853E-02	-2.4116894025446860E-02	4.4566792833007468E-01	6.0485028376829689E-02	-2.4954642695524526E-03	1.0635165095689282E-01	0.0000000000000000E+00	

b
1.2142039048122354E-01	
1.8393377162498406E-01	
-2.7710983909501108E-02	
-1.2640678580307232E-02	
-2.5099212288328801E-02	
4.5697467203481046E-01	
6.2914991121487143E-02	
-1.5677016743309391E-03	
7.3354568209640231E-02	
1.6842018298032260E-01	

c
0.0000000000000000E+00	
2.8921183395797168E-01	
9.1603008506029360E-01	
4.1099402771983479E-01	
4.7737097205541712E-01	
4.7183557413613064E-01	
9.6654730627409857E-01	
1.7969456191178006E+00	
9.9322134035258958E-01	
8.4845935879519996E-01	

alpha
0.0000000000000000E+00	0.0000000000000000E+00	0.0000000000000000E+00	0.0000000000000000E+00	0.0000000000000000E+00	0.0000000000000000E+00	0.0000000000000000E+00	0.0000000000000000E+00	0.0000000000000000E+00	0.0000000000000000E+00	0.0000000000000000E+00	
0.0000000000000000E+00	0.0000000000000000E+00	0.0000000000000000E+00	0.0000000000000000E+00	0.0000000000000000E+00	0.0000000000000000E+00	0.0000000000000000E+00	0.0000000000000000E+00	0.0000000000000000E+00	0.0000000000000000E+00	0.0000000000000000E+00	
0.0000000000000000E+00	0.0000000000000000E+00	0.0000000000000000E+00	0.0000000000000000E+00	0.0000000000000000E+00	0.0000000000000000E+00	0.0000000000000000E+00	0.0000000000000000E+00	0.0000000000000000E+00	0.0000000000000000E+00	0.0000000000000000E+00	
0.0000000000000000E+00	0.0000000000000000E+00	0.0000000000000000E+00	0.0000000000000000E+00	0.0000000000000000E+00	0.0000000000000000E+00	0.0000000000000000E+00	0.0000000000000000E+00	0.0000000000000000E+00	0.0000000000000000E+00	0.0000000000000000E+00	
0.0000000000000000E+00	0.0000000000000000E+00	-0.0000000000000000E+00	0.0000000000000000E+00	0.0000000000000000E+00	0.0000000000000000E+00	0.0000000000000000E+00	0.0000000000000000E+00	0.0000000000000000E+00	0.0000000000000000E+00	0.0000000000000000E+00	
0.0000000000000000E+00	0.0000000000000000E+00	-0.0000000000000000E+00	0.0000000000000000E+00	0.0000000000000000E+00	0.0000000000000000E+00	0.0000000000000000E+00	0.0000000000000000E+00	0.0000000000000000E+00	0.0000000000000000E+00	0.0000000000000000E+00	
0.0000000000000000E+00	0.0000000000000000E+00	-0.0000000000000000E+00	-0.0000000000000000E+00	-0.0000000000000000E+00	0.0000000000000000E+00	0.0000000000000000E+00	0.0000000000000000E+00	0.0000000000000000E+00	0.0000000000000000E+00	0.0000000000000000E+00	
0.0000000000000000E+00	0.0000000000000000E+00	-0.0000000000000000E+00	-0.0000000000000000E+00	-0.0000000000000000E+00	0.0000000000000000E+00	0.0000000000000000E+00	0.0000000000000000E+00	0.0000000000000000E+00	0.0000000000000000E+00	0.0000000000000000E+00	
0.0000000000000000E+00	0.0000000000000000E+00	-0.0000000000000000E+00	-0.0000000000000000E+00	-0.0000000000000000E+00	0.0000000000000000E+00	0.0000000000000000E+00	0.0000000000000000E+00	0.0000000000000000E+00	0.0000000000000000E+00	0.0000000000000000E+00	
0.0000000000000000E+00	0.0000000000000000E+00	-0.0000000000000000E+00	-0.0000000000000000E+00	-0.0000000000000000E+00	0.0000000000000000E+00	0.0000000000000000E+00	-0.0000000000000000E+00	0.0000000000000000E+00	0.0000000000000000E+00	0.0000000000000000E+00	
0.0000000000000000E+00	0.0000000000000000E+00	-0.0000000000000000E+00	-0.0000000000000000E+00	-0.0000000000000000E+00	0.0000000000000000E+00	0.0000000000000000E+00	-0.0000000000000000E+00	0.0000000000000000E+00	0.0000000000000000E+00	0.0000000000000000E+00	

beta
0.0000000000000000E+00	0.0000000000000000E+00	0.0000000000000000E+00	0.0000000000000000E+00	0.0000000000000000E+00	0.0000000000000000E+00	0.0000000000000000E+00	0.0000000000000000E+00	0.0000000000000000E+00	0.0000000000000000E+00	0.0000000000000000E+00	
2.8921183395797168E-01	0.0000000000000000E+00	0.0000000000000000E+00	0.0000000000000000E+00	0.0000000000000000E+00	0.0000000000000000E+00	0.0000000000000000E+00	0.0000000000000000E+00	0.0000000000000000E+00	0.0000000000000000E+00	0.0000000000000000E+00	
1.9802925468600666E-01	7.1800083037428697E-01	0.0000000000000000E+00	0.0000000000000000E+00	0.0000000000000000E+00	0.0000000000000000E+00	0.0000000000000000E+00	0.0000000000000000E+00	0.0000000000000000E+00	0.0000000000000000E+00	0.0000000000000000E+00	
1.3655342034464107E-01	2.3032703889003125E-01	4.4113568485162465E-02	0.0000000000000000E+00	0.0000000000000000E+00	0.0000000000000000E+00	0.0000000000000000E+00	0.0000000000000000E+00	0.0000000000000000E+00	0.0000000000000000E+00	0.0000000000000000E+00	
1.4716924268645154E-01	2.2161108540561372E-01	-3.7848258910713729E-02	1.4643890287406555E-01	0.0000000000000000E+00	0.0000000000000000E+00	0.0000000000000000E+00	0.0000000000000000E+00	0.0000000000000000E+00	0.0000000000000000E+00	0.0000000000000000E+00	
9.2597798278240870E-02	1.3902390293910030E-01	-2.5135847606836421E-02	1.4232800422369263E-01	1.2302171630193327E-01	0.0000000000000000E+00	0.0000000000000000E+00	0.0000000000000000E+00	0.0000000000000000E+00	0.0000000000000000E+00	0.0000000000000000E+00	
1.5107002168156580E-01	2.2898152375646486E-01	-3.4051166194000421E-02	-3.1921703813543367E-02	-4.6377611826241227E-02	6.9884624266985285E-01	0.0000000000000000E+00	0.0000000000000000E+00	0.0000000000000000E+00	0.0000000000000000E+00	0.0000000000000000E+00	
1.7574382894643770E-01	2.6690366785659064E-01	-3.7934159669336318E-02	-1.0085871536061547E-01	-1.1356416466339155E-01	1.3256402866337622E+00	2.8101487537435327E-01	0.0000000000000000E+00	0.0000000000000000E+00	0.0000000000000000E+00	0.0000000000000000E+00	
1.3861361659514690E-01	2.1008657563306007E-01	-3.1289644502225857E-02	-2.7537510540636044E-02	-4.0914511377291553E-02	6.2712755082265170E-01	1.0197884754798783E-01	1.5156416173896488E-02	0.0000000000000000E+00	0.0000000000000000E+00	0.0000000000000000E+00	
1.1998074726662133E-01	1.8174691630600245E-01	-2.7401703202405894E-02	-1.1758850943815853E-02	-2.4116894025446860E-02	4.4566792833007468E-01	6.0485028376829689E-02	-2.4954642695524526E-03	1.0635165095689282E-01	0.0000000000000000E+00	0.0000000000000000E+00	
1.2142039048122354E-01	1.8393377162498406E-01	-2.7710983909501108E-02	-1.2640678580307232E-02	-2.5099212288328801E-02	4.5697467203481046E-01	6.2914991121487143E-02	-1.5677016743309391E-03	7.3354568209640231E-02	1.6842018298032260E-01	0.0000000000000000E+00	

gamma1
0.0000000000000000E+00	0.0000000000000000E+00	4.9815108374512762E-01	3.4048277515959624E-02	-5.0985839266795674E-02	1.0175373621581052E+00	-7.9951948851166144E-01	2.4322624242702640E+00	1.4506897353420256E-01	-2.0346407891100660E-01	6.8973605533752180E-01	

gamma2
0.0000000000000000E+00	1.0000000000000000E+00	3.1527955832269189E-01	4.2670456857965727E-01	8.6888060071039452E-01	-2.8434398967154567E-01	9.2527664131252008E-01	-4.5552216769124465E-01	1.7783145081588314E-01	2.2449779687383753E-01	5.8577886227202051E-02	

gamma3
0.0000000000000000E+00	0.0000000000000000E+00	0.0000000000000000E+00	0.0000000000000000E+00	-1.0895375731819400E-01	4.0766643752624765E-01	-6.6578186676533643E-03	-7.7007167676086544E-03	8.0970042822931604E-02	1.8758435635581960E-01	4.5191914393061028E-02	

delta
1.0000000000000000E+00	5.9175849815554749E-01	6.7198975675378891E-01	-9.2876667557999470E-01	1.6040364114083103E-01	4.5665509540468052E-01	1.1752755614684225E+00	1.2249006742957378E+00	1.7290457071252269E-01	0.0000000000000000E+00	

r
0.0000000000000000E+00	

errcoeff
3.9517430954677155E-04	

v
1.0000000000000000E+00	
1.0000000000000000E+00	
1.0000000000000000E+00	
1.0000000000000000E+00	
1.0000000000000000E+00	
1.0000000000000000E+00	
1.0000000000000000E+00	
1.0000000000000000E+00	
1.0000000000000000E+00	
1.0000000000000000E+00	
1.0000000000000000E+00	

==============================================================

