#stage		 order
13	 		4


A
0.0000000000000000E+00	0.0000000000000000E+00	0.0000000000000000E+00	0.0000000000000000E+00	0.0000000000000000E+00	0.0000000000000000E+00	0.0000000000000000E+00	0.0000000000000000E+00	0.0000000000000000E+00	0.0000000000000000E+00	0.0000000000000000E+00	0.0000000000000000E+00	0.0000000000000000E+00	
6.9478779053674472E-02	0.0000000000000000E+00	0.0000000000000000E+00	0.0000000000000000E+00	0.0000000000000000E+00	0.0000000000000000E+00	0.0000000000000000E+00	0.0000000000000000E+00	0.0000000000000000E+00	0.0000000000000000E+00	0.0000000000000000E+00	0.0000000000000000E+00	0.0000000000000000E+00	
2.2699715937525206E-02	1.2704235913418385E-01	0.0000000000000000E+00	0.0000000000000000E+00	0.0000000000000000E+00	0.0000000000000000E+00	0.0000000000000000E+00	0.0000000000000000E+00	0.0000000000000000E+00	0.0000000000000000E+00	0.0000000000000000E+00	0.0000000000000000E+00	0.0000000000000000E+00	
3.4309332569280974E-03	-1.9271471736032747E-02	1.4225814262348693E-01	0.0000000000000000E+00	0.0000000000000000E+00	0.0000000000000000E+00	0.0000000000000000E+00	0.0000000000000000E+00	0.0000000000000000E+00	0.0000000000000000E+00	0.0000000000000000E+00	0.0000000000000000E+00	0.0000000000000000E+00	
4.8700905157201147E-03	-6.5768782346458058E-03	1.1020771675052278E-01	3.3021797688193660E-01	0.0000000000000000E+00	0.0000000000000000E+00	0.0000000000000000E+00	0.0000000000000000E+00	0.0000000000000000E+00	0.0000000000000000E+00	0.0000000000000000E+00	0.0000000000000000E+00	0.0000000000000000E+00	
3.3237572760172751E-03	-9.2491768109342152E-03	9.6229779787537481E-02	2.6986694603964334E-01	6.1267937022876758E-02	0.0000000000000000E+00	0.0000000000000000E+00	0.0000000000000000E+00	0.0000000000000000E+00	0.0000000000000000E+00	0.0000000000000000E+00	0.0000000000000000E+00	0.0000000000000000E+00	
5.5028916998882578E-03	1.5510347629230179E-02	2.3254491253830167E-02	1.5868068605937635E-01	2.0814539698455259E-02	5.5510229572917080E-01	0.0000000000000000E+00	0.0000000000000000E+00	0.0000000000000000E+00	0.0000000000000000E+00	0.0000000000000000E+00	0.0000000000000000E+00	0.0000000000000000E+00	
2.3499600140060400E-02	1.2068250117795978E-01	-1.4104192432241328E-01	1.6869773927394782E-01	-5.3525159775171915E-02	2.9731906924344953E-01	1.9418764489045927E-02	0.0000000000000000E+00	0.0000000000000000E+00	0.0000000000000000E+00	0.0000000000000000E+00	0.0000000000000000E+00	0.0000000000000000E+00	
2.5029461239027245E-02	1.2367150673133535E-01	-1.2873660262399880E-01	2.2517943865513221E-01	-4.4277971295933201E-02	5.0202081195517256E-01	3.5044281347277519E-03	9.8533443287239078E-02	0.0000000000000000E+00	0.0000000000000000E+00	0.0000000000000000E+00	0.0000000000000000E+00	0.0000000000000000E+00	
1.9098934109261570E-02	9.4126171828268906E-02	-9.7163570737981500E-02	1.7409058969272512E-01	-3.3152701437797437E-02	3.9230016982938043E-01	1.8186952612816382E-03	6.7083771999228520E-02	2.5885504756465355E-01	0.0000000000000000E+00	0.0000000000000000E+00	0.0000000000000000E+00	0.0000000000000000E+00	
2.4200565182926834E-03	1.1680561441665252E-02	-1.1224423750731127E-02	2.4361698686892891E-02	-3.5565652270438952E-03	5.9088055838458553E-02	-6.3883711626133623E-04	2.6564768145079243E-04	6.7119680830579065E-03	1.2983937897731157E+00	0.0000000000000000E+00	0.0000000000000000E+00	0.0000000000000000E+00	
2.7823661015503140E-02	1.3579381391652395E-01	-1.3567479830434406E-01	2.6605799790976115E-01	-4.4816487459719161E-02	6.2218450865113506E-01	-2.0472159928941244E-03	5.3237350560740117E-02	2.3615228234573649E-01	-9.7341353245579576E-02	-5.5006827881688867E-03	0.0000000000000000E+00	0.0000000000000000E+00	
2.7902327770653070E-02	1.3620373927375498E-01	-1.3617312969245315E-01	2.6656728579454569E-01	-4.5011180850806395E-02	6.2295396270316294E-01	-1.9612780255079134E-03	5.4256780249771812E-02	2.3957273524729403E-01	-3.5777305180462415E-01	-6.6306070245222143E-03	1.2336176144137902E-01	0.0000000000000000E+00	

b
1.9519765578814373E-02	
9.5233482486821813E-02	
-9.5037178150668977E-02	
1.8696254838305176E-01	
-3.1354711144226437E-02	
4.3775330280152258E-01	
-1.5528313171591932E-03	
3.6244259468344614E-02	
1.6217398462826982E-01	
2.6241820739692268E-01	
-2.4424406412072667E-03	
4.4786449218941982E-02	
-1.1470483870942919E-01	

c
0.0000000000000000E+00	
6.9478779053674472E-02	
1.4974207507170906E-01	
1.2641760414438227E-01	
4.3871890591353369E-01	
4.2143924331514065E-01	
7.7886525206995105E-01	
4.3505059022687825E-01	
8.0492451608270221E-01	
8.7705710810902082E-01	
1.3875019519288974E+00	
1.0558690766086938E+00	
9.2326934508264757E-01	

alpha
0.0000000000000000E+00	0.0000000000000000E+00	0.0000000000000000E+00	0.0000000000000000E+00	0.0000000000000000E+00	0.0000000000000000E+00	0.0000000000000000E+00	0.0000000000000000E+00	0.0000000000000000E+00	0.0000000000000000E+00	0.0000000000000000E+00	0.0000000000000000E+00	0.0000000000000000E+00	0.0000000000000000E+00	
0.0000000000000000E+00	0.0000000000000000E+00	0.0000000000000000E+00	0.0000000000000000E+00	0.0000000000000000E+00	0.0000000000000000E+00	0.0000000000000000E+00	0.0000000000000000E+00	0.0000000000000000E+00	0.0000000000000000E+00	0.0000000000000000E+00	0.0000000000000000E+00	0.0000000000000000E+00	0.0000000000000000E+00	
0.0000000000000000E+00	0.0000000000000000E+00	0.0000000000000000E+00	0.0000000000000000E+00	0.0000000000000000E+00	0.0000000000000000E+00	0.0000000000000000E+00	0.0000000000000000E+00	0.0000000000000000E+00	0.0000000000000000E+00	0.0000000000000000E+00	0.0000000000000000E+00	0.0000000000000000E+00	0.0000000000000000E+00	
0.0000000000000000E+00	-0.0000000000000000E+00	0.0000000000000000E+00	0.0000000000000000E+00	0.0000000000000000E+00	0.0000000000000000E+00	0.0000000000000000E+00	0.0000000000000000E+00	0.0000000000000000E+00	0.0000000000000000E+00	0.0000000000000000E+00	0.0000000000000000E+00	0.0000000000000000E+00	0.0000000000000000E+00	
0.0000000000000000E+00	-0.0000000000000000E+00	0.0000000000000000E+00	0.0000000000000000E+00	0.0000000000000000E+00	0.0000000000000000E+00	0.0000000000000000E+00	0.0000000000000000E+00	0.0000000000000000E+00	0.0000000000000000E+00	0.0000000000000000E+00	0.0000000000000000E+00	0.0000000000000000E+00	0.0000000000000000E+00	
0.0000000000000000E+00	-0.0000000000000000E+00	0.0000000000000000E+00	0.0000000000000000E+00	0.0000000000000000E+00	0.0000000000000000E+00	0.0000000000000000E+00	0.0000000000000000E+00	0.0000000000000000E+00	0.0000000000000000E+00	0.0000000000000000E+00	0.0000000000000000E+00	0.0000000000000000E+00	0.0000000000000000E+00	
0.0000000000000000E+00	0.0000000000000000E+00	0.0000000000000000E+00	0.0000000000000000E+00	0.0000000000000000E+00	0.0000000000000000E+00	0.0000000000000000E+00	0.0000000000000000E+00	0.0000000000000000E+00	0.0000000000000000E+00	0.0000000000000000E+00	0.0000000000000000E+00	0.0000000000000000E+00	0.0000000000000000E+00	
0.0000000000000000E+00	0.0000000000000000E+00	-0.0000000000000000E+00	0.0000000000000000E+00	-0.0000000000000000E+00	0.0000000000000000E+00	0.0000000000000000E+00	0.0000000000000000E+00	0.0000000000000000E+00	0.0000000000000000E+00	0.0000000000000000E+00	0.0000000000000000E+00	0.0000000000000000E+00	0.0000000000000000E+00	
0.0000000000000000E+00	0.0000000000000000E+00	-0.0000000000000000E+00	0.0000000000000000E+00	-0.0000000000000000E+00	0.0000000000000000E+00	0.0000000000000000E+00	0.0000000000000000E+00	0.0000000000000000E+00	0.0000000000000000E+00	0.0000000000000000E+00	0.0000000000000000E+00	0.0000000000000000E+00	0.0000000000000000E+00	
0.0000000000000000E+00	0.0000000000000000E+00	-0.0000000000000000E+00	0.0000000000000000E+00	-0.0000000000000000E+00	0.0000000000000000E+00	0.0000000000000000E+00	0.0000000000000000E+00	0.0000000000000000E+00	0.0000000000000000E+00	0.0000000000000000E+00	0.0000000000000000E+00	0.0000000000000000E+00	0.0000000000000000E+00	
0.0000000000000000E+00	0.0000000000000000E+00	-0.0000000000000000E+00	0.0000000000000000E+00	-0.0000000000000000E+00	0.0000000000000000E+00	-0.0000000000000000E+00	0.0000000000000000E+00	0.0000000000000000E+00	0.0000000000000000E+00	0.0000000000000000E+00	0.0000000000000000E+00	0.0000000000000000E+00	0.0000000000000000E+00	
0.0000000000000000E+00	0.0000000000000000E+00	-0.0000000000000000E+00	0.0000000000000000E+00	-0.0000000000000000E+00	0.0000000000000000E+00	-0.0000000000000000E+00	0.0000000000000000E+00	0.0000000000000000E+00	-0.0000000000000000E+00	-0.0000000000000000E+00	0.0000000000000000E+00	0.0000000000000000E+00	0.0000000000000000E+00	
0.0000000000000000E+00	0.0000000000000000E+00	-0.0000000000000000E+00	0.0000000000000000E+00	-0.0000000000000000E+00	0.0000000000000000E+00	-0.0000000000000000E+00	0.0000000000000000E+00	0.0000000000000000E+00	-0.0000000000000000E+00	-0.0000000000000000E+00	0.0000000000000000E+00	0.0000000000000000E+00	0.0000000000000000E+00	
0.0000000000000000E+00	0.0000000000000000E+00	-0.0000000000000000E+00	0.0000000000000000E+00	-0.0000000000000000E+00	0.0000000000000000E+00	-0.0000000000000000E+00	0.0000000000000000E+00	0.0000000000000000E+00	0.0000000000000000E+00	-0.0000000000000000E+00	0.0000000000000000E+00	-0.0000000000000000E+00	0.0000000000000000E+00	

beta
0.0000000000000000E+00	0.0000000000000000E+00	0.0000000000000000E+00	0.0000000000000000E+00	0.0000000000000000E+00	0.0000000000000000E+00	0.0000000000000000E+00	0.0000000000000000E+00	0.0000000000000000E+00	0.0000000000000000E+00	0.0000000000000000E+00	0.0000000000000000E+00	0.0000000000000000E+00	0.0000000000000000E+00	
6.9478779053674472E-02	0.0000000000000000E+00	0.0000000000000000E+00	0.0000000000000000E+00	0.0000000000000000E+00	0.0000000000000000E+00	0.0000000000000000E+00	0.0000000000000000E+00	0.0000000000000000E+00	0.0000000000000000E+00	0.0000000000000000E+00	0.0000000000000000E+00	0.0000000000000000E+00	0.0000000000000000E+00	
2.2699715937525206E-02	1.2704235913418385E-01	0.0000000000000000E+00	0.0000000000000000E+00	0.0000000000000000E+00	0.0000000000000000E+00	0.0000000000000000E+00	0.0000000000000000E+00	0.0000000000000000E+00	0.0000000000000000E+00	0.0000000000000000E+00	0.0000000000000000E+00	0.0000000000000000E+00	0.0000000000000000E+00	
3.4309332569280974E-03	-1.9271471736032747E-02	1.4225814262348693E-01	0.0000000000000000E+00	0.0000000000000000E+00	0.0000000000000000E+00	0.0000000000000000E+00	0.0000000000000000E+00	0.0000000000000000E+00	0.0000000000000000E+00	0.0000000000000000E+00	0.0000000000000000E+00	0.0000000000000000E+00	0.0000000000000000E+00	
4.8700905157201147E-03	-6.5768782346458058E-03	1.1020771675052278E-01	3.3021797688193660E-01	0.0000000000000000E+00	0.0000000000000000E+00	0.0000000000000000E+00	0.0000000000000000E+00	0.0000000000000000E+00	0.0000000000000000E+00	0.0000000000000000E+00	0.0000000000000000E+00	0.0000000000000000E+00	0.0000000000000000E+00	
3.3237572760172751E-03	-9.2491768109342152E-03	9.6229779787537481E-02	2.6986694603964334E-01	6.1267937022876758E-02	0.0000000000000000E+00	0.0000000000000000E+00	0.0000000000000000E+00	0.0000000000000000E+00	0.0000000000000000E+00	0.0000000000000000E+00	0.0000000000000000E+00	0.0000000000000000E+00	0.0000000000000000E+00	
5.5028916998882578E-03	1.5510347629230179E-02	2.3254491253830167E-02	1.5868068605937635E-01	2.0814539698455259E-02	5.5510229572917080E-01	0.0000000000000000E+00	0.0000000000000000E+00	0.0000000000000000E+00	0.0000000000000000E+00	0.0000000000000000E+00	0.0000000000000000E+00	0.0000000000000000E+00	0.0000000000000000E+00	
2.3499600140060400E-02	1.2068250117795978E-01	-1.4104192432241328E-01	1.6869773927394782E-01	-5.3525159775171915E-02	2.9731906924344953E-01	1.9418764489045927E-02	0.0000000000000000E+00	0.0000000000000000E+00	0.0000000000000000E+00	0.0000000000000000E+00	0.0000000000000000E+00	0.0000000000000000E+00	0.0000000000000000E+00	
2.5029461239027245E-02	1.2367150673133535E-01	-1.2873660262399880E-01	2.2517943865513221E-01	-4.4277971295933201E-02	5.0202081195517256E-01	3.5044281347277519E-03	9.8533443287239078E-02	0.0000000000000000E+00	0.0000000000000000E+00	0.0000000000000000E+00	0.0000000000000000E+00	0.0000000000000000E+00	0.0000000000000000E+00	
1.9098934109261570E-02	9.4126171828268906E-02	-9.7163570737981500E-02	1.7409058969272512E-01	-3.3152701437797437E-02	3.9230016982938043E-01	1.8186952612816382E-03	6.7083771999228520E-02	2.5885504756465355E-01	0.0000000000000000E+00	0.0000000000000000E+00	0.0000000000000000E+00	0.0000000000000000E+00	0.0000000000000000E+00	
2.4200565182926834E-03	1.1680561441665252E-02	-1.1224423750731127E-02	2.4361698686892891E-02	-3.5565652270438952E-03	5.9088055838458553E-02	-6.3883711626133623E-04	2.6564768145079243E-04	6.7119680830579065E-03	1.2983937897731157E+00	0.0000000000000000E+00	0.0000000000000000E+00	0.0000000000000000E+00	0.0000000000000000E+00	
2.7823661015503140E-02	1.3579381391652395E-01	-1.3567479830434406E-01	2.6605799790976115E-01	-4.4816487459719161E-02	6.2218450865113506E-01	-2.0472159928941244E-03	5.3237350560740117E-02	2.3615228234573649E-01	-9.7341353245579576E-02	-5.5006827881688867E-03	0.0000000000000000E+00	0.0000000000000000E+00	0.0000000000000000E+00	
2.7902327770653070E-02	1.3620373927375498E-01	-1.3617312969245315E-01	2.6656728579454569E-01	-4.5011180850806395E-02	6.2295396270316294E-01	-1.9612780255079134E-03	5.4256780249771812E-02	2.3957273524729403E-01	-3.5777305180462415E-01	-6.6306070245222143E-03	1.2336176144137902E-01	0.0000000000000000E+00	0.0000000000000000E+00	
1.9519765578814373E-02	9.5233482486821813E-02	-9.5037178150668977E-02	1.8696254838305176E-01	-3.1354711144226437E-02	4.3775330280152258E-01	-1.5528313171591932E-03	3.6244259468344614E-02	1.6217398462826982E-01	2.6241820739692268E-01	-2.4424406412072667E-03	4.4786449218941982E-02	-1.1470483870942919E-01	0.0000000000000000E+00	

gamma1
0.0000000000000000E+00	0.0000000000000000E+00	2.6343657757512962E-01	-7.7971407644881996E-01	8.9377861047277929E-01	8.5656778438563475E-01	5.3161254436661309E-01	-4.8008365819308252E-01	4.0169461399301309E-01	6.9421261279834079E-01	-1.4096556150325895E-01	-1.0744666311881010E+00	1.2093310685811163E+00	3.6304968975515395E-01	

gamma2
0.0000000000000000E+00	1.0000000000000000E+00	6.7328562408978165E-01	1.0527518784550971E+00	1.1021337168292134E-01	-4.0103052796774348E-02	2.0688619311154255E-01	1.1381241230035546E+00	9.0507552373534916E-01	1.1949688913227473E-01	1.3348182764481153E-01	7.3120428906129886E-01	-1.3547253480537624E-01	2.2139458377358259E-01	

gamma3
0.0000000000000000E+00	0.0000000000000000E+00	0.0000000000000000E+00	0.0000000000000000E+00	3.8978073443810733E-02	2.0722884176294928E-01	3.3115215568789114E-01	-2.9057133698228566E-01	-5.8855194225053464E-01	1.6247716542501800E-01	8.1398847562545518E-01	-7.1618743762324755E-01	3.1161804972016982E-01	-2.1440537878261690E-01	

delta
1.0000000000000000E+00	9.3983587456860238E-02	5.9655158314813794E-01	-1.0804157716915361E+00	9.8069780076155899E-01	-9.2748003888389252E-01	8.9242899809015341E-01	-2.4443103033949259E-01	-1.1205519065146684E-01	1.2503200686953935E+00	1.3669176350078773E+00	2.8904746418091536E-02	0.0000000000000000E+00	

r
0.0000000000000000E+00	

errcoeff
2.1895619012729284E-04	

v
1.0000000000000000E+00	
1.0000000000000000E+00	
1.0000000000000000E+00	
1.0000000000000000E+00	
1.0000000000000000E+00	
1.0000000000000000E+00	
1.0000000000000000E+00	
1.0000000000000000E+00	
1.0000000000000000E+00	
1.0000000000000000E+00	
1.0000000000000000E+00	
1.0000000000000000E+00	
1.0000000000000000E+00	
1.0000000000000000E+00	

==============================================================

