#stage		 order
9	 		4


A
0.0000000000000000E+00	0.0000000000000000E+00	0.0000000000000000E+00	0.0000000000000000E+00	0.0000000000000000E+00	0.0000000000000000E+00	0.0000000000000000E+00	0.0000000000000000E+00	0.0000000000000000E+00	
2.8363432481011769E-01	0.0000000000000000E+00	0.0000000000000000E+00	0.0000000000000000E+00	0.0000000000000000E+00	0.0000000000000000E+00	0.0000000000000000E+00	0.0000000000000000E+00	0.0000000000000000E+00	
-4.2524238300824696E-01	9.7364980747486463E-01	0.0000000000000000E+00	0.0000000000000000E+00	0.0000000000000000E+00	0.0000000000000000E+00	0.0000000000000000E+00	0.0000000000000000E+00	0.0000000000000000E+00	
3.4947105874604306E-01	-3.1898400143831329E-01	3.3823592364196498E-01	0.0000000000000000E+00	0.0000000000000000E+00	0.0000000000000000E+00	0.0000000000000000E+00	0.0000000000000000E+00	0.0000000000000000E+00	
-1.1454552964297875E+00	1.9740626850104150E+00	-1.1507240294841514E+00	-3.5849518935750763E-01	0.0000000000000000E+00	0.0000000000000000E+00	0.0000000000000000E+00	0.0000000000000000E+00	0.0000000000000000E+00	
1.1056930162128092E-01	1.3816558051163680E-01	9.6175807920700629E-02	1.1055927254423753E-02	-4.1139587569859462E-03	0.0000000000000000E+00	0.0000000000000000E+00	0.0000000000000000E+00	0.0000000000000000E+00	
-5.5766603277030008E-03	2.6881741177917140E-01	-1.7353121836751056E-02	-2.0314663357645979E-02	1.2399985150644425E-02	1.4279689871485013E+00	0.0000000000000000E+00	0.0000000000000000E+00	0.0000000000000000E+00	
5.9922968552611089E-02	2.5503991381535784E-01	4.3955041904592013E-02	-6.9148254286281645E-03	5.7353664069623393E-03	5.9570464230420084E-01	1.8084680519536503E-02	0.0000000000000000E+00	0.0000000000000000E+00	
5.0481284406378557E-02	2.0675218410245191E-01	3.7396648987653207E-02	-5.2448301178765026E-03	4.4734606018998271E-03	4.6075791233309582E-01	-1.0036805473538362E-02	1.6057708856060501E-01	0.0000000000000000E+00	

b
4.5037310057197445E-02	
1.8592177335529186E-01	
3.3297279353410245E-02	
-4.7842460048175620E-03	
4.0558498963173973E-03	
4.1850278667417412E-01	
-4.3818943484842318E-03	
2.7128462384363214E-02	
2.9522267863254809E-01	

c
0.0000000000000000E+00	
2.8363432481011769E-01	
5.4840742446661772E-01	
3.6872298094969475E-01	
-6.8061183026103156E-01	
3.5185265855105619E-01	
1.6659419385562171E+00	
9.7152778807463247E-01	
9.0515694340066954E-01	

alpha
0.0000000000000000E+00	0.0000000000000000E+00	0.0000000000000000E+00	0.0000000000000000E+00	0.0000000000000000E+00	0.0000000000000000E+00	0.0000000000000000E+00	0.0000000000000000E+00	0.0000000000000000E+00	0.0000000000000000E+00	
0.0000000000000000E+00	0.0000000000000000E+00	0.0000000000000000E+00	0.0000000000000000E+00	0.0000000000000000E+00	0.0000000000000000E+00	0.0000000000000000E+00	0.0000000000000000E+00	0.0000000000000000E+00	0.0000000000000000E+00	
-0.0000000000000000E+00	0.0000000000000000E+00	0.0000000000000000E+00	0.0000000000000000E+00	0.0000000000000000E+00	0.0000000000000000E+00	0.0000000000000000E+00	0.0000000000000000E+00	0.0000000000000000E+00	0.0000000000000000E+00	
0.0000000000000000E+00	-0.0000000000000000E+00	0.0000000000000000E+00	0.0000000000000000E+00	0.0000000000000000E+00	0.0000000000000000E+00	0.0000000000000000E+00	0.0000000000000000E+00	0.0000000000000000E+00	0.0000000000000000E+00	
-0.0000000000000000E+00	0.0000000000000000E+00	-0.0000000000000000E+00	-0.0000000000000000E+00	0.0000000000000000E+00	0.0000000000000000E+00	0.0000000000000000E+00	0.0000000000000000E+00	0.0000000000000000E+00	0.0000000000000000E+00	
0.0000000000000000E+00	0.0000000000000000E+00	0.0000000000000000E+00	0.0000000000000000E+00	-0.0000000000000000E+00	0.0000000000000000E+00	0.0000000000000000E+00	0.0000000000000000E+00	0.0000000000000000E+00	0.0000000000000000E+00	
-0.0000000000000000E+00	0.0000000000000000E+00	-0.0000000000000000E+00	-0.0000000000000000E+00	0.0000000000000000E+00	0.0000000000000000E+00	0.0000000000000000E+00	0.0000000000000000E+00	0.0000000000000000E+00	0.0000000000000000E+00	
0.0000000000000000E+00	0.0000000000000000E+00	0.0000000000000000E+00	-0.0000000000000000E+00	0.0000000000000000E+00	0.0000000000000000E+00	0.0000000000000000E+00	0.0000000000000000E+00	0.0000000000000000E+00	0.0000000000000000E+00	
0.0000000000000000E+00	0.0000000000000000E+00	0.0000000000000000E+00	-0.0000000000000000E+00	0.0000000000000000E+00	0.0000000000000000E+00	-0.0000000000000000E+00	0.0000000000000000E+00	0.0000000000000000E+00	0.0000000000000000E+00	
0.0000000000000000E+00	0.0000000000000000E+00	0.0000000000000000E+00	-0.0000000000000000E+00	0.0000000000000000E+00	0.0000000000000000E+00	-0.0000000000000000E+00	0.0000000000000000E+00	0.0000000000000000E+00	0.0000000000000000E+00	

beta
0.0000000000000000E+00	0.0000000000000000E+00	0.0000000000000000E+00	0.0000000000000000E+00	0.0000000000000000E+00	0.0000000000000000E+00	0.0000000000000000E+00	0.0000000000000000E+00	0.0000000000000000E+00	0.0000000000000000E+00	
2.8363432481011769E-01	0.0000000000000000E+00	0.0000000000000000E+00	0.0000000000000000E+00	0.0000000000000000E+00	0.0000000000000000E+00	0.0000000000000000E+00	0.0000000000000000E+00	0.0000000000000000E+00	0.0000000000000000E+00	
-4.2524238300824696E-01	9.7364980747486463E-01	0.0000000000000000E+00	0.0000000000000000E+00	0.0000000000000000E+00	0.0000000000000000E+00	0.0000000000000000E+00	0.0000000000000000E+00	0.0000000000000000E+00	0.0000000000000000E+00	
3.4947105874604306E-01	-3.1898400143831329E-01	3.3823592364196498E-01	0.0000000000000000E+00	0.0000000000000000E+00	0.0000000000000000E+00	0.0000000000000000E+00	0.0000000000000000E+00	0.0000000000000000E+00	0.0000000000000000E+00	
-1.1454552964297875E+00	1.9740626850104150E+00	-1.1507240294841514E+00	-3.5849518935750763E-01	0.0000000000000000E+00	0.0000000000000000E+00	0.0000000000000000E+00	0.0000000000000000E+00	0.0000000000000000E+00	0.0000000000000000E+00	
1.1056930162128092E-01	1.3816558051163680E-01	9.6175807920700629E-02	1.1055927254423753E-02	-4.1139587569859462E-03	0.0000000000000000E+00	0.0000000000000000E+00	0.0000000000000000E+00	0.0000000000000000E+00	0.0000000000000000E+00	
-5.5766603277030008E-03	2.6881741177917140E-01	-1.7353121836751056E-02	-2.0314663357645979E-02	1.2399985150644425E-02	1.4279689871485013E+00	0.0000000000000000E+00	0.0000000000000000E+00	0.0000000000000000E+00	0.0000000000000000E+00	
5.9922968552611089E-02	2.5503991381535784E-01	4.3955041904592013E-02	-6.9148254286281645E-03	5.7353664069623393E-03	5.9570464230420084E-01	1.8084680519536503E-02	0.0000000000000000E+00	0.0000000000000000E+00	0.0000000000000000E+00	
5.0481284406378557E-02	2.0675218410245191E-01	3.7396648987653207E-02	-5.2448301178765026E-03	4.4734606018998271E-03	4.6075791233309582E-01	-1.0036805473538362E-02	1.6057708856060501E-01	0.0000000000000000E+00	0.0000000000000000E+00	
4.5037310057197445E-02	1.8592177335529186E-01	3.3297279353410245E-02	-4.7842460048175620E-03	4.0558498963173973E-03	4.1850278667417412E-01	-4.3818943484842318E-03	2.7128462384363214E-02	2.9522267863254809E-01	0.0000000000000000E+00	

gamma1
0.0000000000000000E+00	0.0000000000000000E+00	-4.6556413837561301E+00	-7.7202649689034453E-01	-4.0244202720632174E+00	-2.1296873883702272E-02	-2.4350219407769953E+00	1.9856336960249132E-02	-2.8107894116913812E-01	1.6894354373677900E-01	

gamma2
0.0000000000000000E+00	1.0000000000000000E+00	2.4992627683300688E+00	5.8668202764174726E-01	1.2051419816240785E+00	3.4747937498564541E-01	1.3213458736302766E+00	3.1196363453264964E-01	4.3514189245414447E-01	2.3596980658341213E-01	

gamma3
0.0000000000000000E+00	0.0000000000000000E+00	0.0000000000000000E+00	0.0000000000000000E+00	7.6209857891449362E-01	-1.9811817832965520E-01	-6.2289587091629484E-01	-3.7522475499063573E-01	-3.3554373281046146E-01	-4.5609629702116454E-02	

delta
1.0000000000000000E+00	1.2629238731608268E+00	7.5749675232391733E-01	5.1635907196195419E-01	-2.7463346616574083E-02	-4.3826743572318672E-01	1.2735870231839268E+00	-6.2947382217730230E-01	0.0000000000000000E+00	

r
0.0000000000000000E+00	

errcoeff
5.0640273588618075E-04	

v
1.0000000000000000E+00	
1.0000000000000000E+00	
1.0000000000000000E+00	
1.0000000000000000E+00	
1.0000000000000000E+00	
1.0000000000000000E+00	
1.0000000000000000E+00	
1.0000000000000000E+00	
1.0000000000000000E+00	
1.0000000000000000E+00	

==============================================================

