#stage		 order
11	 		4


A
0.0000000000000000E+00	0.0000000000000000E+00	0.0000000000000000E+00	0.0000000000000000E+00	0.0000000000000000E+00	0.0000000000000000E+00	0.0000000000000000E+00	0.0000000000000000E+00	0.0000000000000000E+00	0.0000000000000000E+00	0.0000000000000000E+00	
2.4852219242717277E-01	0.0000000000000000E+00	0.0000000000000000E+00	0.0000000000000000E+00	0.0000000000000000E+00	0.0000000000000000E+00	0.0000000000000000E+00	0.0000000000000000E+00	0.0000000000000000E+00	0.0000000000000000E+00	0.0000000000000000E+00	
5.8645538883633636E-02	2.5507404259586336E-01	0.0000000000000000E+00	0.0000000000000000E+00	0.0000000000000000E+00	0.0000000000000000E+00	0.0000000000000000E+00	0.0000000000000000E+00	0.0000000000000000E+00	0.0000000000000000E+00	0.0000000000000000E+00	
-2.8126346530651325E-01	3.6093036631406872E-01	5.6199086006564669E-01	0.0000000000000000E+00	0.0000000000000000E+00	0.0000000000000000E+00	0.0000000000000000E+00	0.0000000000000000E+00	0.0000000000000000E+00	0.0000000000000000E+00	0.0000000000000000E+00	
1.2898653545356673E-01	-1.5907576326081779E-02	1.4888562131924035E-01	1.7450515362848560E-02	0.0000000000000000E+00	0.0000000000000000E+00	0.0000000000000000E+00	0.0000000000000000E+00	0.0000000000000000E+00	0.0000000000000000E+00	0.0000000000000000E+00	
1.9182183832591659E-01	-3.3761400913518938E-02	1.9395319013880818E-01	1.6299167312085056E-02	1.4140088124701469E-01	0.0000000000000000E+00	0.0000000000000000E+00	0.0000000000000000E+00	0.0000000000000000E+00	0.0000000000000000E+00	0.0000000000000000E+00	
1.1569798378410384E-01	-1.1763554028907233E-02	1.4035545453800607E-01	1.8045779655229362E-02	1.0533833345540673E-01	3.0837636167814958E-01	0.0000000000000000E+00	0.0000000000000000E+00	0.0000000000000000E+00	0.0000000000000000E+00	0.0000000000000000E+00	
5.4254555010056327E-02	3.3387999882412527E-03	8.9883205271888519E-02	1.6921073983661605E-02	7.0043929351971859E-02	1.7915205817997770E-01	7.2411729417491177E-01	0.0000000000000000E+00	0.0000000000000000E+00	0.0000000000000000E+00	0.0000000000000000E+00	
-2.3222997618159574E-02	2.4798583203369626E-02	3.2806889522333876E-02	1.7811084999014470E-02	3.1173372350145695E-02	2.5632055524801745E-02	-3.3546271346928669E-01	1.2501669632328100E-01	0.0000000000000000E+00	0.0000000000000000E+00	0.0000000000000000E+00	
1.7133251717356598E-01	-2.7443380338330547E-02	1.8060624833120095E-01	1.7148639450523674E-02	1.3262035376087944E-01	4.1756109997944524E-01	2.3236696651190130E+00	-3.8693681072377129E-01	-1.0705709875495149E+00	0.0000000000000000E+00	0.0000000000000000E+00	
-3.5760987462719163E-02	1.0438670306585707E-02	-2.4894370082128702E-02	9.2048837502418067E-04	-1.6697204321358166E-02	-6.8778097389009668E-02	-4.8958491111426183E-01	9.6980159010936179E-02	2.4451065200883565E-01	2.2370052784170792E-02	0.0000000000000000E+00	

b
2.0678390653619205E-02	
4.1552657771512978E-02	
1.4372894098874492E-01	
4.4926696830314881E-02	
1.2061691957676882E-01	
2.2541655931348359E-01	
2.3680478242488689E-01	
1.0776027302039759E-01	
7.1353433723598148E-02	
-5.7681000596315479E-03	
-7.0705542436956953E-03	

c
0.0000000000000000E+00	
2.4852219242717277E-01	
3.1371958147949697E-01	
6.4165776107320216E-01	
2.7941509580957391E-01	
5.0971367611030560E-01	
6.7605035908198841E-01	
1.1377109159607091E+00	
-1.0144702916449985E-01	
1.7579873452030117E+00	
-2.6049554788392509E-01	

alpha
0.0000000000000000E+00	0.0000000000000000E+00	0.0000000000000000E+00	0.0000000000000000E+00	0.0000000000000000E+00	0.0000000000000000E+00	0.0000000000000000E+00	0.0000000000000000E+00	0.0000000000000000E+00	0.0000000000000000E+00	0.0000000000000000E+00	0.0000000000000000E+00	
0.0000000000000000E+00	0.0000000000000000E+00	0.0000000000000000E+00	0.0000000000000000E+00	0.0000000000000000E+00	0.0000000000000000E+00	0.0000000000000000E+00	0.0000000000000000E+00	0.0000000000000000E+00	0.0000000000000000E+00	0.0000000000000000E+00	0.0000000000000000E+00	
0.0000000000000000E+00	0.0000000000000000E+00	0.0000000000000000E+00	0.0000000000000000E+00	0.0000000000000000E+00	0.0000000000000000E+00	0.0000000000000000E+00	0.0000000000000000E+00	0.0000000000000000E+00	0.0000000000000000E+00	0.0000000000000000E+00	0.0000000000000000E+00	
-0.0000000000000000E+00	0.0000000000000000E+00	0.0000000000000000E+00	0.0000000000000000E+00	0.0000000000000000E+00	0.0000000000000000E+00	0.0000000000000000E+00	0.0000000000000000E+00	0.0000000000000000E+00	0.0000000000000000E+00	0.0000000000000000E+00	0.0000000000000000E+00	
0.0000000000000000E+00	-0.0000000000000000E+00	0.0000000000000000E+00	0.0000000000000000E+00	0.0000000000000000E+00	0.0000000000000000E+00	0.0000000000000000E+00	0.0000000000000000E+00	0.0000000000000000E+00	0.0000000000000000E+00	0.0000000000000000E+00	0.0000000000000000E+00	
0.0000000000000000E+00	-0.0000000000000000E+00	0.0000000000000000E+00	0.0000000000000000E+00	0.0000000000000000E+00	0.0000000000000000E+00	0.0000000000000000E+00	0.0000000000000000E+00	0.0000000000000000E+00	0.0000000000000000E+00	0.0000000000000000E+00	0.0000000000000000E+00	
0.0000000000000000E+00	-0.0000000000000000E+00	0.0000000000000000E+00	0.0000000000000000E+00	0.0000000000000000E+00	0.0000000000000000E+00	0.0000000000000000E+00	0.0000000000000000E+00	0.0000000000000000E+00	0.0000000000000000E+00	0.0000000000000000E+00	0.0000000000000000E+00	
0.0000000000000000E+00	0.0000000000000000E+00	0.0000000000000000E+00	0.0000000000000000E+00	0.0000000000000000E+00	0.0000000000000000E+00	0.0000000000000000E+00	0.0000000000000000E+00	0.0000000000000000E+00	0.0000000000000000E+00	0.0000000000000000E+00	0.0000000000000000E+00	
-0.0000000000000000E+00	0.0000000000000000E+00	0.0000000000000000E+00	0.0000000000000000E+00	0.0000000000000000E+00	0.0000000000000000E+00	-0.0000000000000000E+00	0.0000000000000000E+00	0.0000000000000000E+00	0.0000000000000000E+00	0.0000000000000000E+00	0.0000000000000000E+00	
0.0000000000000000E+00	-0.0000000000000000E+00	0.0000000000000000E+00	0.0000000000000000E+00	0.0000000000000000E+00	0.0000000000000000E+00	0.0000000000000000E+00	-0.0000000000000000E+00	-0.0000000000000000E+00	0.0000000000000000E+00	0.0000000000000000E+00	0.0000000000000000E+00	
-0.0000000000000000E+00	0.0000000000000000E+00	-0.0000000000000000E+00	0.0000000000000000E+00	-0.0000000000000000E+00	-0.0000000000000000E+00	-0.0000000000000000E+00	0.0000000000000000E+00	0.0000000000000000E+00	0.0000000000000000E+00	0.0000000000000000E+00	0.0000000000000000E+00	
0.0000000000000000E+00	0.0000000000000000E+00	0.0000000000000000E+00	0.0000000000000000E+00	0.0000000000000000E+00	0.0000000000000000E+00	0.0000000000000000E+00	0.0000000000000000E+00	0.0000000000000000E+00	-0.0000000000000000E+00	-0.0000000000000000E+00	0.0000000000000000E+00	

beta
0.0000000000000000E+00	0.0000000000000000E+00	0.0000000000000000E+00	0.0000000000000000E+00	0.0000000000000000E+00	0.0000000000000000E+00	0.0000000000000000E+00	0.0000000000000000E+00	0.0000000000000000E+00	0.0000000000000000E+00	0.0000000000000000E+00	0.0000000000000000E+00	
2.4852219242717277E-01	0.0000000000000000E+00	0.0000000000000000E+00	0.0000000000000000E+00	0.0000000000000000E+00	0.0000000000000000E+00	0.0000000000000000E+00	0.0000000000000000E+00	0.0000000000000000E+00	0.0000000000000000E+00	0.0000000000000000E+00	0.0000000000000000E+00	
5.8645538883633636E-02	2.5507404259586336E-01	0.0000000000000000E+00	0.0000000000000000E+00	0.0000000000000000E+00	0.0000000000000000E+00	0.0000000000000000E+00	0.0000000000000000E+00	0.0000000000000000E+00	0.0000000000000000E+00	0.0000000000000000E+00	0.0000000000000000E+00	
-2.8126346530651325E-01	3.6093036631406872E-01	5.6199086006564669E-01	0.0000000000000000E+00	0.0000000000000000E+00	0.0000000000000000E+00	0.0000000000000000E+00	0.0000000000000000E+00	0.0000000000000000E+00	0.0000000000000000E+00	0.0000000000000000E+00	0.0000000000000000E+00	
1.2898653545356673E-01	-1.5907576326081779E-02	1.4888562131924035E-01	1.7450515362848560E-02	0.0000000000000000E+00	0.0000000000000000E+00	0.0000000000000000E+00	0.0000000000000000E+00	0.0000000000000000E+00	0.0000000000000000E+00	0.0000000000000000E+00	0.0000000000000000E+00	
1.9182183832591659E-01	-3.3761400913518938E-02	1.9395319013880818E-01	1.6299167312085056E-02	1.4140088124701469E-01	0.0000000000000000E+00	0.0000000000000000E+00	0.0000000000000000E+00	0.0000000000000000E+00	0.0000000000000000E+00	0.0000000000000000E+00	0.0000000000000000E+00	
1.1569798378410384E-01	-1.1763554028907233E-02	1.4035545453800607E-01	1.8045779655229362E-02	1.0533833345540673E-01	3.0837636167814958E-01	0.0000000000000000E+00	0.0000000000000000E+00	0.0000000000000000E+00	0.0000000000000000E+00	0.0000000000000000E+00	0.0000000000000000E+00	
5.4254555010056327E-02	3.3387999882412527E-03	8.9883205271888519E-02	1.6921073983661605E-02	7.0043929351971859E-02	1.7915205817997770E-01	7.2411729417491177E-01	0.0000000000000000E+00	0.0000000000000000E+00	0.0000000000000000E+00	0.0000000000000000E+00	0.0000000000000000E+00	
-2.3222997618159574E-02	2.4798583203369626E-02	3.2806889522333876E-02	1.7811084999014470E-02	3.1173372350145695E-02	2.5632055524801745E-02	-3.3546271346928669E-01	1.2501669632328100E-01	0.0000000000000000E+00	0.0000000000000000E+00	0.0000000000000000E+00	0.0000000000000000E+00	
1.7133251717356598E-01	-2.7443380338330547E-02	1.8060624833120095E-01	1.7148639450523674E-02	1.3262035376087944E-01	4.1756109997944524E-01	2.3236696651190130E+00	-3.8693681072377129E-01	-1.0705709875495149E+00	0.0000000000000000E+00	0.0000000000000000E+00	0.0000000000000000E+00	
-3.5760987462719163E-02	1.0438670306585707E-02	-2.4894370082128702E-02	9.2048837502418067E-04	-1.6697204321358166E-02	-6.8778097389009668E-02	-4.8958491111426183E-01	9.6980159010936179E-02	2.4451065200883565E-01	2.2370052784170792E-02	0.0000000000000000E+00	0.0000000000000000E+00	
2.0678390653619205E-02	4.1552657771512978E-02	1.4372894098874492E-01	4.4926696830314881E-02	1.2061691957676882E-01	2.2541655931348359E-01	2.3680478242488689E-01	1.0776027302039759E-01	7.1353433723598148E-02	-5.7681000596315479E-03	-7.0705542436956953E-03	0.0000000000000000E+00	

gamma1
0.0000000000000000E+00	0.0000000000000000E+00	1.3017859544896253E+00	7.1996940928514919E-01	6.3783336505454952E-02	1.2747451571694670E+00	6.7677995389460111E-01	4.6341989334663281E-01	-1.5412337966400180E+00	-4.4730336772611778E+00	-2.1555896406770875E-01	-2.5784919308340193E-01	

gamma2
0.0000000000000000E+00	1.0000000000000000E+00	7.6402292965921270E-01	1.0506496290238359E+00	-6.6094751980198185E-01	-3.2094744917710843E-01	3.1866527223082369E-01	2.9243100673593364E-01	8.7644663839304449E-01	1.4432655140645099E+00	7.2106661677877035E-02	7.0535116808334597E-01	

gamma3
0.0000000000000000E+00	0.0000000000000000E+00	0.0000000000000000E+00	0.0000000000000000E+00	9.1123759407788285E-01	5.3848373839556568E-02	-7.1219339424588718E-02	5.7080389327729283E-02	2.6159897439422142E-02	-4.6550903388092202E-02	9.5263003416112102E-01	-1.3141354684865814E+00	

delta
1.0000000000000000E+00	-1.3949959389625060E+00	6.6152683849276006E-01	-3.0432371767131600E-01	1.0616162878446516E+00	2.1396244518040591E-01	4.0191612176982638E-01	1.2299237785720276E+00	9.5474643427457062E-01	-1.7798336131178996E-01	0.0000000000000000E+00	

r
0.0000000000000000E+00	

errcoeff
3.1688964332317961E-04	

v
1.0000000000000000E+00	
1.0000000000000000E+00	
1.0000000000000000E+00	
1.0000000000000000E+00	
1.0000000000000000E+00	
1.0000000000000000E+00	
1.0000000000000000E+00	
1.0000000000000000E+00	
1.0000000000000000E+00	
1.0000000000000000E+00	
1.0000000000000000E+00	
1.0000000000000000E+00	

==============================================================

