#stage		 order
7	 		3


A
0.0000000000000000E+00	0.0000000000000000E+00	0.0000000000000000E+00	0.0000000000000000E+00	0.0000000000000000E+00	0.0000000000000000E+00	0.0000000000000000E+00	
2.2590569159275906E-01	0.0000000000000000E+00	0.0000000000000000E+00	0.0000000000000000E+00	0.0000000000000000E+00	0.0000000000000000E+00	0.0000000000000000E+00	
1.3172839760662342E-01	5.3358438491375149E-01	0.0000000000000000E+00	0.0000000000000000E+00	0.0000000000000000E+00	0.0000000000000000E+00	0.0000000000000000E+00	
1.3230290277494444E-01	5.3721916342000031E-01	5.4273656453491748E-01	0.0000000000000000E+00	0.0000000000000000E+00	0.0000000000000000E+00	0.0000000000000000E+00	
-2.2149484172141243E-02	-2.4187902974898634E-01	-3.2689934960693989E-01	-9.1072885946572993E-02	0.0000000000000000E+00	0.0000000000000000E+00	0.0000000000000000E+00	
9.9146653172831140E-02	3.5653899224598845E-01	3.3518663122489140E-01	5.6191034872019749E-02	-1.0125488919839486E-01	0.0000000000000000E+00	0.0000000000000000E+00	
6.7002173463644357E-02	2.0208689083441062E-01	1.6614988854857698E-01	1.9165589967247234E-02	1.0127103522954678E-02	2.1694179199239660E-01	0.0000000000000000E+00	

b
9.8779984633311890E-02	
3.0609901983336801E-01	
2.5763771908415040E-01	
3.2208014773592808E-02	
-1.5784827744014518E-03	
1.5865667809634981E-01	
1.4819706635362700E-01	

c
0.0000000000000000E+00	
2.2590569159275906E-01	
6.6531278252037485E-01	
1.2122586307298624E+00	
-6.8200074947464051E-01	
7.4580842231733591E-01	
6.8147343832923046E-01	

alpha
0.0000000000000000E+00	0.0000000000000000E+00	0.0000000000000000E+00	0.0000000000000000E+00	0.0000000000000000E+00	0.0000000000000000E+00	0.0000000000000000E+00	0.0000000000000000E+00	
0.0000000000000000E+00	0.0000000000000000E+00	0.0000000000000000E+00	0.0000000000000000E+00	0.0000000000000000E+00	0.0000000000000000E+00	0.0000000000000000E+00	0.0000000000000000E+00	
0.0000000000000000E+00	0.0000000000000000E+00	0.0000000000000000E+00	0.0000000000000000E+00	0.0000000000000000E+00	0.0000000000000000E+00	0.0000000000000000E+00	0.0000000000000000E+00	
0.0000000000000000E+00	0.0000000000000000E+00	0.0000000000000000E+00	0.0000000000000000E+00	0.0000000000000000E+00	0.0000000000000000E+00	0.0000000000000000E+00	0.0000000000000000E+00	
-0.0000000000000000E+00	-0.0000000000000000E+00	-0.0000000000000000E+00	-0.0000000000000000E+00	0.0000000000000000E+00	0.0000000000000000E+00	0.0000000000000000E+00	0.0000000000000000E+00	
0.0000000000000000E+00	0.0000000000000000E+00	0.0000000000000000E+00	0.0000000000000000E+00	-0.0000000000000000E+00	0.0000000000000000E+00	0.0000000000000000E+00	0.0000000000000000E+00	
0.0000000000000000E+00	0.0000000000000000E+00	0.0000000000000000E+00	0.0000000000000000E+00	0.0000000000000000E+00	0.0000000000000000E+00	0.0000000000000000E+00	0.0000000000000000E+00	
0.0000000000000000E+00	0.0000000000000000E+00	0.0000000000000000E+00	0.0000000000000000E+00	-0.0000000000000000E+00	0.0000000000000000E+00	0.0000000000000000E+00	0.0000000000000000E+00	

beta
0.0000000000000000E+00	0.0000000000000000E+00	0.0000000000000000E+00	0.0000000000000000E+00	0.0000000000000000E+00	0.0000000000000000E+00	0.0000000000000000E+00	0.0000000000000000E+00	
2.2590569159275906E-01	0.0000000000000000E+00	0.0000000000000000E+00	0.0000000000000000E+00	0.0000000000000000E+00	0.0000000000000000E+00	0.0000000000000000E+00	0.0000000000000000E+00	
1.3172839760662342E-01	5.3358438491375149E-01	0.0000000000000000E+00	0.0000000000000000E+00	0.0000000000000000E+00	0.0000000000000000E+00	0.0000000000000000E+00	0.0000000000000000E+00	
1.3230290277494444E-01	5.3721916342000031E-01	5.4273656453491748E-01	0.0000000000000000E+00	0.0000000000000000E+00	0.0000000000000000E+00	0.0000000000000000E+00	0.0000000000000000E+00	
-2.2149484172141243E-02	-2.4187902974898634E-01	-3.2689934960693989E-01	-9.1072885946572993E-02	0.0000000000000000E+00	0.0000000000000000E+00	0.0000000000000000E+00	0.0000000000000000E+00	
9.9146653172831140E-02	3.5653899224598845E-01	3.3518663122489140E-01	5.6191034872019749E-02	-1.0125488919839486E-01	0.0000000000000000E+00	0.0000000000000000E+00	0.0000000000000000E+00	
6.7002173463644357E-02	2.0208689083441062E-01	1.6614988854857698E-01	1.9165589967247234E-02	1.0127103522954678E-02	2.1694179199239660E-01	0.0000000000000000E+00	0.0000000000000000E+00	
9.8779984633311890E-02	3.0609901983336801E-01	2.5763771908415040E-01	3.2208014773592808E-02	-1.5784827744014518E-03	1.5865667809634981E-01	1.4819706635362700E-01	0.0000000000000000E+00	

gamma1
0.0000000000000000E+00	0.0000000000000000E+00	4.7243890475486627E-01	1.0081346834564640E+00	-8.6965086587624130E-01	-2.8882608462879378E-01	-2.6656204058183708E-01	7.3133293792424459E-01	

gamma2
0.0000000000000000E+00	1.0000000000000000E+00	4.1688765485337737E-01	-5.3829595094834377E-03	6.2311719126708498E-01	5.7330421540413579E-01	4.7544997331948413E-01	2.5331516928991998E-01	

gamma3
0.0000000000000000E+00	0.0000000000000000E+00	0.0000000000000000E+00	0.0000000000000000E+00	6.6066730215803149E-01	5.0465422369727009E-01	4.4969020203775256E-01	-1.6655439061305685E-01	

delta
1.0000000000000000E+00	2.6547545628493385E-01	2.4571619249725904E-01	4.2902695000142910E-01	-5.7240751374085419E-01	3.5029152171703531E-01	0.0000000000000000E+00	

r
0.0000000000000000E+00	

errcoeff
4.6378267742642242E-03	

v
1.0000000000000000E+00	
1.0000000000000000E+00	
1.0000000000000000E+00	
1.0000000000000000E+00	
1.0000000000000000E+00	
1.0000000000000000E+00	
1.0000000000000000E+00	
1.0000000000000000E+00	

==============================================================

