#stage		 order
11	 		3


A
0.0000000000000000E+00	0.0000000000000000E+00	0.0000000000000000E+00	0.0000000000000000E+00	0.0000000000000000E+00	0.0000000000000000E+00	0.0000000000000000E+00	0.0000000000000000E+00	0.0000000000000000E+00	0.0000000000000000E+00	0.0000000000000000E+00	
2.2877768096464188E-01	0.0000000000000000E+00	0.0000000000000000E+00	0.0000000000000000E+00	0.0000000000000000E+00	0.0000000000000000E+00	0.0000000000000000E+00	0.0000000000000000E+00	0.0000000000000000E+00	0.0000000000000000E+00	0.0000000000000000E+00	
2.1685387341167975E-01	7.2637574165247160E-02	0.0000000000000000E+00	0.0000000000000000E+00	0.0000000000000000E+00	0.0000000000000000E+00	0.0000000000000000E+00	0.0000000000000000E+00	0.0000000000000000E+00	0.0000000000000000E+00	0.0000000000000000E+00	
1.3100247049855041E-01	3.0934292189974566E-02	4.8447996464517890E-01	0.0000000000000000E+00	0.0000000000000000E+00	0.0000000000000000E+00	0.0000000000000000E+00	0.0000000000000000E+00	0.0000000000000000E+00	0.0000000000000000E+00	0.0000000000000000E+00	
1.0364789413804662E-01	2.1182707644737779E-02	2.1643732986430686E-01	5.2146560005872933E-01	0.0000000000000000E+00	0.0000000000000000E+00	0.0000000000000000E+00	0.0000000000000000E+00	0.0000000000000000E+00	0.0000000000000000E+00	0.0000000000000000E+00	
9.2946567109317951E-02	1.9414893333112540E-02	2.1534144171665537E-01	5.5106125919598414E-01	4.2050651376397369E-01	0.0000000000000000E+00	0.0000000000000000E+00	0.0000000000000000E+00	0.0000000000000000E+00	0.0000000000000000E+00	0.0000000000000000E+00	
8.7484611032042747E-02	1.5737929933721681E-02	7.4136884232602673E-02	1.3957236133504747E-02	-8.4531615832342144E-02	-2.3495499716864071E-01	0.0000000000000000E+00	0.0000000000000000E+00	0.0000000000000000E+00	0.0000000000000000E+00	0.0000000000000000E+00	
1.2053447975326950E-01	2.2807255160995400E-02	1.5911167440921919E-01	2.4289885689462842E-01	9.6392719600341362E-02	2.0893852826763870E-02	-1.4056933193236996E-03	0.0000000000000000E+00	0.0000000000000000E+00	0.0000000000000000E+00	0.0000000000000000E+00	
8.6009310283018628E-02	1.6283290785175066E-02	1.1398316695476433E-01	1.7507737355486505E-01	7.0450845620913374E-02	1.7610017511100855E-02	1.3285594609429819E-03	7.4387121978797766E-02	0.0000000000000000E+00	0.0000000000000000E+00	0.0000000000000000E+00	
8.1430082865765391E-02	1.5407072458035310E-02	1.0744426105301519E-01	1.6390946695402550E-01	6.4942615860862585E-02	1.3827356405988780E-02	-1.1982837061029106E-03	-6.1096972390136069E-02	6.1433644178474613E-02	0.0000000000000000E+00	0.0000000000000000E+00	
5.0218153339611479E-02	9.4988935661999944E-03	6.6124820570793330E-02	1.0054807933538205E-01	3.9540826871026051E-02	7.7025707671879023E-03	-1.4510172383810469E-03	-7.5807713561247159E-02	7.7510122936745168E-02	2.5464176998563981E-01	0.0000000000000000E+00	

b
1.4006489409069911E-01	
2.6509390248921075E-02	
1.8522915663096987E-01	
2.8357673346506179E-01	
1.1326812442082633E-01	
2.6313906222956540E-02	
1.2295980284652858E-04	
1.1866124227334657E-02	
-1.5872114940485516E-02	
-6.1690629223316473E-02	
2.9061145505418684E-01	

c
0.0000000000000000E+00	
2.2877768096464188E-01	
2.8949144757692691E-01	
6.4641672733370381E-01	
8.6273353170582057E-01	
1.2992706751190437E+00	
-1.2816995166911099E-01	
6.6123314532589406E-01	
5.5512968614957803E-01	
4.4609924367992837E-01	
5.2852650657295763E-01	

alpha
0.0000000000000000E+00	0.0000000000000000E+00	0.0000000000000000E+00	0.0000000000000000E+00	0.0000000000000000E+00	0.0000000000000000E+00	0.0000000000000000E+00	0.0000000000000000E+00	0.0000000000000000E+00	0.0000000000000000E+00	0.0000000000000000E+00	0.0000000000000000E+00	
0.0000000000000000E+00	0.0000000000000000E+00	0.0000000000000000E+00	0.0000000000000000E+00	0.0000000000000000E+00	0.0000000000000000E+00	0.0000000000000000E+00	0.0000000000000000E+00	0.0000000000000000E+00	0.0000000000000000E+00	0.0000000000000000E+00	0.0000000000000000E+00	
0.0000000000000000E+00	0.0000000000000000E+00	0.0000000000000000E+00	0.0000000000000000E+00	0.0000000000000000E+00	0.0000000000000000E+00	0.0000000000000000E+00	0.0000000000000000E+00	0.0000000000000000E+00	0.0000000000000000E+00	0.0000000000000000E+00	0.0000000000000000E+00	
0.0000000000000000E+00	0.0000000000000000E+00	0.0000000000000000E+00	0.0000000000000000E+00	0.0000000000000000E+00	0.0000000000000000E+00	0.0000000000000000E+00	0.0000000000000000E+00	0.0000000000000000E+00	0.0000000000000000E+00	0.0000000000000000E+00	0.0000000000000000E+00	
0.0000000000000000E+00	0.0000000000000000E+00	0.0000000000000000E+00	0.0000000000000000E+00	0.0000000000000000E+00	0.0000000000000000E+00	0.0000000000000000E+00	0.0000000000000000E+00	0.0000000000000000E+00	0.0000000000000000E+00	0.0000000000000000E+00	0.0000000000000000E+00	
0.0000000000000000E+00	0.0000000000000000E+00	0.0000000000000000E+00	0.0000000000000000E+00	0.0000000000000000E+00	0.0000000000000000E+00	0.0000000000000000E+00	0.0000000000000000E+00	0.0000000000000000E+00	0.0000000000000000E+00	0.0000000000000000E+00	0.0000000000000000E+00	
0.0000000000000000E+00	0.0000000000000000E+00	0.0000000000000000E+00	0.0000000000000000E+00	-0.0000000000000000E+00	-0.0000000000000000E+00	0.0000000000000000E+00	0.0000000000000000E+00	0.0000000000000000E+00	0.0000000000000000E+00	0.0000000000000000E+00	0.0000000000000000E+00	
0.0000000000000000E+00	0.0000000000000000E+00	0.0000000000000000E+00	0.0000000000000000E+00	0.0000000000000000E+00	0.0000000000000000E+00	-0.0000000000000000E+00	0.0000000000000000E+00	0.0000000000000000E+00	0.0000000000000000E+00	0.0000000000000000E+00	0.0000000000000000E+00	
0.0000000000000000E+00	0.0000000000000000E+00	0.0000000000000000E+00	0.0000000000000000E+00	0.0000000000000000E+00	0.0000000000000000E+00	0.0000000000000000E+00	0.0000000000000000E+00	0.0000000000000000E+00	0.0000000000000000E+00	0.0000000000000000E+00	0.0000000000000000E+00	
0.0000000000000000E+00	0.0000000000000000E+00	0.0000000000000000E+00	0.0000000000000000E+00	0.0000000000000000E+00	0.0000000000000000E+00	-0.0000000000000000E+00	-0.0000000000000000E+00	0.0000000000000000E+00	0.0000000000000000E+00	0.0000000000000000E+00	0.0000000000000000E+00	
0.0000000000000000E+00	0.0000000000000000E+00	0.0000000000000000E+00	0.0000000000000000E+00	0.0000000000000000E+00	0.0000000000000000E+00	-0.0000000000000000E+00	-0.0000000000000000E+00	0.0000000000000000E+00	0.0000000000000000E+00	0.0000000000000000E+00	0.0000000000000000E+00	
0.0000000000000000E+00	0.0000000000000000E+00	0.0000000000000000E+00	0.0000000000000000E+00	0.0000000000000000E+00	0.0000000000000000E+00	0.0000000000000000E+00	0.0000000000000000E+00	-0.0000000000000000E+00	-0.0000000000000000E+00	0.0000000000000000E+00	0.0000000000000000E+00	

beta
0.0000000000000000E+00	0.0000000000000000E+00	0.0000000000000000E+00	0.0000000000000000E+00	0.0000000000000000E+00	0.0000000000000000E+00	0.0000000000000000E+00	0.0000000000000000E+00	0.0000000000000000E+00	0.0000000000000000E+00	0.0000000000000000E+00	0.0000000000000000E+00	
2.2877768096464188E-01	0.0000000000000000E+00	0.0000000000000000E+00	0.0000000000000000E+00	0.0000000000000000E+00	0.0000000000000000E+00	0.0000000000000000E+00	0.0000000000000000E+00	0.0000000000000000E+00	0.0000000000000000E+00	0.0000000000000000E+00	0.0000000000000000E+00	
2.1685387341167975E-01	7.2637574165247160E-02	0.0000000000000000E+00	0.0000000000000000E+00	0.0000000000000000E+00	0.0000000000000000E+00	0.0000000000000000E+00	0.0000000000000000E+00	0.0000000000000000E+00	0.0000000000000000E+00	0.0000000000000000E+00	0.0000000000000000E+00	
1.3100247049855041E-01	3.0934292189974566E-02	4.8447996464517890E-01	0.0000000000000000E+00	0.0000000000000000E+00	0.0000000000000000E+00	0.0000000000000000E+00	0.0000000000000000E+00	0.0000000000000000E+00	0.0000000000000000E+00	0.0000000000000000E+00	0.0000000000000000E+00	
1.0364789413804662E-01	2.1182707644737779E-02	2.1643732986430686E-01	5.2146560005872933E-01	0.0000000000000000E+00	0.0000000000000000E+00	0.0000000000000000E+00	0.0000000000000000E+00	0.0000000000000000E+00	0.0000000000000000E+00	0.0000000000000000E+00	0.0000000000000000E+00	
9.2946567109317951E-02	1.9414893333112540E-02	2.1534144171665537E-01	5.5106125919598414E-01	4.2050651376397369E-01	0.0000000000000000E+00	0.0000000000000000E+00	0.0000000000000000E+00	0.0000000000000000E+00	0.0000000000000000E+00	0.0000000000000000E+00	0.0000000000000000E+00	
8.7484611032042747E-02	1.5737929933721681E-02	7.4136884232602673E-02	1.3957236133504747E-02	-8.4531615832342144E-02	-2.3495499716864071E-01	0.0000000000000000E+00	0.0000000000000000E+00	0.0000000000000000E+00	0.0000000000000000E+00	0.0000000000000000E+00	0.0000000000000000E+00	
1.2053447975326950E-01	2.2807255160995400E-02	1.5911167440921919E-01	2.4289885689462842E-01	9.6392719600341362E-02	2.0893852826763870E-02	-1.4056933193236996E-03	0.0000000000000000E+00	0.0000000000000000E+00	0.0000000000000000E+00	0.0000000000000000E+00	0.0000000000000000E+00	
8.6009310283018628E-02	1.6283290785175066E-02	1.1398316695476433E-01	1.7507737355486505E-01	7.0450845620913374E-02	1.7610017511100855E-02	1.3285594609429819E-03	7.4387121978797766E-02	0.0000000000000000E+00	0.0000000000000000E+00	0.0000000000000000E+00	0.0000000000000000E+00	
8.1430082865765391E-02	1.5407072458035310E-02	1.0744426105301519E-01	1.6390946695402550E-01	6.4942615860862585E-02	1.3827356405988780E-02	-1.1982837061029106E-03	-6.1096972390136069E-02	6.1433644178474613E-02	0.0000000000000000E+00	0.0000000000000000E+00	0.0000000000000000E+00	
5.0218153339611479E-02	9.4988935661999944E-03	6.6124820570793330E-02	1.0054807933538205E-01	3.9540826871026051E-02	7.7025707671879023E-03	-1.4510172383810469E-03	-7.5807713561247159E-02	7.7510122936745168E-02	2.5464176998563981E-01	0.0000000000000000E+00	0.0000000000000000E+00	
1.4006489409069911E-01	2.6509390248921075E-02	1.8522915663096987E-01	2.8357673346506179E-01	1.1326812442082633E-01	2.6313906222956540E-02	1.2295980284652858E-04	1.1866124227334657E-02	-1.5872114940485516E-02	-6.1690629223316473E-02	2.9061145505418684E-01	0.0000000000000000E+00	

gamma1
0.0000000000000000E+00	0.0000000000000000E+00	9.2614885101336231E-01	2.5657178547314752E-01	3.5063111151061621E-01	1.1055011208553132E+00	-4.0751348345652250E-01	6.4795179144001569E-03	-1.0517188738450767E+00	-7.7296773858409051E-01	1.2784311944372972E+00	-2.4226437487767805E-01	

gamma2
0.0000000000000000E+00	1.0000000000000000E+00	5.2119627678212974E-02	4.0518461880549966E-01	2.4260171734823271E-01	-6.9710006485909540E-02	3.4206614470873947E-01	3.5012281632810904E-01	5.8349054315928073E-01	4.1702228187185592E-01	-1.4807760897394401E-01	4.1833835849669071E-01	

gamma3
0.0000000000000000E+00	0.0000000000000000E+00	0.0000000000000000E+00	0.0000000000000000E+00	1.0813552876168628E-01	9.8765075123748519E-02	1.9869160872214453E-01	-1.4836617124667364E-01	4.2137976093918693E-02	3.8508508622278054E-01	2.3112531308763512E-01	-1.9729852998254349E-01	

delta
1.0000000000000000E+00	4.1695465367855872E-01	4.1783418089889474E-01	3.9616552816848799E-01	6.9927339473318151E-01	6.0365565493416529E-01	-2.7249455090538111E-01	1.8267877816690498E-01	-1.1598971028545725E-01	1.1306696115648728E-01	0.0000000000000000E+00	

r
0.0000000000000000E+00	

errcoeff
1.7962972419203671E-03	

v
1.0000000000000000E+00	
1.0000000000000000E+00	
1.0000000000000000E+00	
1.0000000000000000E+00	
1.0000000000000000E+00	
1.0000000000000000E+00	
1.0000000000000000E+00	
1.0000000000000000E+00	
1.0000000000000000E+00	
1.0000000000000000E+00	
1.0000000000000000E+00	
1.0000000000000000E+00	

==============================================================

