#stage		 order
9	 		3


A
0.0000000000000000E+00	0.0000000000000000E+00	0.0000000000000000E+00	0.0000000000000000E+00	0.0000000000000000E+00	0.0000000000000000E+00	0.0000000000000000E+00	0.0000000000000000E+00	0.0000000000000000E+00	
3.0402574029586005E-01	0.0000000000000000E+00	0.0000000000000000E+00	0.0000000000000000E+00	0.0000000000000000E+00	0.0000000000000000E+00	0.0000000000000000E+00	0.0000000000000000E+00	0.0000000000000000E+00	
1.9589864042543609E-01	1.4244771960238178E-01	0.0000000000000000E+00	0.0000000000000000E+00	0.0000000000000000E+00	0.0000000000000000E+00	0.0000000000000000E+00	0.0000000000000000E+00	0.0000000000000000E+00	
1.5519923107712313E-01	1.0251097853138745E-01	4.7954210501824390E-01	0.0000000000000000E+00	0.0000000000000000E+00	0.0000000000000000E+00	0.0000000000000000E+00	0.0000000000000000E+00	0.0000000000000000E+00	
1.7812249539914304E-01	1.2280711488170526E-01	5.8486809297054343E-01	6.5953524524577489E-01	0.0000000000000000E+00	0.0000000000000000E+00	0.0000000000000000E+00	0.0000000000000000E+00	0.0000000000000000E+00	
1.3735670038906067E-01	6.5960722121091719E-02	2.5868831711002427E-01	1.1791929094973286E-01	1.5217374138808311E-02	0.0000000000000000E+00	0.0000000000000000E+00	0.0000000000000000E+00	0.0000000000000000E+00	
5.8946423872837231E-02	3.6636035657923990E-02	1.6675241867097115E-01	1.6382379233362201E-01	-1.2259820720776181E-02	2.3144422851969651E-01	0.0000000000000000E+00	0.0000000000000000E+00	0.0000000000000000E+00	
1.0001388965587713E-01	5.2394459222384886E-02	2.1757791030785401E-01	1.4521293418722758E-01	1.2299236459097970E-03	-1.9692520016954082E-02	6.8293571109501372E-01	0.0000000000000000E+00	0.0000000000000000E+00	
1.1753628783263978E-01	6.2050116393326402E-02	2.5888389997775574E-01	1.7712680963782493E-01	3.7117970612023750E-04	-3.0350513947554544E-03	2.4607183965277590E-01	4.6145875353449196E-02	0.0000000000000000E+00	

b
1.3009087163417077E-01	
6.8710251466330058E-02	
2.8675248024725974E-01	
1.9648532647520658E-01	
3.3800193968309619E-04	
-1.9960824115868511E-03	
2.3462806367944061E-01	
3.4786592730201307E-02	
5.0204494239294746E-02	

c
0.0000000000000000E+00	
3.0402574029586005E-01	
3.3834636002781787E-01	
7.3725231462675445E-01	
1.5453329484971667E+00	
5.9514240470871782E-01	
6.4534307833427473E-01	
1.1796723080973130E+00	
9.0515095715913663E-01	

alpha
0.0000000000000000E+00	0.0000000000000000E+00	0.0000000000000000E+00	0.0000000000000000E+00	0.0000000000000000E+00	0.0000000000000000E+00	0.0000000000000000E+00	0.0000000000000000E+00	0.0000000000000000E+00	0.0000000000000000E+00	
0.0000000000000000E+00	0.0000000000000000E+00	0.0000000000000000E+00	0.0000000000000000E+00	0.0000000000000000E+00	0.0000000000000000E+00	0.0000000000000000E+00	0.0000000000000000E+00	0.0000000000000000E+00	0.0000000000000000E+00	
0.0000000000000000E+00	0.0000000000000000E+00	0.0000000000000000E+00	0.0000000000000000E+00	0.0000000000000000E+00	0.0000000000000000E+00	0.0000000000000000E+00	0.0000000000000000E+00	0.0000000000000000E+00	0.0000000000000000E+00	
0.0000000000000000E+00	0.0000000000000000E+00	0.0000000000000000E+00	0.0000000000000000E+00	0.0000000000000000E+00	0.0000000000000000E+00	0.0000000000000000E+00	0.0000000000000000E+00	0.0000000000000000E+00	0.0000000000000000E+00	
0.0000000000000000E+00	0.0000000000000000E+00	0.0000000000000000E+00	0.0000000000000000E+00	0.0000000000000000E+00	0.0000000000000000E+00	0.0000000000000000E+00	0.0000000000000000E+00	0.0000000000000000E+00	0.0000000000000000E+00	
0.0000000000000000E+00	0.0000000000000000E+00	0.0000000000000000E+00	0.0000000000000000E+00	0.0000000000000000E+00	0.0000000000000000E+00	0.0000000000000000E+00	0.0000000000000000E+00	0.0000000000000000E+00	0.0000000000000000E+00	
0.0000000000000000E+00	0.0000000000000000E+00	0.0000000000000000E+00	0.0000000000000000E+00	-0.0000000000000000E+00	0.0000000000000000E+00	0.0000000000000000E+00	0.0000000000000000E+00	0.0000000000000000E+00	0.0000000000000000E+00	
0.0000000000000000E+00	0.0000000000000000E+00	0.0000000000000000E+00	0.0000000000000000E+00	0.0000000000000000E+00	-0.0000000000000000E+00	0.0000000000000000E+00	0.0000000000000000E+00	0.0000000000000000E+00	0.0000000000000000E+00	
0.0000000000000000E+00	0.0000000000000000E+00	0.0000000000000000E+00	0.0000000000000000E+00	0.0000000000000000E+00	-0.0000000000000000E+00	0.0000000000000000E+00	0.0000000000000000E+00	0.0000000000000000E+00	0.0000000000000000E+00	
0.0000000000000000E+00	0.0000000000000000E+00	0.0000000000000000E+00	0.0000000000000000E+00	0.0000000000000000E+00	-0.0000000000000000E+00	0.0000000000000000E+00	0.0000000000000000E+00	0.0000000000000000E+00	0.0000000000000000E+00	

beta
0.0000000000000000E+00	0.0000000000000000E+00	0.0000000000000000E+00	0.0000000000000000E+00	0.0000000000000000E+00	0.0000000000000000E+00	0.0000000000000000E+00	0.0000000000000000E+00	0.0000000000000000E+00	0.0000000000000000E+00	
3.0402574029586005E-01	0.0000000000000000E+00	0.0000000000000000E+00	0.0000000000000000E+00	0.0000000000000000E+00	0.0000000000000000E+00	0.0000000000000000E+00	0.0000000000000000E+00	0.0000000000000000E+00	0.0000000000000000E+00	
1.9589864042543609E-01	1.4244771960238178E-01	0.0000000000000000E+00	0.0000000000000000E+00	0.0000000000000000E+00	0.0000000000000000E+00	0.0000000000000000E+00	0.0000000000000000E+00	0.0000000000000000E+00	0.0000000000000000E+00	
1.5519923107712313E-01	1.0251097853138745E-01	4.7954210501824390E-01	0.0000000000000000E+00	0.0000000000000000E+00	0.0000000000000000E+00	0.0000000000000000E+00	0.0000000000000000E+00	0.0000000000000000E+00	0.0000000000000000E+00	
1.7812249539914304E-01	1.2280711488170526E-01	5.8486809297054343E-01	6.5953524524577489E-01	0.0000000000000000E+00	0.0000000000000000E+00	0.0000000000000000E+00	0.0000000000000000E+00	0.0000000000000000E+00	0.0000000000000000E+00	
1.3735670038906067E-01	6.5960722121091719E-02	2.5868831711002427E-01	1.1791929094973286E-01	1.5217374138808311E-02	0.0000000000000000E+00	0.0000000000000000E+00	0.0000000000000000E+00	0.0000000000000000E+00	0.0000000000000000E+00	
5.8946423872837231E-02	3.6636035657923990E-02	1.6675241867097115E-01	1.6382379233362201E-01	-1.2259820720776181E-02	2.3144422851969651E-01	0.0000000000000000E+00	0.0000000000000000E+00	0.0000000000000000E+00	0.0000000000000000E+00	
1.0001388965587713E-01	5.2394459222384886E-02	2.1757791030785401E-01	1.4521293418722758E-01	1.2299236459097970E-03	-1.9692520016954082E-02	6.8293571109501372E-01	0.0000000000000000E+00	0.0000000000000000E+00	0.0000000000000000E+00	
1.1753628783263978E-01	6.2050116393326402E-02	2.5888389997775574E-01	1.7712680963782493E-01	3.7117970612023750E-04	-3.0350513947554544E-03	2.4607183965277590E-01	4.6145875353449196E-02	0.0000000000000000E+00	0.0000000000000000E+00	
1.3009087163417077E-01	6.8710251466330058E-02	2.8675248024725974E-01	1.9648532647520658E-01	3.3800193968309619E-04	-1.9960824115868511E-03	2.3462806367944061E-01	3.4786592730201307E-02	5.0204494239294746E-02	0.0000000000000000E+00	

gamma1
0.0000000000000000E+00	0.0000000000000000E+00	5.7311812643530957E-01	6.9232565548227765E-01	1.2841375974481775E+00	-2.3648880080502033E-01	-8.2579191193075729E-01	-1.0798501518283676E-01	1.8934536573347849E-01	7.5383969777921156E-01	

gamma2
0.0000000000000000E+00	1.0000000000000000E+00	3.5565113587159097E-01	2.3357889925166145E-01	-1.3323005878293387E-01	6.6386349561313307E-01	6.2734397083369353E-01	3.8224650527827586E-01	2.9284868944502990E-01	1.2322134802800502E-01	

gamma3
0.0000000000000000E+00	0.0000000000000000E+00	0.0000000000000000E+00	0.0000000000000000E+00	-4.4145625849036078E-02	-3.7463206075974909E-01	2.8315412338270490E-01	1.4514185410301320E-01	-9.7973225778224343E-02	-1.3616119623867901E-01	

delta
1.0000000000000000E+00	2.0028260986299076E-01	1.1693545008783297E-01	4.8411696753085204E-01	6.2555072871849782E-01	3.2112592820382417E-02	5.9908031507037614E-02	5.8381489770883421E-01	0.0000000000000000E+00	

r
0.0000000000000000E+00	

errcoeff
2.7366174031199296E-03	

v
1.0000000000000000E+00	
1.0000000000000000E+00	
1.0000000000000000E+00	
1.0000000000000000E+00	
1.0000000000000000E+00	
1.0000000000000000E+00	
1.0000000000000000E+00	
1.0000000000000000E+00	
1.0000000000000000E+00	
1.0000000000000000E+00	

==============================================================

