#stage		 order
13	 		3


A
0.0000000000000000E+00	0.0000000000000000E+00	0.0000000000000000E+00	0.0000000000000000E+00	0.0000000000000000E+00	0.0000000000000000E+00	0.0000000000000000E+00	0.0000000000000000E+00	0.0000000000000000E+00	0.0000000000000000E+00	0.0000000000000000E+00	0.0000000000000000E+00	0.0000000000000000E+00	
2.4779906203877394E-01	0.0000000000000000E+00	0.0000000000000000E+00	0.0000000000000000E+00	0.0000000000000000E+00	0.0000000000000000E+00	0.0000000000000000E+00	0.0000000000000000E+00	0.0000000000000000E+00	0.0000000000000000E+00	0.0000000000000000E+00	0.0000000000000000E+00	0.0000000000000000E+00	
2.2484394080868303E-01	1.6086069450662967E-02	0.0000000000000000E+00	0.0000000000000000E+00	0.0000000000000000E+00	0.0000000000000000E+00	0.0000000000000000E+00	0.0000000000000000E+00	0.0000000000000000E+00	0.0000000000000000E+00	0.0000000000000000E+00	0.0000000000000000E+00	0.0000000000000000E+00	
7.6486617194403417E-02	-3.3527215347341210E-04	1.5062399875209706E-02	0.0000000000000000E+00	0.0000000000000000E+00	0.0000000000000000E+00	0.0000000000000000E+00	0.0000000000000000E+00	0.0000000000000000E+00	0.0000000000000000E+00	0.0000000000000000E+00	0.0000000000000000E+00	0.0000000000000000E+00	
7.5584800661580246E-03	5.2303260858553113E-04	-2.9771722269531487E-03	2.4451330838003660E-01	0.0000000000000000E+00	0.0000000000000000E+00	0.0000000000000000E+00	0.0000000000000000E+00	0.0000000000000000E+00	0.0000000000000000E+00	0.0000000000000000E+00	0.0000000000000000E+00	0.0000000000000000E+00	
1.1699365761485755E-01	2.0224368372643775E-03	2.6827792000089588E-03	-1.3076858309704686E-01	8.2946703459625237E-01	0.0000000000000000E+00	0.0000000000000000E+00	0.0000000000000000E+00	0.0000000000000000E+00	0.0000000000000000E+00	0.0000000000000000E+00	0.0000000000000000E+00	0.0000000000000000E+00	
5.7221661247584724E-02	1.3110690651021637E-03	-1.2724594261341261E-03	1.4356613013650754E-01	-8.9719011548825645E-01	6.1744807971113125E-01	0.0000000000000000E+00	0.0000000000000000E+00	0.0000000000000000E+00	0.0000000000000000E+00	0.0000000000000000E+00	0.0000000000000000E+00	0.0000000000000000E+00	
9.9067434035734564E-02	1.8588047163071958E-03	1.0973891138749119E-03	-1.6442074750324692E-02	1.1040425167485213E-01	1.0687752200365275E-02	6.4871668619130476E-04	0.0000000000000000E+00	0.0000000000000000E+00	0.0000000000000000E+00	0.0000000000000000E+00	0.0000000000000000E+00	0.0000000000000000E+00	
6.3895632312821388E-02	1.2021017085635487E-03	6.8187847053496702E-04	-8.5246171953174254E-03	5.8148620750751362E-02	1.5200188610073604E-02	3.9131384050286860E-04	1.7797470664315515E-01	0.0000000000000000E+00	0.0000000000000000E+00	0.0000000000000000E+00	0.0000000000000000E+00	0.0000000000000000E+00	
1.3459628719499639E-01	2.6689095953933359E-03	3.3892561343007097E-04	7.0160305095643083E-02	-4.3072810573958265E-01	3.8392609514247261E-01	-3.2330232347516433E-04	-2.2725105986451322E-01	6.6430893600814345E-01	0.0000000000000000E+00	0.0000000000000000E+00	0.0000000000000000E+00	0.0000000000000000E+00	
-1.0699543271046229E-01	-2.2270984042797137E-03	5.7756328641103661E-04	-1.2377984317908204E-01	7.6936171872237624E-01	-5.7678984030441582E-01	1.1426989099148363E-03	6.4537877357070816E-01	-1.6624287919512519E+00	4.4499752147825278E-01	0.0000000000000000E+00	0.0000000000000000E+00	0.0000000000000000E+00	
6.3358418806774036E-02	1.2270371152813221E-03	3.9477786583787033E-04	1.4138812874061157E-02	-8.4175708199169030E-02	1.0529511627757934E-01	9.3797882626564890E-05	2.2096369181766468E-02	-2.3345729949547089E-03	2.5564480106471901E-02	4.9485805690056501E-03	0.0000000000000000E+00	0.0000000000000000E+00	
1.5100412870565755E-02	2.9677776429189363E-04	5.9288410520594168E-05	6.1639534150094424E-03	-3.7604425917397440E-02	3.6254292104291701E-02	-1.4035453248571552E-05	-1.3828053516689344E-02	4.6050558615725261E-02	-7.5608042911049084E-03	3.1718527807887593E-03	1.8991971302491617E-01	0.0000000000000000E+00	

b
3.1468151925194920E-01	
6.0114245088423012E-03	
2.6262646037422512E-03	
1.6786212734041808E-02	
-8.2587517942375621E-02	
3.0956189843936655E-01	
1.1618049600982628E-03	
4.7490944517028433E-01	
-9.0291472876082990E-01	
3.8808590456096415E-01	
-1.3525744779646839E-02	
-1.0057155053521187E+00	
1.4909190226056817E+00	

c
0.0000000000000000E+00	
2.4779906203877394E-01	
2.4093001025934599E-01	
9.1213744916139705E-02	
2.4961764882782700E-01	
8.2039732515133634E-01	
-7.8915634754064934E-02	
2.0732227367700068E-01	
3.0896982514108545E-01	
5.9769699072250793E-01	
-6.1076273058182873E-01	
1.5060710948528058E-01	
2.3800952980766932E-01	

alpha
0.0000000000000000E+00	0.0000000000000000E+00	0.0000000000000000E+00	0.0000000000000000E+00	0.0000000000000000E+00	0.0000000000000000E+00	0.0000000000000000E+00	0.0000000000000000E+00	0.0000000000000000E+00	0.0000000000000000E+00	0.0000000000000000E+00	0.0000000000000000E+00	0.0000000000000000E+00	0.0000000000000000E+00	
0.0000000000000000E+00	0.0000000000000000E+00	0.0000000000000000E+00	0.0000000000000000E+00	0.0000000000000000E+00	0.0000000000000000E+00	0.0000000000000000E+00	0.0000000000000000E+00	0.0000000000000000E+00	0.0000000000000000E+00	0.0000000000000000E+00	0.0000000000000000E+00	0.0000000000000000E+00	0.0000000000000000E+00	
0.0000000000000000E+00	0.0000000000000000E+00	0.0000000000000000E+00	0.0000000000000000E+00	0.0000000000000000E+00	0.0000000000000000E+00	0.0000000000000000E+00	0.0000000000000000E+00	0.0000000000000000E+00	0.0000000000000000E+00	0.0000000000000000E+00	0.0000000000000000E+00	0.0000000000000000E+00	0.0000000000000000E+00	
0.0000000000000000E+00	-0.0000000000000000E+00	0.0000000000000000E+00	0.0000000000000000E+00	0.0000000000000000E+00	0.0000000000000000E+00	0.0000000000000000E+00	0.0000000000000000E+00	0.0000000000000000E+00	0.0000000000000000E+00	0.0000000000000000E+00	0.0000000000000000E+00	0.0000000000000000E+00	0.0000000000000000E+00	
0.0000000000000000E+00	0.0000000000000000E+00	-0.0000000000000000E+00	0.0000000000000000E+00	0.0000000000000000E+00	0.0000000000000000E+00	0.0000000000000000E+00	0.0000000000000000E+00	0.0000000000000000E+00	0.0000000000000000E+00	0.0000000000000000E+00	0.0000000000000000E+00	0.0000000000000000E+00	0.0000000000000000E+00	
0.0000000000000000E+00	0.0000000000000000E+00	0.0000000000000000E+00	-0.0000000000000000E+00	0.0000000000000000E+00	0.0000000000000000E+00	0.0000000000000000E+00	0.0000000000000000E+00	0.0000000000000000E+00	0.0000000000000000E+00	0.0000000000000000E+00	0.0000000000000000E+00	0.0000000000000000E+00	0.0000000000000000E+00	
0.0000000000000000E+00	0.0000000000000000E+00	-0.0000000000000000E+00	0.0000000000000000E+00	-0.0000000000000000E+00	0.0000000000000000E+00	0.0000000000000000E+00	0.0000000000000000E+00	0.0000000000000000E+00	0.0000000000000000E+00	0.0000000000000000E+00	0.0000000000000000E+00	0.0000000000000000E+00	0.0000000000000000E+00	
0.0000000000000000E+00	0.0000000000000000E+00	0.0000000000000000E+00	-0.0000000000000000E+00	0.0000000000000000E+00	0.0000000000000000E+00	0.0000000000000000E+00	0.0000000000000000E+00	0.0000000000000000E+00	0.0000000000000000E+00	0.0000000000000000E+00	0.0000000000000000E+00	0.0000000000000000E+00	0.0000000000000000E+00	
0.0000000000000000E+00	0.0000000000000000E+00	0.0000000000000000E+00	-0.0000000000000000E+00	0.0000000000000000E+00	0.0000000000000000E+00	0.0000000000000000E+00	0.0000000000000000E+00	0.0000000000000000E+00	0.0000000000000000E+00	0.0000000000000000E+00	0.0000000000000000E+00	0.0000000000000000E+00	0.0000000000000000E+00	
0.0000000000000000E+00	0.0000000000000000E+00	0.0000000000000000E+00	0.0000000000000000E+00	-0.0000000000000000E+00	0.0000000000000000E+00	-0.0000000000000000E+00	-0.0000000000000000E+00	0.0000000000000000E+00	0.0000000000000000E+00	0.0000000000000000E+00	0.0000000000000000E+00	0.0000000000000000E+00	0.0000000000000000E+00	
-0.0000000000000000E+00	-0.0000000000000000E+00	0.0000000000000000E+00	-0.0000000000000000E+00	0.0000000000000000E+00	-0.0000000000000000E+00	0.0000000000000000E+00	0.0000000000000000E+00	-0.0000000000000000E+00	0.0000000000000000E+00	0.0000000000000000E+00	0.0000000000000000E+00	0.0000000000000000E+00	0.0000000000000000E+00	
0.0000000000000000E+00	0.0000000000000000E+00	0.0000000000000000E+00	0.0000000000000000E+00	-0.0000000000000000E+00	0.0000000000000000E+00	0.0000000000000000E+00	0.0000000000000000E+00	-0.0000000000000000E+00	0.0000000000000000E+00	0.0000000000000000E+00	0.0000000000000000E+00	0.0000000000000000E+00	0.0000000000000000E+00	
0.0000000000000000E+00	0.0000000000000000E+00	0.0000000000000000E+00	0.0000000000000000E+00	-0.0000000000000000E+00	0.0000000000000000E+00	-0.0000000000000000E+00	-0.0000000000000000E+00	0.0000000000000000E+00	-0.0000000000000000E+00	0.0000000000000000E+00	0.0000000000000000E+00	0.0000000000000000E+00	0.0000000000000000E+00	
0.0000000000000000E+00	0.0000000000000000E+00	0.0000000000000000E+00	0.0000000000000000E+00	-0.0000000000000000E+00	0.0000000000000000E+00	0.0000000000000000E+00	0.0000000000000000E+00	-0.0000000000000000E+00	0.0000000000000000E+00	-0.0000000000000000E+00	-0.0000000000000000E+00	0.0000000000000000E+00	0.0000000000000000E+00	

beta
0.0000000000000000E+00	0.0000000000000000E+00	0.0000000000000000E+00	0.0000000000000000E+00	0.0000000000000000E+00	0.0000000000000000E+00	0.0000000000000000E+00	0.0000000000000000E+00	0.0000000000000000E+00	0.0000000000000000E+00	0.0000000000000000E+00	0.0000000000000000E+00	0.0000000000000000E+00	0.0000000000000000E+00	
2.4779906203877394E-01	0.0000000000000000E+00	0.0000000000000000E+00	0.0000000000000000E+00	0.0000000000000000E+00	0.0000000000000000E+00	0.0000000000000000E+00	0.0000000000000000E+00	0.0000000000000000E+00	0.0000000000000000E+00	0.0000000000000000E+00	0.0000000000000000E+00	0.0000000000000000E+00	0.0000000000000000E+00	
2.2484394080868303E-01	1.6086069450662967E-02	0.0000000000000000E+00	0.0000000000000000E+00	0.0000000000000000E+00	0.0000000000000000E+00	0.0000000000000000E+00	0.0000000000000000E+00	0.0000000000000000E+00	0.0000000000000000E+00	0.0000000000000000E+00	0.0000000000000000E+00	0.0000000000000000E+00	0.0000000000000000E+00	
7.6486617194403417E-02	-3.3527215347341210E-04	1.5062399875209706E-02	0.0000000000000000E+00	0.0000000000000000E+00	0.0000000000000000E+00	0.0000000000000000E+00	0.0000000000000000E+00	0.0000000000000000E+00	0.0000000000000000E+00	0.0000000000000000E+00	0.0000000000000000E+00	0.0000000000000000E+00	0.0000000000000000E+00	
7.5584800661580246E-03	5.2303260858553113E-04	-2.9771722269531487E-03	2.4451330838003660E-01	0.0000000000000000E+00	0.0000000000000000E+00	0.0000000000000000E+00	0.0000000000000000E+00	0.0000000000000000E+00	0.0000000000000000E+00	0.0000000000000000E+00	0.0000000000000000E+00	0.0000000000000000E+00	0.0000000000000000E+00	
1.1699365761485755E-01	2.0224368372643775E-03	2.6827792000089588E-03	-1.3076858309704686E-01	8.2946703459625237E-01	0.0000000000000000E+00	0.0000000000000000E+00	0.0000000000000000E+00	0.0000000000000000E+00	0.0000000000000000E+00	0.0000000000000000E+00	0.0000000000000000E+00	0.0000000000000000E+00	0.0000000000000000E+00	
5.7221661247584724E-02	1.3110690651021637E-03	-1.2724594261341261E-03	1.4356613013650754E-01	-8.9719011548825645E-01	6.1744807971113125E-01	0.0000000000000000E+00	0.0000000000000000E+00	0.0000000000000000E+00	0.0000000000000000E+00	0.0000000000000000E+00	0.0000000000000000E+00	0.0000000000000000E+00	0.0000000000000000E+00	
9.9067434035734564E-02	1.8588047163071958E-03	1.0973891138749119E-03	-1.6442074750324692E-02	1.1040425167485213E-01	1.0687752200365275E-02	6.4871668619130476E-04	0.0000000000000000E+00	0.0000000000000000E+00	0.0000000000000000E+00	0.0000000000000000E+00	0.0000000000000000E+00	0.0000000000000000E+00	0.0000000000000000E+00	
6.3895632312821388E-02	1.2021017085635487E-03	6.8187847053496702E-04	-8.5246171953174254E-03	5.8148620750751362E-02	1.5200188610073604E-02	3.9131384050286860E-04	1.7797470664315515E-01	0.0000000000000000E+00	0.0000000000000000E+00	0.0000000000000000E+00	0.0000000000000000E+00	0.0000000000000000E+00	0.0000000000000000E+00	
1.3459628719499639E-01	2.6689095953933359E-03	3.3892561343007097E-04	7.0160305095643083E-02	-4.3072810573958265E-01	3.8392609514247261E-01	-3.2330232347516433E-04	-2.2725105986451322E-01	6.6430893600814345E-01	0.0000000000000000E+00	0.0000000000000000E+00	0.0000000000000000E+00	0.0000000000000000E+00	0.0000000000000000E+00	
-1.0699543271046229E-01	-2.2270984042797137E-03	5.7756328641103661E-04	-1.2377984317908204E-01	7.6936171872237624E-01	-5.7678984030441582E-01	1.1426989099148363E-03	6.4537877357070816E-01	-1.6624287919512519E+00	4.4499752147825278E-01	0.0000000000000000E+00	0.0000000000000000E+00	0.0000000000000000E+00	0.0000000000000000E+00	
6.3358418806774036E-02	1.2270371152813221E-03	3.9477786583787033E-04	1.4138812874061157E-02	-8.4175708199169030E-02	1.0529511627757934E-01	9.3797882626564890E-05	2.2096369181766468E-02	-2.3345729949547089E-03	2.5564480106471901E-02	4.9485805690056501E-03	0.0000000000000000E+00	0.0000000000000000E+00	0.0000000000000000E+00	
1.5100412870565755E-02	2.9677776429189363E-04	5.9288410520594168E-05	6.1639534150094424E-03	-3.7604425917397440E-02	3.6254292104291701E-02	-1.4035453248571552E-05	-1.3828053516689344E-02	4.6050558615725261E-02	-7.5608042911049084E-03	3.1718527807887593E-03	1.8991971302491617E-01	0.0000000000000000E+00	0.0000000000000000E+00	
3.1468151925194920E-01	6.0114245088423012E-03	2.6262646037422512E-03	1.6786212734041808E-02	-8.2587517942375621E-02	3.0956189843936655E-01	1.1618049600982628E-03	4.7490944517028433E-01	-9.0291472876082990E-01	3.8808590456096415E-01	-1.3525744779646839E-02	-1.0057155053521187E+00	1.4909190226056817E+00	0.0000000000000000E+00	

gamma1
0.0000000000000000E+00	0.0000000000000000E+00	8.6359252458770541E-01	-1.6231649080461130E-01	-2.1187111614210696E-01	-5.4052634832192203E-01	-1.4290387300263807E+00	-4.0075621566568520E-01	5.9726964411288863E-01	-1.7373143988568018E+00	-3.1391748617877546E+00	-6.2172790607065043E-02	6.8875716787798402E-01	-5.2954771747163285E+00	

gamma2
0.0000000000000000E+00	1.0000000000000000E+00	9.2636029536298459E-02	6.9326688749047061E-01	1.3914433567993034E-01	7.0870346487535751E-01	1.0756315387875430E+00	4.7009760082796015E-01	1.5940800077160967E-02	7.2923722515966272E-01	6.8240692230131172E-01	1.5032302264487482E-01	-6.7624519591259188E-02	9.3515887469753944E-01	

gamma3
0.0000000000000000E+00	0.0000000000000000E+00	0.0000000000000000E+00	0.0000000000000000E+00	9.6436947337062850E-01	2.7421227919510072E-01	1.5970394191498308E-01	-9.1072125856001048E-03	3.4897992721065291E-01	-1.8202596673434132E-01	7.7062791780543027E-01	2.0051591489229134E-01	7.4666399718130161E-01	2.7417056584891120E-01	

delta
1.0000000000000000E+00	4.7250995206832358E-01	2.0406873902138756E-01	1.0216164758134533E-01	8.0634966248988704E-03	3.2296582678498575E-01	8.8931696539420668E-01	3.7279109611972711E-01	6.3140168243375772E-01	9.3299370887826361E-01	7.9576220845380874E-01	7.0677071461321861E-01	0.0000000000000000E+00	

r
0.0000000000000000E+00	

errcoeff
1.2473291628390024E-03	

v
1.0000000000000000E+00	
1.0000000000000000E+00	
1.0000000000000000E+00	
1.0000000000000000E+00	
1.0000000000000000E+00	
1.0000000000000000E+00	
1.0000000000000000E+00	
1.0000000000000000E+00	
1.0000000000000000E+00	
1.0000000000000000E+00	
1.0000000000000000E+00	
1.0000000000000000E+00	
1.0000000000000000E+00	
1.0000000000000000E+00	

==============================================================

