#stage		 order
18	 		3


A
0.0000000000000000E+00	0.0000000000000000E+00	0.0000000000000000E+00	0.0000000000000000E+00	0.0000000000000000E+00	0.0000000000000000E+00	0.0000000000000000E+00	0.0000000000000000E+00	0.0000000000000000E+00	0.0000000000000000E+00	0.0000000000000000E+00	0.0000000000000000E+00	0.0000000000000000E+00	0.0000000000000000E+00	0.0000000000000000E+00	0.0000000000000000E+00	0.0000000000000000E+00	0.0000000000000000E+00	
4.9034791864551439E-02	0.0000000000000000E+00	0.0000000000000000E+00	0.0000000000000000E+00	0.0000000000000000E+00	0.0000000000000000E+00	0.0000000000000000E+00	0.0000000000000000E+00	0.0000000000000000E+00	0.0000000000000000E+00	0.0000000000000000E+00	0.0000000000000000E+00	0.0000000000000000E+00	0.0000000000000000E+00	0.0000000000000000E+00	0.0000000000000000E+00	0.0000000000000000E+00	0.0000000000000000E+00	
2.7779551489741195E-02	3.7111241041495241E-01	0.0000000000000000E+00	0.0000000000000000E+00	0.0000000000000000E+00	0.0000000000000000E+00	0.0000000000000000E+00	0.0000000000000000E+00	0.0000000000000000E+00	0.0000000000000000E+00	0.0000000000000000E+00	0.0000000000000000E+00	0.0000000000000000E+00	0.0000000000000000E+00	0.0000000000000000E+00	0.0000000000000000E+00	0.0000000000000000E+00	0.0000000000000000E+00	
2.3549495440583594E-02	2.1594064878671995E-01	1.3065784162422178E+00	0.0000000000000000E+00	0.0000000000000000E+00	0.0000000000000000E+00	0.0000000000000000E+00	0.0000000000000000E+00	0.0000000000000000E+00	0.0000000000000000E+00	0.0000000000000000E+00	0.0000000000000000E+00	0.0000000000000000E+00	0.0000000000000000E+00	0.0000000000000000E+00	0.0000000000000000E+00	0.0000000000000000E+00	0.0000000000000000E+00	
5.7057463924842095E-03	-8.5099550031702831E-02	-9.5435119680153990E-01	5.9922420467610016E-01	0.0000000000000000E+00	0.0000000000000000E+00	0.0000000000000000E+00	0.0000000000000000E+00	0.0000000000000000E+00	0.0000000000000000E+00	0.0000000000000000E+00	0.0000000000000000E+00	0.0000000000000000E+00	0.0000000000000000E+00	0.0000000000000000E+00	0.0000000000000000E+00	0.0000000000000000E+00	0.0000000000000000E+00	
2.6498047711242547E-03	-1.6719261177394893E-02	-2.3232811093350320E-01	1.5812905697189464E-01	3.8681726143289445E-03	0.0000000000000000E+00	0.0000000000000000E+00	0.0000000000000000E+00	0.0000000000000000E+00	0.0000000000000000E+00	0.0000000000000000E+00	0.0000000000000000E+00	0.0000000000000000E+00	0.0000000000000000E+00	0.0000000000000000E+00	0.0000000000000000E+00	0.0000000000000000E+00	0.0000000000000000E+00	
3.7830203791318108E-02	2.4849766810693696E-01	1.1889269868447077E+00	-3.0976431653111369E-01	-4.5334174148560780E-03	1.3934353739317476E-01	0.0000000000000000E+00	0.0000000000000000E+00	0.0000000000000000E+00	0.0000000000000000E+00	0.0000000000000000E+00	0.0000000000000000E+00	0.0000000000000000E+00	0.0000000000000000E+00	0.0000000000000000E+00	0.0000000000000000E+00	0.0000000000000000E+00	0.0000000000000000E+00	
8.8787763172774991E-03	4.5259082133602052E-02	1.5822454600316699E-01	-3.8623948470268288E-03	5.3834094493674116E-04	-1.0008878141318373E-03	5.1279090603395007E-04	0.0000000000000000E+00	0.0000000000000000E+00	0.0000000000000000E+00	0.0000000000000000E+00	0.0000000000000000E+00	0.0000000000000000E+00	0.0000000000000000E+00	0.0000000000000000E+00	0.0000000000000000E+00	0.0000000000000000E+00	0.0000000000000000E+00	
1.4567551174650683E-02	7.9247418799458388E-02	3.0575251445512475E-01	-3.2633034856677096E-02	2.7118933577087087E-04	1.1232736799143994E-02	8.3879499393101336E-05	2.5079110159965923E-01	0.0000000000000000E+00	0.0000000000000000E+00	0.0000000000000000E+00	0.0000000000000000E+00	0.0000000000000000E+00	0.0000000000000000E+00	0.0000000000000000E+00	0.0000000000000000E+00	0.0000000000000000E+00	0.0000000000000000E+00	
2.0291465962426748E-02	1.1139251871042284E-01	4.3520294056515091E-01	-5.0761915662422052E-02	2.5422618592709054E-04	1.8244541805590087E-02	-3.6022081209131164E-05	-8.6822908662095311E-01	8.6104418834392626E-01	0.0000000000000000E+00	0.0000000000000000E+00	0.0000000000000000E+00	0.0000000000000000E+00	0.0000000000000000E+00	0.0000000000000000E+00	0.0000000000000000E+00	0.0000000000000000E+00	0.0000000000000000E+00	
1.4090028333172484E-02	7.5219478874682194E-02	2.8250264433427508E-01	-2.4026642702287465E-02	4.3772679512213381E-04	7.1744486525420585E-03	2.9822706052030890E-04	1.9717971628524804E+00	-1.8655442001065521E+00	8.1425931752504122E-01	0.0000000000000000E+00	0.0000000000000000E+00	0.0000000000000000E+00	0.0000000000000000E+00	0.0000000000000000E+00	0.0000000000000000E+00	0.0000000000000000E+00	0.0000000000000000E+00	
1.7209793828023578E-02	9.3810034932420350E-02	3.6295585159080629E-01	-3.9547013979464044E-02	2.9721623969197275E-04	1.3757304443223600E-02	7.0430833292095795E-05	6.7975127782571532E-02	-3.9316153160343426E-02	2.7588490547766714E-02	2.7517447631029572E-04	0.0000000000000000E+00	0.0000000000000000E+00	0.0000000000000000E+00	0.0000000000000000E+00	0.0000000000000000E+00	0.0000000000000000E+00	0.0000000000000000E+00	
1.6941557006113890E-02	9.1731015671051241E-02	3.5159361896571206E-01	-3.5679965999158576E-02	3.6824738632814985E-04	1.1951306057392298E-02	1.6296950729343732E-04	8.1275067716971239E-01	-7.5231372216339099E-01	3.3530682510915721E-01	-5.8037622824734872E-04	2.2244432443541623E-01	0.0000000000000000E+00	0.0000000000000000E+00	0.0000000000000000E+00	0.0000000000000000E+00	0.0000000000000000E+00	0.0000000000000000E+00	
3.2780705999706852E-03	1.7813110643022996E-02	6.8621029542685702E-02	-7.2400862759090393E-03	6.3426154604515075E-05	2.4771342471052965E-03	2.1847136972260512E-05	8.0107913797614977E-02	-7.1747302244191652E-02	3.3002809681964521E-02	-2.4239153908189734E-05	9.5184772196669556E-03	1.4946158939427383E-03	0.0000000000000000E+00	0.0000000000000000E+00	0.0000000000000000E+00	0.0000000000000000E+00	0.0000000000000000E+00	
4.0784657855760138E-02	2.2183697735108529E-01	8.5572254576357998E-01	-9.1197012768427621E-02	7.6309741846545100E-04	3.1367203871071808E-02	2.3960224624357366E-04	7.4009593436600152E-01	-6.4716183567581909E-01	3.0460165072961154E-01	-8.7269260246130263E-06	6.9427388204007512E-03	-2.5974960723189888E-03	3.2578285780325134E-01	0.0000000000000000E+00	0.0000000000000000E+00	0.0000000000000000E+00	0.0000000000000000E+00	
9.6885299484848544E-03	5.2685801807062227E-02	2.0316592265699385E-01	-2.1599315932600432E-02	1.8278543773640266E-04	7.4196383893212047E-03	5.8785905092403125E-05	1.9068809150870417E-01	-1.6796856107020344E-01	7.8505220397893483E-02	-1.9051733950997022E-05	8.1127740178835121E-03	6.1167373148279748E-04	-7.0477851625157656E-02	2.1201022899057394E-02	0.0000000000000000E+00	0.0000000000000000E+00	0.0000000000000000E+00	
1.5485921049657811E-02	8.4223290957516531E-02	3.2484232369530708E-01	-3.4584603506377785E-02	2.9074574235454992E-04	1.1889126102213588E-02	9.2211837074038098E-05	2.9085078250144902E-01	-2.5513873428456135E-01	1.1972122471460225E-01	-1.4540655322947301E-05	6.9101204342286969E-03	-1.7378407005610004E-04	2.5922117600612624E-02	-1.1290359914510207E-03	1.0666513253935594E-01	0.0000000000000000E+00	0.0000000000000000E+00	
2.2745082642287466E-02	1.2370108747116985E-01	4.7709086700563563E-01	-5.0782679653515073E-02	4.2735566412810074E-04	1.7455520995942844E-02	1.3583332839368196E-04	4.3034691613265175E-01	-3.7775811780491980E-01	1.7714605630386171E-01	-2.4960281466396067E-05	1.1521122873217901E-02	5.5377861564225245E-06	6.6894965322985278E-03	6.2721986277651824E-03	-3.2423583277042811E-01	2.9975508948338603E-01	0.0000000000000000E+00	

b
-4.2279159285270457E-03	
-2.2988939096786648E-02	
-8.8637172838784584E-02	
9.4135592380002464E-03	
-8.0044561071272919E-05	
-3.2319192943444999E-03	
-2.5999700939664404E-05	
-8.5973064032383362E-02	
7.5939387990946128E-02	
-3.5398671153546446E-02	
1.1463889156663453E-05	
-4.7394480682955015E-03	
-4.9488692446064610E-04	
5.8189277546321833E-02	
-1.6184135751576876E-02	
9.7097012903533697E-01	
-8.8349349424348034E-01	
1.0309518738944343E+00	

c
0.0000000000000000E+00	
4.9034791864551439E-02	
3.9889196190469361E-01	
1.5460685604695215E+00	
-4.3452079576465830E-01	
-8.4400337753550256E-02	
1.3003006621901678E+00	
2.0855025364385854E-01	
6.2931335680652389E-01	
5.2740285720885960E-01	
1.2762081916189962E+00	
5.0507625753429897E-01	
1.0546764769173800E+00	
1.3738680724354177E-01	
1.7871721947828809E+00	
3.1225546633779971E-01	
6.9585229866660292E-01	
8.2049057433656569E-01	

alpha
0.0000000000000000E+00	0.0000000000000000E+00	0.0000000000000000E+00	0.0000000000000000E+00	0.0000000000000000E+00	0.0000000000000000E+00	0.0000000000000000E+00	0.0000000000000000E+00	0.0000000000000000E+00	0.0000000000000000E+00	0.0000000000000000E+00	0.0000000000000000E+00	0.0000000000000000E+00	0.0000000000000000E+00	0.0000000000000000E+00	0.0000000000000000E+00	0.0000000000000000E+00	0.0000000000000000E+00	0.0000000000000000E+00	
0.0000000000000000E+00	0.0000000000000000E+00	0.0000000000000000E+00	0.0000000000000000E+00	0.0000000000000000E+00	0.0000000000000000E+00	0.0000000000000000E+00	0.0000000000000000E+00	0.0000000000000000E+00	0.0000000000000000E+00	0.0000000000000000E+00	0.0000000000000000E+00	0.0000000000000000E+00	0.0000000000000000E+00	0.0000000000000000E+00	0.0000000000000000E+00	0.0000000000000000E+00	0.0000000000000000E+00	0.0000000000000000E+00	
0.0000000000000000E+00	0.0000000000000000E+00	0.0000000000000000E+00	0.0000000000000000E+00	0.0000000000000000E+00	0.0000000000000000E+00	0.0000000000000000E+00	0.0000000000000000E+00	0.0000000000000000E+00	0.0000000000000000E+00	0.0000000000000000E+00	0.0000000000000000E+00	0.0000000000000000E+00	0.0000000000000000E+00	0.0000000000000000E+00	0.0000000000000000E+00	0.0000000000000000E+00	0.0000000000000000E+00	0.0000000000000000E+00	
0.0000000000000000E+00	0.0000000000000000E+00	0.0000000000000000E+00	0.0000000000000000E+00	0.0000000000000000E+00	0.0000000000000000E+00	0.0000000000000000E+00	0.0000000000000000E+00	0.0000000000000000E+00	0.0000000000000000E+00	0.0000000000000000E+00	0.0000000000000000E+00	0.0000000000000000E+00	0.0000000000000000E+00	0.0000000000000000E+00	0.0000000000000000E+00	0.0000000000000000E+00	0.0000000000000000E+00	0.0000000000000000E+00	
0.0000000000000000E+00	-0.0000000000000000E+00	-0.0000000000000000E+00	0.0000000000000000E+00	0.0000000000000000E+00	0.0000000000000000E+00	0.0000000000000000E+00	0.0000000000000000E+00	0.0000000000000000E+00	0.0000000000000000E+00	0.0000000000000000E+00	0.0000000000000000E+00	0.0000000000000000E+00	0.0000000000000000E+00	0.0000000000000000E+00	0.0000000000000000E+00	0.0000000000000000E+00	0.0000000000000000E+00	0.0000000000000000E+00	
0.0000000000000000E+00	-0.0000000000000000E+00	-0.0000000000000000E+00	0.0000000000000000E+00	0.0000000000000000E+00	0.0000000000000000E+00	0.0000000000000000E+00	0.0000000000000000E+00	0.0000000000000000E+00	0.0000000000000000E+00	0.0000000000000000E+00	0.0000000000000000E+00	0.0000000000000000E+00	0.0000000000000000E+00	0.0000000000000000E+00	0.0000000000000000E+00	0.0000000000000000E+00	0.0000000000000000E+00	0.0000000000000000E+00	
0.0000000000000000E+00	0.0000000000000000E+00	0.0000000000000000E+00	-0.0000000000000000E+00	-0.0000000000000000E+00	0.0000000000000000E+00	0.0000000000000000E+00	0.0000000000000000E+00	0.0000000000000000E+00	0.0000000000000000E+00	0.0000000000000000E+00	0.0000000000000000E+00	0.0000000000000000E+00	0.0000000000000000E+00	0.0000000000000000E+00	0.0000000000000000E+00	0.0000000000000000E+00	0.0000000000000000E+00	0.0000000000000000E+00	
0.0000000000000000E+00	0.0000000000000000E+00	0.0000000000000000E+00	-0.0000000000000000E+00	0.0000000000000000E+00	-0.0000000000000000E+00	0.0000000000000000E+00	0.0000000000000000E+00	0.0000000000000000E+00	0.0000000000000000E+00	0.0000000000000000E+00	0.0000000000000000E+00	0.0000000000000000E+00	0.0000000000000000E+00	0.0000000000000000E+00	0.0000000000000000E+00	0.0000000000000000E+00	0.0000000000000000E+00	0.0000000000000000E+00	
0.0000000000000000E+00	0.0000000000000000E+00	0.0000000000000000E+00	-0.0000000000000000E+00	0.0000000000000000E+00	0.0000000000000000E+00	0.0000000000000000E+00	0.0000000000000000E+00	0.0000000000000000E+00	0.0000000000000000E+00	0.0000000000000000E+00	0.0000000000000000E+00	0.0000000000000000E+00	0.0000000000000000E+00	0.0000000000000000E+00	0.0000000000000000E+00	0.0000000000000000E+00	0.0000000000000000E+00	0.0000000000000000E+00	
0.0000000000000000E+00	0.0000000000000000E+00	0.0000000000000000E+00	-0.0000000000000000E+00	0.0000000000000000E+00	0.0000000000000000E+00	-0.0000000000000000E+00	-0.0000000000000000E+00	0.0000000000000000E+00	0.0000000000000000E+00	0.0000000000000000E+00	0.0000000000000000E+00	0.0000000000000000E+00	0.0000000000000000E+00	0.0000000000000000E+00	0.0000000000000000E+00	0.0000000000000000E+00	0.0000000000000000E+00	0.0000000000000000E+00	
0.0000000000000000E+00	0.0000000000000000E+00	0.0000000000000000E+00	-0.0000000000000000E+00	0.0000000000000000E+00	0.0000000000000000E+00	0.0000000000000000E+00	0.0000000000000000E+00	-0.0000000000000000E+00	0.0000000000000000E+00	0.0000000000000000E+00	0.0000000000000000E+00	0.0000000000000000E+00	0.0000000000000000E+00	0.0000000000000000E+00	0.0000000000000000E+00	0.0000000000000000E+00	0.0000000000000000E+00	0.0000000000000000E+00	
0.0000000000000000E+00	0.0000000000000000E+00	0.0000000000000000E+00	-0.0000000000000000E+00	0.0000000000000000E+00	0.0000000000000000E+00	0.0000000000000000E+00	0.0000000000000000E+00	-0.0000000000000000E+00	0.0000000000000000E+00	0.0000000000000000E+00	0.0000000000000000E+00	0.0000000000000000E+00	0.0000000000000000E+00	0.0000000000000000E+00	0.0000000000000000E+00	0.0000000000000000E+00	0.0000000000000000E+00	0.0000000000000000E+00	
0.0000000000000000E+00	0.0000000000000000E+00	0.0000000000000000E+00	-0.0000000000000000E+00	0.0000000000000000E+00	0.0000000000000000E+00	0.0000000000000000E+00	0.0000000000000000E+00	-0.0000000000000000E+00	0.0000000000000000E+00	-0.0000000000000000E+00	0.0000000000000000E+00	0.0000000000000000E+00	0.0000000000000000E+00	0.0000000000000000E+00	0.0000000000000000E+00	0.0000000000000000E+00	0.0000000000000000E+00	0.0000000000000000E+00	
0.0000000000000000E+00	0.0000000000000000E+00	0.0000000000000000E+00	-0.0000000000000000E+00	0.0000000000000000E+00	0.0000000000000000E+00	0.0000000000000000E+00	0.0000000000000000E+00	-0.0000000000000000E+00	0.0000000000000000E+00	-0.0000000000000000E+00	0.0000000000000000E+00	0.0000000000000000E+00	0.0000000000000000E+00	0.0000000000000000E+00	0.0000000000000000E+00	0.0000000000000000E+00	0.0000000000000000E+00	0.0000000000000000E+00	
0.0000000000000000E+00	0.0000000000000000E+00	0.0000000000000000E+00	-0.0000000000000000E+00	0.0000000000000000E+00	0.0000000000000000E+00	0.0000000000000000E+00	0.0000000000000000E+00	-0.0000000000000000E+00	0.0000000000000000E+00	-0.0000000000000000E+00	0.0000000000000000E+00	-0.0000000000000000E+00	0.0000000000000000E+00	0.0000000000000000E+00	0.0000000000000000E+00	0.0000000000000000E+00	0.0000000000000000E+00	0.0000000000000000E+00	
0.0000000000000000E+00	0.0000000000000000E+00	0.0000000000000000E+00	-0.0000000000000000E+00	0.0000000000000000E+00	0.0000000000000000E+00	0.0000000000000000E+00	0.0000000000000000E+00	-0.0000000000000000E+00	0.0000000000000000E+00	-0.0000000000000000E+00	0.0000000000000000E+00	0.0000000000000000E+00	-0.0000000000000000E+00	0.0000000000000000E+00	0.0000000000000000E+00	0.0000000000000000E+00	0.0000000000000000E+00	0.0000000000000000E+00	
0.0000000000000000E+00	0.0000000000000000E+00	0.0000000000000000E+00	-0.0000000000000000E+00	0.0000000000000000E+00	0.0000000000000000E+00	0.0000000000000000E+00	0.0000000000000000E+00	-0.0000000000000000E+00	0.0000000000000000E+00	-0.0000000000000000E+00	0.0000000000000000E+00	-0.0000000000000000E+00	0.0000000000000000E+00	-0.0000000000000000E+00	0.0000000000000000E+00	0.0000000000000000E+00	0.0000000000000000E+00	0.0000000000000000E+00	
0.0000000000000000E+00	0.0000000000000000E+00	0.0000000000000000E+00	-0.0000000000000000E+00	0.0000000000000000E+00	0.0000000000000000E+00	0.0000000000000000E+00	0.0000000000000000E+00	-0.0000000000000000E+00	0.0000000000000000E+00	-0.0000000000000000E+00	0.0000000000000000E+00	0.0000000000000000E+00	0.0000000000000000E+00	0.0000000000000000E+00	-0.0000000000000000E+00	0.0000000000000000E+00	0.0000000000000000E+00	0.0000000000000000E+00	
-0.0000000000000000E+00	-0.0000000000000000E+00	-0.0000000000000000E+00	0.0000000000000000E+00	-0.0000000000000000E+00	-0.0000000000000000E+00	-0.0000000000000000E+00	-0.0000000000000000E+00	0.0000000000000000E+00	-0.0000000000000000E+00	0.0000000000000000E+00	-0.0000000000000000E+00	-0.0000000000000000E+00	0.0000000000000000E+00	-0.0000000000000000E+00	0.0000000000000000E+00	-0.0000000000000000E+00	0.0000000000000000E+00	0.0000000000000000E+00	

beta
0.0000000000000000E+00	0.0000000000000000E+00	0.0000000000000000E+00	0.0000000000000000E+00	0.0000000000000000E+00	0.0000000000000000E+00	0.0000000000000000E+00	0.0000000000000000E+00	0.0000000000000000E+00	0.0000000000000000E+00	0.0000000000000000E+00	0.0000000000000000E+00	0.0000000000000000E+00	0.0000000000000000E+00	0.0000000000000000E+00	0.0000000000000000E+00	0.0000000000000000E+00	0.0000000000000000E+00	0.0000000000000000E+00	
4.9034791864551439E-02	0.0000000000000000E+00	0.0000000000000000E+00	0.0000000000000000E+00	0.0000000000000000E+00	0.0000000000000000E+00	0.0000000000000000E+00	0.0000000000000000E+00	0.0000000000000000E+00	0.0000000000000000E+00	0.0000000000000000E+00	0.0000000000000000E+00	0.0000000000000000E+00	0.0000000000000000E+00	0.0000000000000000E+00	0.0000000000000000E+00	0.0000000000000000E+00	0.0000000000000000E+00	0.0000000000000000E+00	
2.7779551489741195E-02	3.7111241041495241E-01	0.0000000000000000E+00	0.0000000000000000E+00	0.0000000000000000E+00	0.0000000000000000E+00	0.0000000000000000E+00	0.0000000000000000E+00	0.0000000000000000E+00	0.0000000000000000E+00	0.0000000000000000E+00	0.0000000000000000E+00	0.0000000000000000E+00	0.0000000000000000E+00	0.0000000000000000E+00	0.0000000000000000E+00	0.0000000000000000E+00	0.0000000000000000E+00	0.0000000000000000E+00	
2.3549495440583594E-02	2.1594064878671995E-01	1.3065784162422178E+00	0.0000000000000000E+00	0.0000000000000000E+00	0.0000000000000000E+00	0.0000000000000000E+00	0.0000000000000000E+00	0.0000000000000000E+00	0.0000000000000000E+00	0.0000000000000000E+00	0.0000000000000000E+00	0.0000000000000000E+00	0.0000000000000000E+00	0.0000000000000000E+00	0.0000000000000000E+00	0.0000000000000000E+00	0.0000000000000000E+00	0.0000000000000000E+00	
5.7057463924842095E-03	-8.5099550031702831E-02	-9.5435119680153990E-01	5.9922420467610016E-01	0.0000000000000000E+00	0.0000000000000000E+00	0.0000000000000000E+00	0.0000000000000000E+00	0.0000000000000000E+00	0.0000000000000000E+00	0.0000000000000000E+00	0.0000000000000000E+00	0.0000000000000000E+00	0.0000000000000000E+00	0.0000000000000000E+00	0.0000000000000000E+00	0.0000000000000000E+00	0.0000000000000000E+00	0.0000000000000000E+00	
2.6498047711242547E-03	-1.6719261177394893E-02	-2.3232811093350320E-01	1.5812905697189464E-01	3.8681726143289445E-03	0.0000000000000000E+00	0.0000000000000000E+00	0.0000000000000000E+00	0.0000000000000000E+00	0.0000000000000000E+00	0.0000000000000000E+00	0.0000000000000000E+00	0.0000000000000000E+00	0.0000000000000000E+00	0.0000000000000000E+00	0.0000000000000000E+00	0.0000000000000000E+00	0.0000000000000000E+00	0.0000000000000000E+00	
3.7830203791318108E-02	2.4849766810693696E-01	1.1889269868447077E+00	-3.0976431653111369E-01	-4.5334174148560780E-03	1.3934353739317476E-01	0.0000000000000000E+00	0.0000000000000000E+00	0.0000000000000000E+00	0.0000000000000000E+00	0.0000000000000000E+00	0.0000000000000000E+00	0.0000000000000000E+00	0.0000000000000000E+00	0.0000000000000000E+00	0.0000000000000000E+00	0.0000000000000000E+00	0.0000000000000000E+00	0.0000000000000000E+00	
8.8787763172774991E-03	4.5259082133602052E-02	1.5822454600316699E-01	-3.8623948470268288E-03	5.3834094493674116E-04	-1.0008878141318373E-03	5.1279090603395007E-04	0.0000000000000000E+00	0.0000000000000000E+00	0.0000000000000000E+00	0.0000000000000000E+00	0.0000000000000000E+00	0.0000000000000000E+00	0.0000000000000000E+00	0.0000000000000000E+00	0.0000000000000000E+00	0.0000000000000000E+00	0.0000000000000000E+00	0.0000000000000000E+00	
1.4567551174650683E-02	7.9247418799458388E-02	3.0575251445512475E-01	-3.2633034856677096E-02	2.7118933577087087E-04	1.1232736799143994E-02	8.3879499393101336E-05	2.5079110159965923E-01	0.0000000000000000E+00	0.0000000000000000E+00	0.0000000000000000E+00	0.0000000000000000E+00	0.0000000000000000E+00	0.0000000000000000E+00	0.0000000000000000E+00	0.0000000000000000E+00	0.0000000000000000E+00	0.0000000000000000E+00	0.0000000000000000E+00	
2.0291465962426748E-02	1.1139251871042284E-01	4.3520294056515091E-01	-5.0761915662422052E-02	2.5422618592709054E-04	1.8244541805590087E-02	-3.6022081209131164E-05	-8.6822908662095311E-01	8.6104418834392626E-01	0.0000000000000000E+00	0.0000000000000000E+00	0.0000000000000000E+00	0.0000000000000000E+00	0.0000000000000000E+00	0.0000000000000000E+00	0.0000000000000000E+00	0.0000000000000000E+00	0.0000000000000000E+00	0.0000000000000000E+00	
1.4090028333172484E-02	7.5219478874682194E-02	2.8250264433427508E-01	-2.4026642702287465E-02	4.3772679512213381E-04	7.1744486525420585E-03	2.9822706052030890E-04	1.9717971628524804E+00	-1.8655442001065521E+00	8.1425931752504122E-01	0.0000000000000000E+00	0.0000000000000000E+00	0.0000000000000000E+00	0.0000000000000000E+00	0.0000000000000000E+00	0.0000000000000000E+00	0.0000000000000000E+00	0.0000000000000000E+00	0.0000000000000000E+00	
1.7209793828023578E-02	9.3810034932420350E-02	3.6295585159080629E-01	-3.9547013979464044E-02	2.9721623969197275E-04	1.3757304443223600E-02	7.0430833292095795E-05	6.7975127782571532E-02	-3.9316153160343426E-02	2.7588490547766714E-02	2.7517447631029572E-04	0.0000000000000000E+00	0.0000000000000000E+00	0.0000000000000000E+00	0.0000000000000000E+00	0.0000000000000000E+00	0.0000000000000000E+00	0.0000000000000000E+00	0.0000000000000000E+00	
1.6941557006113890E-02	9.1731015671051241E-02	3.5159361896571206E-01	-3.5679965999158576E-02	3.6824738632814985E-04	1.1951306057392298E-02	1.6296950729343732E-04	8.1275067716971239E-01	-7.5231372216339099E-01	3.3530682510915721E-01	-5.8037622824734872E-04	2.2244432443541623E-01	0.0000000000000000E+00	0.0000000000000000E+00	0.0000000000000000E+00	0.0000000000000000E+00	0.0000000000000000E+00	0.0000000000000000E+00	0.0000000000000000E+00	
3.2780705999706852E-03	1.7813110643022996E-02	6.8621029542685702E-02	-7.2400862759090393E-03	6.3426154604515075E-05	2.4771342471052965E-03	2.1847136972260512E-05	8.0107913797614977E-02	-7.1747302244191652E-02	3.3002809681964521E-02	-2.4239153908189734E-05	9.5184772196669556E-03	1.4946158939427383E-03	0.0000000000000000E+00	0.0000000000000000E+00	0.0000000000000000E+00	0.0000000000000000E+00	0.0000000000000000E+00	0.0000000000000000E+00	
4.0784657855760138E-02	2.2183697735108529E-01	8.5572254576357998E-01	-9.1197012768427621E-02	7.6309741846545100E-04	3.1367203871071808E-02	2.3960224624357366E-04	7.4009593436600152E-01	-6.4716183567581909E-01	3.0460165072961154E-01	-8.7269260246130263E-06	6.9427388204007512E-03	-2.5974960723189888E-03	3.2578285780325134E-01	0.0000000000000000E+00	0.0000000000000000E+00	0.0000000000000000E+00	0.0000000000000000E+00	0.0000000000000000E+00	
9.6885299484848544E-03	5.2685801807062227E-02	2.0316592265699385E-01	-2.1599315932600432E-02	1.8278543773640266E-04	7.4196383893212047E-03	5.8785905092403125E-05	1.9068809150870417E-01	-1.6796856107020344E-01	7.8505220397893483E-02	-1.9051733950997022E-05	8.1127740178835121E-03	6.1167373148279748E-04	-7.0477851625157656E-02	2.1201022899057394E-02	0.0000000000000000E+00	0.0000000000000000E+00	0.0000000000000000E+00	0.0000000000000000E+00	
1.5485921049657811E-02	8.4223290957516531E-02	3.2484232369530708E-01	-3.4584603506377785E-02	2.9074574235454992E-04	1.1889126102213588E-02	9.2211837074038098E-05	2.9085078250144902E-01	-2.5513873428456135E-01	1.1972122471460225E-01	-1.4540655322947301E-05	6.9101204342286969E-03	-1.7378407005610004E-04	2.5922117600612624E-02	-1.1290359914510207E-03	1.0666513253935594E-01	0.0000000000000000E+00	0.0000000000000000E+00	0.0000000000000000E+00	
2.2745082642287466E-02	1.2370108747116985E-01	4.7709086700563563E-01	-5.0782679653515073E-02	4.2735566412810074E-04	1.7455520995942844E-02	1.3583332839368196E-04	4.3034691613265175E-01	-3.7775811780491980E-01	1.7714605630386171E-01	-2.4960281466396067E-05	1.1521122873217901E-02	5.5377861564225245E-06	6.6894965322985278E-03	6.2721986277651824E-03	-3.2423583277042811E-01	2.9975508948338603E-01	0.0000000000000000E+00	0.0000000000000000E+00	
-4.2279159285270457E-03	-2.2988939096786648E-02	-8.8637172838784584E-02	9.4135592380002464E-03	-8.0044561071272919E-05	-3.2319192943444999E-03	-2.5999700939664404E-05	-8.5973064032383362E-02	7.5939387990946128E-02	-3.5398671153546446E-02	1.1463889156663453E-05	-4.7394480682955015E-03	-4.9488692446064610E-04	5.8189277546321833E-02	-1.6184135751576876E-02	9.7097012903533697E-01	-8.8349349424348034E-01	1.0309518738944343E+00	0.0000000000000000E+00	

gamma1
0.0000000000000000E+00	0.0000000000000000E+00	3.2247608760451130E-01	4.9914317671392638E-01	-1.1622082605777748E+00	2.6953052665629029E-01	-1.7799387353699307E+00	-8.1863579261364006E-02	6.5478367543409743E-02	-3.9464404050221202E+00	-2.2662293036200705E+00	-1.4027291834875544E-01	-2.1549047664055765E+00	3.6759202787593759E-02	-1.8219729151718931E+00	-3.1157262009133602E-01	-8.4539337904062761E-02	-3.2052951560406306E+00	-2.9473844656520769E+00	

gamma2
0.0000000000000000E+00	1.0000000000000000E+00	4.3347263374796180E-01	2.6751261673747656E-01	6.3281218134638906E-01	2.1889882038603918E-02	8.0587492773469738E-01	1.7331930552673780E-01	1.8981108247241676E-01	9.5981540312643598E-01	7.1637648898034556E-01	1.9952840944893893E-01	5.5366291664551592E-01	2.6164242188821393E-02	4.5800879181996096E-01	1.8133008926286229E-01	1.2956029154283780E-01	5.5478150822070305E-01	4.8141993514726500E-01	

gamma3
0.0000000000000000E+00	0.0000000000000000E+00	0.0000000000000000E+00	0.0000000000000000E+00	5.4562257306687045E-01	6.8019034420626778E-01	3.2095542889916751E-01	4.7832999619147626E-01	1.7546417933327868E-01	6.2364465898979704E-01	-5.9794049313658851E-02	3.9739279802080404E-02	5.5296766584767218E-02	8.1073259927207320E-01	6.8224320862886323E-02	1.2609824982237086E-01	2.0623278182430604E-01	2.7881655787153758E-01	5.4012405037576983E-01	

delta
1.0000000000000000E+00	5.6301427044510477E-01	3.0925937927807562E-01	6.8233217987923145E-01	-2.5769399386149039E-01	7.5440943241532887E-01	4.3088506330623799E-01	5.1680912767761422E-01	5.0476280067063739E-01	1.3906444105430971E-01	8.7283119031740519E-01	8.2692744243376831E-02	2.3051221532459407E-01	1.8355724980259699E-01	5.2522334189318409E-01	2.4147439262511661E-01	2.9838864898209666E-01	0.0000000000000000E+00	

r
0.0000000000000000E+00	

errcoeff
6.2740566342716503E-04	

v
1.0000000000000000E+00	
1.0000000000000000E+00	
1.0000000000000000E+00	
1.0000000000000000E+00	
1.0000000000000000E+00	
1.0000000000000000E+00	
1.0000000000000000E+00	
1.0000000000000000E+00	
1.0000000000000000E+00	
1.0000000000000000E+00	
1.0000000000000000E+00	
1.0000000000000000E+00	
1.0000000000000000E+00	
1.0000000000000000E+00	
1.0000000000000000E+00	
1.0000000000000000E+00	
1.0000000000000000E+00	
1.0000000000000000E+00	
1.0000000000000000E+00	

==============================================================

