#stage		 order
15	 		3


A
0.0000000000000000E+00	0.0000000000000000E+00	0.0000000000000000E+00	0.0000000000000000E+00	0.0000000000000000E+00	0.0000000000000000E+00	0.0000000000000000E+00	0.0000000000000000E+00	0.0000000000000000E+00	0.0000000000000000E+00	0.0000000000000000E+00	0.0000000000000000E+00	0.0000000000000000E+00	0.0000000000000000E+00	0.0000000000000000E+00	
9.2284524181726524E-01	0.0000000000000000E+00	0.0000000000000000E+00	0.0000000000000000E+00	0.0000000000000000E+00	0.0000000000000000E+00	0.0000000000000000E+00	0.0000000000000000E+00	0.0000000000000000E+00	0.0000000000000000E+00	0.0000000000000000E+00	0.0000000000000000E+00	0.0000000000000000E+00	0.0000000000000000E+00	0.0000000000000000E+00	
2.9039322242259047E-01	4.1584228456687019E-03	0.0000000000000000E+00	0.0000000000000000E+00	0.0000000000000000E+00	0.0000000000000000E+00	0.0000000000000000E+00	0.0000000000000000E+00	0.0000000000000000E+00	0.0000000000000000E+00	0.0000000000000000E+00	0.0000000000000000E+00	0.0000000000000000E+00	0.0000000000000000E+00	0.0000000000000000E+00	
1.4947809376361085E-01	2.7063337333605841E-04	1.6423088976982362E-02	0.0000000000000000E+00	0.0000000000000000E+00	0.0000000000000000E+00	0.0000000000000000E+00	0.0000000000000000E+00	0.0000000000000000E+00	0.0000000000000000E+00	0.0000000000000000E+00	0.0000000000000000E+00	0.0000000000000000E+00	0.0000000000000000E+00	0.0000000000000000E+00	
1.1146279475318369E-01	1.1524294097421579E-03	-3.4280331363129080E-03	4.5677306391984293E-02	0.0000000000000000E+00	0.0000000000000000E+00	0.0000000000000000E+00	0.0000000000000000E+00	0.0000000000000000E+00	0.0000000000000000E+00	0.0000000000000000E+00	0.0000000000000000E+00	0.0000000000000000E+00	0.0000000000000000E+00	0.0000000000000000E+00	
1.3674949448253529E-01	6.8929933899908433E-05	1.7970414510326549E-02	-1.1478153090123486E-01	2.2741946986551534E-01	0.0000000000000000E+00	0.0000000000000000E+00	0.0000000000000000E+00	0.0000000000000000E+00	0.0000000000000000E+00	0.0000000000000000E+00	0.0000000000000000E+00	0.0000000000000000E+00	0.0000000000000000E+00	0.0000000000000000E+00	
2.9457087871833992E-01	5.8664694373478585E-03	-5.5571388146058935E-02	4.7899256960450010E-01	-8.6296288063039439E-01	3.3741929460585862E-01	0.0000000000000000E+00	0.0000000000000000E+00	0.0000000000000000E+00	0.0000000000000000E+00	0.0000000000000000E+00	0.0000000000000000E+00	0.0000000000000000E+00	0.0000000000000000E+00	0.0000000000000000E+00	
-1.6017325179544628E-01	-1.1765440230455048E-03	-2.9802943883883836E-03	-4.7362061737658695E-03	-7.1119897230192686E-03	-2.8419412998718849E-03	8.5383267176344912E-01	0.0000000000000000E+00	0.0000000000000000E+00	0.0000000000000000E+00	0.0000000000000000E+00	0.0000000000000000E+00	0.0000000000000000E+00	0.0000000000000000E+00	0.0000000000000000E+00	
1.6747617672705619E+00	1.6389191863266307E-02	-3.6232166871661406E-02	5.6865245740172599E-01	-8.9267515691739541E-01	3.9641307316841412E-01	-3.6748271932521344E+00	1.3324882484439120E+00	0.0000000000000000E+00	0.0000000000000000E+00	0.0000000000000000E+00	0.0000000000000000E+00	0.0000000000000000E+00	0.0000000000000000E+00	0.0000000000000000E+00	
-1.2859631894110251E+00	-1.2208803303162817E-02	2.1627518976687177E-02	-3.8893237652551754E-01	5.9657146564423358E-01	-2.7068675991369412E-01	3.3044257932346275E+00	-1.1350360004642674E+00	5.9653352476666288E-01	0.0000000000000000E+00	0.0000000000000000E+00	0.0000000000000000E+00	0.0000000000000000E+00	0.0000000000000000E+00	0.0000000000000000E+00	
-3.1723141930393894E-01	-3.1535480667914065E-03	7.6730787728278875E-03	-1.1395304479130848E-01	1.8071254485400573E-01	-7.9495531982206658E-02	6.3294686911685616E-01	-2.3776461159221648E-01	8.2330797918197307E-02	3.1548288877064372E-03	0.0000000000000000E+00	0.0000000000000000E+00	0.0000000000000000E+00	0.0000000000000000E+00	0.0000000000000000E+00	
6.6542923878195346E+00	6.8907991657071316E-02	-2.0643870792867086E-01	2.7406796209015503E+00	-4.4433482460181732E+00	1.9150101419521655E+00	-9.7314465529364469E+00	4.1656229415151866E+00	-4.6565285263047373E-01	-3.4235076878597143E-02	6.3392855369603707E-01	0.0000000000000000E+00	0.0000000000000000E+00	0.0000000000000000E+00	0.0000000000000000E+00	
6.8429543099700085E-01	7.0888273756373205E-03	-2.1273037872731691E-02	2.8217627046292892E-01	-4.5756211415282388E-01	1.9716915680982566E-01	-9.9731556877690108E-01	4.2758001486560854E-01	-4.6668904745162526E-02	-3.4897624349458358E-03	6.4599775658615979E-02	2.0793163055639720E-03	0.0000000000000000E+00	0.0000000000000000E+00	0.0000000000000000E+00	
1.1368695378083800E+00	1.1975147738153891E-02	-3.8606602997643513E-02	4.9394350847347113E-01	-8.0701866697022240E-01	3.4533207790754616E-01	-1.4024981314483682E+00	6.5139977502805735E-01	1.2978924199346320E-02	-3.5056955441302162E-03	6.3400036360204304E-02	-9.3059298128689294E-04	3.0388524057145545E-02	0.0000000000000000E+00	0.0000000000000000E+00	
7.7170498132986931E-01	8.1186421358173770E-03	-2.6040111184983776E-02	3.3400941818039809E-01	-5.4542114270183351E-01	2.3350766777246257E-01	-9.6495001791478185E-01	4.4516757016302888E-01	4.2075175996672569E-03	-2.4962117332344319E-03	4.5269352772175045E-02	-4.0870439152241656E-04	1.3656828262095888E-02	2.4919585031259770E-02	0.0000000000000000E+00	

b
1.1915349737708496E+00	
1.2372970703124764E-02	
-3.7528138165647151E-02	
4.9508756714139768E-01	
-8.0371151047362588E-01	
3.4596834319083802E-01	
-1.6986817170875756E+00	
7.3574196930047631E-01	
-6.7778124710432541E-02	
-5.7351051328997094E-03	
1.0594114396995891E-01	
2.9673419034530737E-03	
-9.1406955565999981E-02	
-1.9423933652451897E-01	
1.0094665776805980E+00	

c
0.0000000000000000E+00	
9.2284524181726524E-01	
2.9455164526825917E-01	
1.6617181611392925E-01	
1.5486449741859723E-01	
2.6742677789104219E-01	
1.9831494358959312E-01	
6.7481244435991194E-01	
-6.1502977889331079E-01	
1.4263311730045443E+00	
1.5521996381313158E-01	
1.2973202011491831E+00	
1.3867940449261623E-01	
4.9372784163065331E-01	
3.4124537532041815E-01	

alpha
0.0000000000000000E+00	0.0000000000000000E+00	0.0000000000000000E+00	0.0000000000000000E+00	0.0000000000000000E+00	0.0000000000000000E+00	0.0000000000000000E+00	0.0000000000000000E+00	0.0000000000000000E+00	0.0000000000000000E+00	0.0000000000000000E+00	0.0000000000000000E+00	0.0000000000000000E+00	0.0000000000000000E+00	0.0000000000000000E+00	0.0000000000000000E+00	
0.0000000000000000E+00	0.0000000000000000E+00	0.0000000000000000E+00	0.0000000000000000E+00	0.0000000000000000E+00	0.0000000000000000E+00	0.0000000000000000E+00	0.0000000000000000E+00	0.0000000000000000E+00	0.0000000000000000E+00	0.0000000000000000E+00	0.0000000000000000E+00	0.0000000000000000E+00	0.0000000000000000E+00	0.0000000000000000E+00	0.0000000000000000E+00	
0.0000000000000000E+00	0.0000000000000000E+00	0.0000000000000000E+00	0.0000000000000000E+00	0.0000000000000000E+00	0.0000000000000000E+00	0.0000000000000000E+00	0.0000000000000000E+00	0.0000000000000000E+00	0.0000000000000000E+00	0.0000000000000000E+00	0.0000000000000000E+00	0.0000000000000000E+00	0.0000000000000000E+00	0.0000000000000000E+00	0.0000000000000000E+00	
0.0000000000000000E+00	0.0000000000000000E+00	0.0000000000000000E+00	0.0000000000000000E+00	0.0000000000000000E+00	0.0000000000000000E+00	0.0000000000000000E+00	0.0000000000000000E+00	0.0000000000000000E+00	0.0000000000000000E+00	0.0000000000000000E+00	0.0000000000000000E+00	0.0000000000000000E+00	0.0000000000000000E+00	0.0000000000000000E+00	0.0000000000000000E+00	
0.0000000000000000E+00	0.0000000000000000E+00	-0.0000000000000000E+00	0.0000000000000000E+00	0.0000000000000000E+00	0.0000000000000000E+00	0.0000000000000000E+00	0.0000000000000000E+00	0.0000000000000000E+00	0.0000000000000000E+00	0.0000000000000000E+00	0.0000000000000000E+00	0.0000000000000000E+00	0.0000000000000000E+00	0.0000000000000000E+00	0.0000000000000000E+00	
0.0000000000000000E+00	0.0000000000000000E+00	0.0000000000000000E+00	-0.0000000000000000E+00	0.0000000000000000E+00	0.0000000000000000E+00	0.0000000000000000E+00	0.0000000000000000E+00	0.0000000000000000E+00	0.0000000000000000E+00	0.0000000000000000E+00	0.0000000000000000E+00	0.0000000000000000E+00	0.0000000000000000E+00	0.0000000000000000E+00	0.0000000000000000E+00	
0.0000000000000000E+00	0.0000000000000000E+00	-0.0000000000000000E+00	0.0000000000000000E+00	-0.0000000000000000E+00	0.0000000000000000E+00	0.0000000000000000E+00	0.0000000000000000E+00	0.0000000000000000E+00	0.0000000000000000E+00	0.0000000000000000E+00	0.0000000000000000E+00	0.0000000000000000E+00	0.0000000000000000E+00	0.0000000000000000E+00	0.0000000000000000E+00	
-0.0000000000000000E+00	-0.0000000000000000E+00	-0.0000000000000000E+00	-0.0000000000000000E+00	-0.0000000000000000E+00	-0.0000000000000000E+00	0.0000000000000000E+00	0.0000000000000000E+00	0.0000000000000000E+00	0.0000000000000000E+00	0.0000000000000000E+00	0.0000000000000000E+00	0.0000000000000000E+00	0.0000000000000000E+00	0.0000000000000000E+00	0.0000000000000000E+00	
0.0000000000000000E+00	0.0000000000000000E+00	-0.0000000000000000E+00	0.0000000000000000E+00	-0.0000000000000000E+00	0.0000000000000000E+00	-0.0000000000000000E+00	0.0000000000000000E+00	0.0000000000000000E+00	0.0000000000000000E+00	0.0000000000000000E+00	0.0000000000000000E+00	0.0000000000000000E+00	0.0000000000000000E+00	0.0000000000000000E+00	0.0000000000000000E+00	
-0.0000000000000000E+00	-0.0000000000000000E+00	0.0000000000000000E+00	-0.0000000000000000E+00	0.0000000000000000E+00	-0.0000000000000000E+00	0.0000000000000000E+00	-0.0000000000000000E+00	0.0000000000000000E+00	0.0000000000000000E+00	0.0000000000000000E+00	0.0000000000000000E+00	0.0000000000000000E+00	0.0000000000000000E+00	0.0000000000000000E+00	0.0000000000000000E+00	
-0.0000000000000000E+00	-0.0000000000000000E+00	0.0000000000000000E+00	-0.0000000000000000E+00	0.0000000000000000E+00	-0.0000000000000000E+00	0.0000000000000000E+00	-0.0000000000000000E+00	0.0000000000000000E+00	0.0000000000000000E+00	0.0000000000000000E+00	0.0000000000000000E+00	0.0000000000000000E+00	0.0000000000000000E+00	0.0000000000000000E+00	0.0000000000000000E+00	
0.0000000000000000E+00	0.0000000000000000E+00	-0.0000000000000000E+00	0.0000000000000000E+00	-0.0000000000000000E+00	0.0000000000000000E+00	-0.0000000000000000E+00	0.0000000000000000E+00	-0.0000000000000000E+00	-0.0000000000000000E+00	0.0000000000000000E+00	0.0000000000000000E+00	0.0000000000000000E+00	0.0000000000000000E+00	0.0000000000000000E+00	0.0000000000000000E+00	
0.0000000000000000E+00	0.0000000000000000E+00	-0.0000000000000000E+00	0.0000000000000000E+00	-0.0000000000000000E+00	0.0000000000000000E+00	-0.0000000000000000E+00	0.0000000000000000E+00	-0.0000000000000000E+00	-0.0000000000000000E+00	0.0000000000000000E+00	0.0000000000000000E+00	0.0000000000000000E+00	0.0000000000000000E+00	0.0000000000000000E+00	0.0000000000000000E+00	
0.0000000000000000E+00	0.0000000000000000E+00	-0.0000000000000000E+00	0.0000000000000000E+00	-0.0000000000000000E+00	0.0000000000000000E+00	-0.0000000000000000E+00	0.0000000000000000E+00	0.0000000000000000E+00	-0.0000000000000000E+00	0.0000000000000000E+00	-0.0000000000000000E+00	0.0000000000000000E+00	0.0000000000000000E+00	0.0000000000000000E+00	0.0000000000000000E+00	
0.0000000000000000E+00	0.0000000000000000E+00	-0.0000000000000000E+00	0.0000000000000000E+00	-0.0000000000000000E+00	0.0000000000000000E+00	-0.0000000000000000E+00	0.0000000000000000E+00	0.0000000000000000E+00	-0.0000000000000000E+00	0.0000000000000000E+00	-0.0000000000000000E+00	0.0000000000000000E+00	0.0000000000000000E+00	0.0000000000000000E+00	0.0000000000000000E+00	
0.0000000000000000E+00	0.0000000000000000E+00	-0.0000000000000000E+00	0.0000000000000000E+00	-0.0000000000000000E+00	0.0000000000000000E+00	-0.0000000000000000E+00	0.0000000000000000E+00	-0.0000000000000000E+00	-0.0000000000000000E+00	0.0000000000000000E+00	0.0000000000000000E+00	-0.0000000000000000E+00	-0.0000000000000000E+00	0.0000000000000000E+00	0.0000000000000000E+00	

beta
0.0000000000000000E+00	0.0000000000000000E+00	0.0000000000000000E+00	0.0000000000000000E+00	0.0000000000000000E+00	0.0000000000000000E+00	0.0000000000000000E+00	0.0000000000000000E+00	0.0000000000000000E+00	0.0000000000000000E+00	0.0000000000000000E+00	0.0000000000000000E+00	0.0000000000000000E+00	0.0000000000000000E+00	0.0000000000000000E+00	0.0000000000000000E+00	
9.2284524181726524E-01	0.0000000000000000E+00	0.0000000000000000E+00	0.0000000000000000E+00	0.0000000000000000E+00	0.0000000000000000E+00	0.0000000000000000E+00	0.0000000000000000E+00	0.0000000000000000E+00	0.0000000000000000E+00	0.0000000000000000E+00	0.0000000000000000E+00	0.0000000000000000E+00	0.0000000000000000E+00	0.0000000000000000E+00	0.0000000000000000E+00	
2.9039322242259047E-01	4.1584228456687019E-03	0.0000000000000000E+00	0.0000000000000000E+00	0.0000000000000000E+00	0.0000000000000000E+00	0.0000000000000000E+00	0.0000000000000000E+00	0.0000000000000000E+00	0.0000000000000000E+00	0.0000000000000000E+00	0.0000000000000000E+00	0.0000000000000000E+00	0.0000000000000000E+00	0.0000000000000000E+00	0.0000000000000000E+00	
1.4947809376361085E-01	2.7063337333605841E-04	1.6423088976982362E-02	0.0000000000000000E+00	0.0000000000000000E+00	0.0000000000000000E+00	0.0000000000000000E+00	0.0000000000000000E+00	0.0000000000000000E+00	0.0000000000000000E+00	0.0000000000000000E+00	0.0000000000000000E+00	0.0000000000000000E+00	0.0000000000000000E+00	0.0000000000000000E+00	0.0000000000000000E+00	
1.1146279475318369E-01	1.1524294097421579E-03	-3.4280331363129080E-03	4.5677306391984293E-02	0.0000000000000000E+00	0.0000000000000000E+00	0.0000000000000000E+00	0.0000000000000000E+00	0.0000000000000000E+00	0.0000000000000000E+00	0.0000000000000000E+00	0.0000000000000000E+00	0.0000000000000000E+00	0.0000000000000000E+00	0.0000000000000000E+00	0.0000000000000000E+00	
1.3674949448253529E-01	6.8929933899908433E-05	1.7970414510326549E-02	-1.1478153090123486E-01	2.2741946986551534E-01	0.0000000000000000E+00	0.0000000000000000E+00	0.0000000000000000E+00	0.0000000000000000E+00	0.0000000000000000E+00	0.0000000000000000E+00	0.0000000000000000E+00	0.0000000000000000E+00	0.0000000000000000E+00	0.0000000000000000E+00	0.0000000000000000E+00	
2.9457087871833992E-01	5.8664694373478585E-03	-5.5571388146058935E-02	4.7899256960450010E-01	-8.6296288063039439E-01	3.3741929460585862E-01	0.0000000000000000E+00	0.0000000000000000E+00	0.0000000000000000E+00	0.0000000000000000E+00	0.0000000000000000E+00	0.0000000000000000E+00	0.0000000000000000E+00	0.0000000000000000E+00	0.0000000000000000E+00	0.0000000000000000E+00	
-1.6017325179544628E-01	-1.1765440230455048E-03	-2.9802943883883836E-03	-4.7362061737658695E-03	-7.1119897230192686E-03	-2.8419412998718849E-03	8.5383267176344912E-01	0.0000000000000000E+00	0.0000000000000000E+00	0.0000000000000000E+00	0.0000000000000000E+00	0.0000000000000000E+00	0.0000000000000000E+00	0.0000000000000000E+00	0.0000000000000000E+00	0.0000000000000000E+00	
1.6747617672705619E+00	1.6389191863266307E-02	-3.6232166871661406E-02	5.6865245740172599E-01	-8.9267515691739541E-01	3.9641307316841412E-01	-3.6748271932521344E+00	1.3324882484439120E+00	0.0000000000000000E+00	0.0000000000000000E+00	0.0000000000000000E+00	0.0000000000000000E+00	0.0000000000000000E+00	0.0000000000000000E+00	0.0000000000000000E+00	0.0000000000000000E+00	
-1.2859631894110251E+00	-1.2208803303162817E-02	2.1627518976687177E-02	-3.8893237652551754E-01	5.9657146564423358E-01	-2.7068675991369412E-01	3.3044257932346275E+00	-1.1350360004642674E+00	5.9653352476666288E-01	0.0000000000000000E+00	0.0000000000000000E+00	0.0000000000000000E+00	0.0000000000000000E+00	0.0000000000000000E+00	0.0000000000000000E+00	0.0000000000000000E+00	
-3.1723141930393894E-01	-3.1535480667914065E-03	7.6730787728278875E-03	-1.1395304479130848E-01	1.8071254485400573E-01	-7.9495531982206658E-02	6.3294686911685616E-01	-2.3776461159221648E-01	8.2330797918197307E-02	3.1548288877064372E-03	0.0000000000000000E+00	0.0000000000000000E+00	0.0000000000000000E+00	0.0000000000000000E+00	0.0000000000000000E+00	0.0000000000000000E+00	
6.6542923878195346E+00	6.8907991657071316E-02	-2.0643870792867086E-01	2.7406796209015503E+00	-4.4433482460181732E+00	1.9150101419521655E+00	-9.7314465529364469E+00	4.1656229415151866E+00	-4.6565285263047373E-01	-3.4235076878597143E-02	6.3392855369603707E-01	0.0000000000000000E+00	0.0000000000000000E+00	0.0000000000000000E+00	0.0000000000000000E+00	0.0000000000000000E+00	
6.8429543099700085E-01	7.0888273756373205E-03	-2.1273037872731691E-02	2.8217627046292892E-01	-4.5756211415282388E-01	1.9716915680982566E-01	-9.9731556877690108E-01	4.2758001486560854E-01	-4.6668904745162526E-02	-3.4897624349458358E-03	6.4599775658615979E-02	2.0793163055639720E-03	0.0000000000000000E+00	0.0000000000000000E+00	0.0000000000000000E+00	0.0000000000000000E+00	
1.1368695378083800E+00	1.1975147738153891E-02	-3.8606602997643513E-02	4.9394350847347113E-01	-8.0701866697022240E-01	3.4533207790754616E-01	-1.4024981314483682E+00	6.5139977502805735E-01	1.2978924199346320E-02	-3.5056955441302162E-03	6.3400036360204304E-02	-9.3059298128689294E-04	3.0388524057145545E-02	0.0000000000000000E+00	0.0000000000000000E+00	0.0000000000000000E+00	
7.7170498132986931E-01	8.1186421358173770E-03	-2.6040111184983776E-02	3.3400941818039809E-01	-5.4542114270183351E-01	2.3350766777246257E-01	-9.6495001791478185E-01	4.4516757016302888E-01	4.2075175996672569E-03	-2.4962117332344319E-03	4.5269352772175045E-02	-4.0870439152241656E-04	1.3656828262095888E-02	2.4919585031259770E-02	0.0000000000000000E+00	0.0000000000000000E+00	
1.1915349737708496E+00	1.2372970703124764E-02	-3.7528138165647151E-02	4.9508756714139768E-01	-8.0371151047362588E-01	3.4596834319083802E-01	-1.6986817170875756E+00	7.3574196930047631E-01	-6.7778124710432541E-02	-5.7351051328997094E-03	1.0594114396995891E-01	2.9673419034530737E-03	-9.1406955565999981E-02	-1.9423933652451897E-01	1.0094665776805980E+00	0.0000000000000000E+00	

gamma1
0.0000000000000000E+00	0.0000000000000000E+00	1.9245266695090057E-01	-5.8670864897413866E-01	-4.5376969127165301E-01	-3.0732767873789388E+00	-4.1397069795249806E+00	2.6780526700653562E-01	-5.4636585360051271E+00	-1.0782729704542953E+00	1.6225677661479382E-01	-1.0671832232214408E+01	1.0000056331393517E-01	-4.7316685975005712E-01	4.2997654861275647E-01	-7.7946457086207541E+00	

gamma2
0.0000000000000000E+00	1.0000000000000000E+00	6.8532836356099247E-01	7.9342304489986948E-01	3.5388829794312027E-01	8.2276940924007325E-01	1.3964065825746932E+00	-2.5584891087788147E-01	1.0545878049690882E+00	1.8546545301958214E-01	-4.9854205520823293E-02	1.4747592704911154E+00	2.7959237140128459E-03	2.1391000605190547E-01	3.8191777680085741E-02	9.7298838490041428E-01	

gamma3
0.0000000000000000E+00	0.0000000000000000E+00	0.0000000000000000E+00	0.0000000000000000E+00	5.0101725009012277E-01	1.2977855106351586E+00	8.4014941231928167E-02	1.9347239302683128E+00	3.4719488468663123E-01	7.7614287509652280E-01	1.2120048600080473E+00	7.8044426290004354E-01	8.7744767782860844E-01	-2.7783814801233414E-01	2.3796580911684401E-01	3.3501778156087197E-01	

delta
1.0000000000000000E+00	1.7833636543663911E-01	8.2149040941382234E-01	6.9241381835125038E-01	6.8111194710150746E-01	2.4714889629941547E-01	1.0796522327980691E+00	1.0997082505821276E+00	1.2210148749008418E+00	4.8624587837842692E-01	-1.2192551787322116E-01	6.8074496757734360E-01	1.1976662474662626E-01	5.0877112310876216E-01	0.0000000000000000E+00	

r
0.0000000000000000E+00	

errcoeff
9.2760028298146280E-04	

v
1.0000000000000000E+00	
1.0000000000000000E+00	
1.0000000000000000E+00	
1.0000000000000000E+00	
1.0000000000000000E+00	
1.0000000000000000E+00	
1.0000000000000000E+00	
1.0000000000000000E+00	
1.0000000000000000E+00	
1.0000000000000000E+00	
1.0000000000000000E+00	
1.0000000000000000E+00	
1.0000000000000000E+00	
1.0000000000000000E+00	
1.0000000000000000E+00	
1.0000000000000000E+00	

==============================================================

