#stage		 order
4	 		3


A
0.0000000000000000E+00	0.0000000000000000E+00	0.0000000000000000E+00	0.0000000000000000E+00	
5.8666135078473780E-01	0.0000000000000000E+00	0.0000000000000000E+00	0.0000000000000000E+00	
3.6183774155871695E-01	1.3300691818623106E-01	0.0000000000000000E+00	0.0000000000000000E+00	
6.7298768019352972E-02	-4.0057309568636024E-01	1.2616353242816871E+00	0.0000000000000000E+00	

b
1.5694328376663605E-01	
-2.8769636066625814E-01	
8.7878284030113996E-01	
2.5197023659848211E-01	

c
0.0000000000000000E+00	
5.8666135078473780E-01	
4.9484465974494801E-01	
9.2836099661467986E-01	

alpha
0.0000000000000000E+00	0.0000000000000000E+00	0.0000000000000000E+00	0.0000000000000000E+00	0.0000000000000000E+00	
0.0000000000000000E+00	0.0000000000000000E+00	0.0000000000000000E+00	0.0000000000000000E+00	0.0000000000000000E+00	
0.0000000000000000E+00	0.0000000000000000E+00	0.0000000000000000E+00	0.0000000000000000E+00	0.0000000000000000E+00	
0.0000000000000000E+00	-0.0000000000000000E+00	0.0000000000000000E+00	0.0000000000000000E+00	0.0000000000000000E+00	
0.0000000000000000E+00	-0.0000000000000000E+00	0.0000000000000000E+00	0.0000000000000000E+00	0.0000000000000000E+00	

beta
0.0000000000000000E+00	0.0000000000000000E+00	0.0000000000000000E+00	0.0000000000000000E+00	0.0000000000000000E+00	
5.8666135078473780E-01	0.0000000000000000E+00	0.0000000000000000E+00	0.0000000000000000E+00	0.0000000000000000E+00	
3.6183774155871695E-01	1.3300691818623106E-01	0.0000000000000000E+00	0.0000000000000000E+00	0.0000000000000000E+00	
6.7298768019352972E-02	-4.0057309568636024E-01	1.2616353242816871E+00	0.0000000000000000E+00	0.0000000000000000E+00	
1.5694328376663605E-01	-2.8769636066625814E-01	8.7878284030113996E-01	2.5197023659848211E-01	0.0000000000000000E+00	

gamma1
0.0000000000000000E+00	0.0000000000000000E+00	2.4617590591051297E-01	-2.4468263999762998E+00	6.9654267234589007E-01	

gamma2
0.0000000000000000E+00	1.0000000000000000E+00	3.8322553364950540E-01	2.0394344276699039E+00	2.3563048051899071E-01	

gamma3
0.0000000000000000E+00	0.0000000000000000E+00	0.0000000000000000E+00	0.0000000000000000E+00	-9.4779237284086146E-02	

delta
1.0000000000000000E+00	9.6705080402843846E-01	-2.7696145709396985E-01	0.0000000000000000E+00	

r
0.0000000000000000E+00	

errcoeff
1.6861349026352425E-02	

v
1.0000000000000000E+00	
1.0000000000000000E+00	
1.0000000000000000E+00	
1.0000000000000000E+00	
1.0000000000000000E+00	

==============================================================

