#stage		 order
8	 		3


A
0.0000000000000000E+00	0.0000000000000000E+00	0.0000000000000000E+00	0.0000000000000000E+00	0.0000000000000000E+00	0.0000000000000000E+00	0.0000000000000000E+00	0.0000000000000000E+00	
3.0982698508158973E-01	0.0000000000000000E+00	0.0000000000000000E+00	0.0000000000000000E+00	0.0000000000000000E+00	0.0000000000000000E+00	0.0000000000000000E+00	0.0000000000000000E+00	
1.0126661481018556E-01	7.7200043167443078E-01	0.0000000000000000E+00	0.0000000000000000E+00	0.0000000000000000E+00	0.0000000000000000E+00	0.0000000000000000E+00	0.0000000000000000E+00	
-9.3157185057013980E-02	3.8412969523762741E-01	4.3904515751093509E-01	0.0000000000000000E+00	0.0000000000000000E+00	0.0000000000000000E+00	0.0000000000000000E+00	0.0000000000000000E+00	
-7.1661354262697222E-02	5.6198871892064350E-01	3.2037270202145363E-02	2.9169201124427328E-02	0.0000000000000000E+00	0.0000000000000000E+00	0.0000000000000000E+00	0.0000000000000000E+00	
-3.5579371787790685E-02	2.2707199371278311E-01	7.5500181557236812E-02	-5.3834071017607246E-03	6.7740899826454359E-01	0.0000000000000000E+00	0.0000000000000000E+00	0.0000000000000000E+00	
1.2365071484531148E-03	-1.5421860703816997E-02	6.0141713198471579E-03	-2.6924201615628317E-03	4.1718944705711303E-01	4.8682650046278569E-01	0.0000000000000000E+00	0.0000000000000000E+00	
2.8239689757849639E-02	-1.8984640714601436E-01	-4.8893303722035091E-02	5.9535577758844469E-04	2.5204910451978924E-02	1.2310070290997011E-01	9.5918431014952264E-03	0.0000000000000000E+00	

b
-5.8006190207253581E-02	
3.8406404546009121E-01	
1.0719000268514065E-01	
-3.4763309315163594E-03	
2.9313256779995378E-01	
1.4621904653031470E-01	
-2.3588431371013158E-03	
1.3323570180037125E-01	

c
0.0000000000000000E+00	
3.0982698508158973E-01	
8.7326704648461639E-01	
7.3001766769154852E-01	
5.5153383598451899E-01	
9.3901839464501213E-01	
8.9315234512281916E-01	
-5.2007208869167119E-02	

alpha
0.0000000000000000E+00	0.0000000000000000E+00	0.0000000000000000E+00	0.0000000000000000E+00	0.0000000000000000E+00	0.0000000000000000E+00	0.0000000000000000E+00	0.0000000000000000E+00	0.0000000000000000E+00	
0.0000000000000000E+00	0.0000000000000000E+00	0.0000000000000000E+00	0.0000000000000000E+00	0.0000000000000000E+00	0.0000000000000000E+00	0.0000000000000000E+00	0.0000000000000000E+00	0.0000000000000000E+00	
0.0000000000000000E+00	0.0000000000000000E+00	0.0000000000000000E+00	0.0000000000000000E+00	0.0000000000000000E+00	0.0000000000000000E+00	0.0000000000000000E+00	0.0000000000000000E+00	0.0000000000000000E+00	
-0.0000000000000000E+00	0.0000000000000000E+00	0.0000000000000000E+00	0.0000000000000000E+00	0.0000000000000000E+00	0.0000000000000000E+00	0.0000000000000000E+00	0.0000000000000000E+00	0.0000000000000000E+00	
-0.0000000000000000E+00	0.0000000000000000E+00	0.0000000000000000E+00	0.0000000000000000E+00	0.0000000000000000E+00	0.0000000000000000E+00	0.0000000000000000E+00	0.0000000000000000E+00	0.0000000000000000E+00	
-0.0000000000000000E+00	0.0000000000000000E+00	0.0000000000000000E+00	-0.0000000000000000E+00	0.0000000000000000E+00	0.0000000000000000E+00	0.0000000000000000E+00	0.0000000000000000E+00	0.0000000000000000E+00	
0.0000000000000000E+00	-0.0000000000000000E+00	0.0000000000000000E+00	-0.0000000000000000E+00	0.0000000000000000E+00	0.0000000000000000E+00	0.0000000000000000E+00	0.0000000000000000E+00	0.0000000000000000E+00	
0.0000000000000000E+00	-0.0000000000000000E+00	-0.0000000000000000E+00	0.0000000000000000E+00	0.0000000000000000E+00	0.0000000000000000E+00	0.0000000000000000E+00	0.0000000000000000E+00	0.0000000000000000E+00	
-0.0000000000000000E+00	0.0000000000000000E+00	0.0000000000000000E+00	-0.0000000000000000E+00	0.0000000000000000E+00	0.0000000000000000E+00	-0.0000000000000000E+00	0.0000000000000000E+00	0.0000000000000000E+00	

beta
0.0000000000000000E+00	0.0000000000000000E+00	0.0000000000000000E+00	0.0000000000000000E+00	0.0000000000000000E+00	0.0000000000000000E+00	0.0000000000000000E+00	0.0000000000000000E+00	0.0000000000000000E+00	
3.0982698508158973E-01	0.0000000000000000E+00	0.0000000000000000E+00	0.0000000000000000E+00	0.0000000000000000E+00	0.0000000000000000E+00	0.0000000000000000E+00	0.0000000000000000E+00	0.0000000000000000E+00	
1.0126661481018556E-01	7.7200043167443078E-01	0.0000000000000000E+00	0.0000000000000000E+00	0.0000000000000000E+00	0.0000000000000000E+00	0.0000000000000000E+00	0.0000000000000000E+00	0.0000000000000000E+00	
-9.3157185057013980E-02	3.8412969523762741E-01	4.3904515751093509E-01	0.0000000000000000E+00	0.0000000000000000E+00	0.0000000000000000E+00	0.0000000000000000E+00	0.0000000000000000E+00	0.0000000000000000E+00	
-7.1661354262697222E-02	5.6198871892064350E-01	3.2037270202145363E-02	2.9169201124427328E-02	0.0000000000000000E+00	0.0000000000000000E+00	0.0000000000000000E+00	0.0000000000000000E+00	0.0000000000000000E+00	
-3.5579371787790685E-02	2.2707199371278311E-01	7.5500181557236812E-02	-5.3834071017607246E-03	6.7740899826454359E-01	0.0000000000000000E+00	0.0000000000000000E+00	0.0000000000000000E+00	0.0000000000000000E+00	
1.2365071484531148E-03	-1.5421860703816997E-02	6.0141713198471579E-03	-2.6924201615628317E-03	4.1718944705711303E-01	4.8682650046278569E-01	0.0000000000000000E+00	0.0000000000000000E+00	0.0000000000000000E+00	
2.8239689757849639E-02	-1.8984640714601436E-01	-4.8893303722035091E-02	5.9535577758844469E-04	2.5204910451978924E-02	1.2310070290997011E-01	9.5918431014952264E-03	0.0000000000000000E+00	0.0000000000000000E+00	
-5.8006190207253581E-02	3.8406404546009121E-01	1.0719000268514065E-01	-3.4763309315163594E-03	2.9313256779995378E-01	1.4621904653031470E-01	-2.3588431371013158E-03	1.3323570180037125E-01	0.0000000000000000E+00	

gamma1
0.0000000000000000E+00	0.0000000000000000E+00	6.4979193114553635E-01	-2.3837504551152278E-01	-3.0849164598454815E-01	-1.4231968027824493E-01	7.3157366471307239E-01	4.4941981473868520E-01	-2.4592178084456040E-01	

gamma2
0.0000000000000000E+00	1.0000000000000000E+00	6.7315108209984342E-01	9.6573033125271979E-01	9.0760401592505202E-01	4.4119365699875335E-01	-2.2309625917204584E-01	-2.2850958912054348E-01	4.2147220416824505E-01	

gamma3
0.0000000000000000E+00	0.0000000000000000E+00	0.0000000000000000E+00	0.0000000000000000E+00	-2.3680885565930257E-01	4.3337484116982811E-01	7.4262819835059779E-01	1.2328445541251383E+00	-1.2473844814723701E-02	

delta
1.0000000000000000E+00	-4.7974819001699237E-01	7.6206790747386821E-01	4.2029560214243528E-01	-9.5736281647911120E-02	5.1866921114756148E-01	8.6016614253610924E-01	0.0000000000000000E+00	

r
0.0000000000000000E+00	

errcoeff
3.5119239513528582E-03	

v
1.0000000000000000E+00	
1.0000000000000000E+00	
1.0000000000000000E+00	
1.0000000000000000E+00	
1.0000000000000000E+00	
1.0000000000000000E+00	
1.0000000000000000E+00	
1.0000000000000000E+00	
1.0000000000000000E+00	

==============================================================

