#stage		 order
10	 		3


A
0.0000000000000000E+00	0.0000000000000000E+00	0.0000000000000000E+00	0.0000000000000000E+00	0.0000000000000000E+00	0.0000000000000000E+00	0.0000000000000000E+00	0.0000000000000000E+00	0.0000000000000000E+00	0.0000000000000000E+00	
3.4305901468012406E-01	0.0000000000000000E+00	0.0000000000000000E+00	0.0000000000000000E+00	0.0000000000000000E+00	0.0000000000000000E+00	0.0000000000000000E+00	0.0000000000000000E+00	0.0000000000000000E+00	0.0000000000000000E+00	
3.3165046733698106E-01	4.4249090649609935E-01	0.0000000000000000E+00	0.0000000000000000E+00	0.0000000000000000E+00	0.0000000000000000E+00	0.0000000000000000E+00	0.0000000000000000E+00	0.0000000000000000E+00	0.0000000000000000E+00	
3.0401222635193459E-01	3.9464953505781608E-01	2.4960145160377870E-01	0.0000000000000000E+00	0.0000000000000000E+00	0.0000000000000000E+00	0.0000000000000000E+00	0.0000000000000000E+00	0.0000000000000000E+00	0.0000000000000000E+00	
-3.6505010392724691E-02	-1.0599149680070008E-01	-2.4981823477648213E-02	5.9921852933803577E-01	0.0000000000000000E+00	0.0000000000000000E+00	0.0000000000000000E+00	0.0000000000000000E+00	0.0000000000000000E+00	0.0000000000000000E+00	
1.4769931814894854E-01	1.3437729539586440E-01	1.2614830523085255E-01	-3.0214698614309532E-01	-1.6496401764208486E-02	0.0000000000000000E+00	0.0000000000000000E+00	0.0000000000000000E+00	0.0000000000000000E+00	0.0000000000000000E+00	
-2.6564571499491062E-02	-9.0105102180249835E-02	-1.7074408664511924E-02	5.2956718207022724E-01	1.2665187879084799E-02	6.4362117976443078E-01	0.0000000000000000E+00	0.0000000000000000E+00	0.0000000000000000E+00	0.0000000000000000E+00	
-7.5926864785560502E-02	-1.2967430279494174E-01	-5.9688914120623104E-02	5.9205464602792435E-01	1.7392876003991503E-02	1.0030814944225364E+00	-3.5437552525121518E-01	0.0000000000000000E+00	0.0000000000000000E+00	0.0000000000000000E+00	
4.5790909605910993E-02	-3.6274767288384246E-02	4.5745215736739668E-02	4.6802995785893775E-01	6.3487173718301884E-03	1.4400618924295649E-01	-2.9846816893155381E-03	3.8880498151020219E-04	0.0000000000000000E+00	0.0000000000000000E+00	
-1.7256274705664525E-02	-2.7691550672534756E-02	-1.3717365668148983E-02	1.2172897890378878E-01	3.6911304840679948E-03	2.1632901236970561E-01	-7.7170903138272545E-02	-3.2048740002574777E-04	2.5355093110294324E-01	0.0000000000000000E+00	

b
5.8716760454651067E-03	
-3.7192923047764614E-02	
8.6365217563042582E-03	
2.9455059235059511E-01	
5.6004148152664869E-03	
2.3135954466258582E-01	
-6.1982197415922598E-02	
-8.7013243471774333E-05	
7.0308631580777825E-02	
4.8293475249616447E-01	

c
0.0000000000000000E+00	
3.4305901468012406E-01	
7.7414137383308046E-01	
9.4826321301352934E-01	
4.3174019866696278E-01	
8.9581530868361667E-02	
1.0521094673694900E+00	
9.9286340950211172E-01	
6.7105034582018552E-01	
4.5914347127585908E-01	

alpha
0.0000000000000000E+00	0.0000000000000000E+00	0.0000000000000000E+00	0.0000000000000000E+00	0.0000000000000000E+00	0.0000000000000000E+00	0.0000000000000000E+00	0.0000000000000000E+00	0.0000000000000000E+00	0.0000000000000000E+00	0.0000000000000000E+00	
0.0000000000000000E+00	0.0000000000000000E+00	0.0000000000000000E+00	0.0000000000000000E+00	0.0000000000000000E+00	0.0000000000000000E+00	0.0000000000000000E+00	0.0000000000000000E+00	0.0000000000000000E+00	0.0000000000000000E+00	0.0000000000000000E+00	
0.0000000000000000E+00	0.0000000000000000E+00	0.0000000000000000E+00	0.0000000000000000E+00	0.0000000000000000E+00	0.0000000000000000E+00	0.0000000000000000E+00	0.0000000000000000E+00	0.0000000000000000E+00	0.0000000000000000E+00	0.0000000000000000E+00	
0.0000000000000000E+00	0.0000000000000000E+00	0.0000000000000000E+00	0.0000000000000000E+00	0.0000000000000000E+00	0.0000000000000000E+00	0.0000000000000000E+00	0.0000000000000000E+00	0.0000000000000000E+00	0.0000000000000000E+00	0.0000000000000000E+00	
-0.0000000000000000E+00	-0.0000000000000000E+00	-0.0000000000000000E+00	0.0000000000000000E+00	0.0000000000000000E+00	0.0000000000000000E+00	0.0000000000000000E+00	0.0000000000000000E+00	0.0000000000000000E+00	0.0000000000000000E+00	0.0000000000000000E+00	
0.0000000000000000E+00	0.0000000000000000E+00	0.0000000000000000E+00	-0.0000000000000000E+00	-0.0000000000000000E+00	0.0000000000000000E+00	0.0000000000000000E+00	0.0000000000000000E+00	0.0000000000000000E+00	0.0000000000000000E+00	0.0000000000000000E+00	
-0.0000000000000000E+00	-0.0000000000000000E+00	-0.0000000000000000E+00	0.0000000000000000E+00	0.0000000000000000E+00	0.0000000000000000E+00	0.0000000000000000E+00	0.0000000000000000E+00	0.0000000000000000E+00	0.0000000000000000E+00	0.0000000000000000E+00	
-0.0000000000000000E+00	-0.0000000000000000E+00	-0.0000000000000000E+00	0.0000000000000000E+00	0.0000000000000000E+00	0.0000000000000000E+00	-0.0000000000000000E+00	0.0000000000000000E+00	0.0000000000000000E+00	0.0000000000000000E+00	0.0000000000000000E+00	
0.0000000000000000E+00	-0.0000000000000000E+00	0.0000000000000000E+00	0.0000000000000000E+00	0.0000000000000000E+00	0.0000000000000000E+00	-0.0000000000000000E+00	0.0000000000000000E+00	0.0000000000000000E+00	0.0000000000000000E+00	0.0000000000000000E+00	
-0.0000000000000000E+00	-0.0000000000000000E+00	-0.0000000000000000E+00	0.0000000000000000E+00	0.0000000000000000E+00	0.0000000000000000E+00	-0.0000000000000000E+00	-0.0000000000000000E+00	0.0000000000000000E+00	0.0000000000000000E+00	0.0000000000000000E+00	
0.0000000000000000E+00	-0.0000000000000000E+00	0.0000000000000000E+00	0.0000000000000000E+00	0.0000000000000000E+00	0.0000000000000000E+00	-0.0000000000000000E+00	-0.0000000000000000E+00	0.0000000000000000E+00	0.0000000000000000E+00	0.0000000000000000E+00	

beta
0.0000000000000000E+00	0.0000000000000000E+00	0.0000000000000000E+00	0.0000000000000000E+00	0.0000000000000000E+00	0.0000000000000000E+00	0.0000000000000000E+00	0.0000000000000000E+00	0.0000000000000000E+00	0.0000000000000000E+00	0.0000000000000000E+00	
3.4305901468012406E-01	0.0000000000000000E+00	0.0000000000000000E+00	0.0000000000000000E+00	0.0000000000000000E+00	0.0000000000000000E+00	0.0000000000000000E+00	0.0000000000000000E+00	0.0000000000000000E+00	0.0000000000000000E+00	0.0000000000000000E+00	
3.3165046733698106E-01	4.4249090649609935E-01	0.0000000000000000E+00	0.0000000000000000E+00	0.0000000000000000E+00	0.0000000000000000E+00	0.0000000000000000E+00	0.0000000000000000E+00	0.0000000000000000E+00	0.0000000000000000E+00	0.0000000000000000E+00	
3.0401222635193459E-01	3.9464953505781608E-01	2.4960145160377870E-01	0.0000000000000000E+00	0.0000000000000000E+00	0.0000000000000000E+00	0.0000000000000000E+00	0.0000000000000000E+00	0.0000000000000000E+00	0.0000000000000000E+00	0.0000000000000000E+00	
-3.6505010392724691E-02	-1.0599149680070008E-01	-2.4981823477648213E-02	5.9921852933803577E-01	0.0000000000000000E+00	0.0000000000000000E+00	0.0000000000000000E+00	0.0000000000000000E+00	0.0000000000000000E+00	0.0000000000000000E+00	0.0000000000000000E+00	
1.4769931814894854E-01	1.3437729539586440E-01	1.2614830523085255E-01	-3.0214698614309532E-01	-1.6496401764208486E-02	0.0000000000000000E+00	0.0000000000000000E+00	0.0000000000000000E+00	0.0000000000000000E+00	0.0000000000000000E+00	0.0000000000000000E+00	
-2.6564571499491062E-02	-9.0105102180249835E-02	-1.7074408664511924E-02	5.2956718207022724E-01	1.2665187879084799E-02	6.4362117976443078E-01	0.0000000000000000E+00	0.0000000000000000E+00	0.0000000000000000E+00	0.0000000000000000E+00	0.0000000000000000E+00	
-7.5926864785560502E-02	-1.2967430279494174E-01	-5.9688914120623104E-02	5.9205464602792435E-01	1.7392876003991503E-02	1.0030814944225364E+00	-3.5437552525121518E-01	0.0000000000000000E+00	0.0000000000000000E+00	0.0000000000000000E+00	0.0000000000000000E+00	
4.5790909605910993E-02	-3.6274767288384246E-02	4.5745215736739668E-02	4.6802995785893775E-01	6.3487173718301884E-03	1.4400618924295649E-01	-2.9846816893155381E-03	3.8880498151020219E-04	0.0000000000000000E+00	0.0000000000000000E+00	0.0000000000000000E+00	
-1.7256274705664525E-02	-2.7691550672534756E-02	-1.3717365668148983E-02	1.2172897890378878E-01	3.6911304840679948E-03	2.1632901236970561E-01	-7.7170903138272545E-02	-3.2048740002574777E-04	2.5355093110294324E-01	0.0000000000000000E+00	0.0000000000000000E+00	
5.8716760454651067E-03	-3.7192923047764614E-02	8.6365217563042582E-03	2.9455059235059511E-01	5.6004148152664869E-03	2.3135954466258582E-01	-6.1982197415922598E-02	-8.7013243471774333E-05	7.0308631580777825E-02	4.8293475249616447E-01	0.0000000000000000E+00	

gamma1
0.0000000000000000E+00	0.0000000000000000E+00	9.5727746107661171E-01	9.2010646202701685E-01	-4.0685793976418616E-01	-1.1159898502005157E+00	-5.4539271008684542E-01	1.6982707312557590E+00	-2.6942814874255072E-01	-8.3366126519054351E-01	2.7729589189413029E-01	

gamma2
0.0000000000000000E+00	1.0000000000000000E+00	3.3255349240073451E-02	8.4159612984107540E-02	4.4806394068194166E-01	6.6446436753832150E-01	5.3942489949807371E-01	-3.4495966353756319E-01	5.1979999141880284E-01	4.2038215975611920E-01	2.1416731161606797E-01	

gamma3
0.0000000000000000E+00	0.0000000000000000E+00	0.0000000000000000E+00	0.0000000000000000E+00	6.7473540119322895E-01	4.1852094849698529E-01	3.8971680758026511E-01	1.8055254062721546E-01	-3.3267090502653474E-01	5.2860944705345281E-01	5.7834220258508748E-02	

delta
1.0000000000000000E+00	2.8468170984975327E-01	-3.3537199774271192E-01	6.8465917513857311E-01	9.2067359567975104E-01	-4.1222024104902932E-01	4.0518944950414892E-01	5.3453351873413846E-01	2.2296279253536843E-02	0.0000000000000000E+00	

r
0.0000000000000000E+00	

errcoeff
2.1999674022863767E-03	

v
1.0000000000000000E+00	
1.0000000000000000E+00	
1.0000000000000000E+00	
1.0000000000000000E+00	
1.0000000000000000E+00	
1.0000000000000000E+00	
1.0000000000000000E+00	
1.0000000000000000E+00	
1.0000000000000000E+00	
1.0000000000000000E+00	
1.0000000000000000E+00	

==============================================================

