#stage		 order
20	 		3


A
0.0000000000000000E+00	0.0000000000000000E+00	0.0000000000000000E+00	0.0000000000000000E+00	0.0000000000000000E+00	0.0000000000000000E+00	0.0000000000000000E+00	0.0000000000000000E+00	0.0000000000000000E+00	0.0000000000000000E+00	0.0000000000000000E+00	0.0000000000000000E+00	0.0000000000000000E+00	0.0000000000000000E+00	0.0000000000000000E+00	0.0000000000000000E+00	0.0000000000000000E+00	0.0000000000000000E+00	0.0000000000000000E+00	0.0000000000000000E+00	
8.8620716037891178E-02	0.0000000000000000E+00	0.0000000000000000E+00	0.0000000000000000E+00	0.0000000000000000E+00	0.0000000000000000E+00	0.0000000000000000E+00	0.0000000000000000E+00	0.0000000000000000E+00	0.0000000000000000E+00	0.0000000000000000E+00	0.0000000000000000E+00	0.0000000000000000E+00	0.0000000000000000E+00	0.0000000000000000E+00	0.0000000000000000E+00	0.0000000000000000E+00	0.0000000000000000E+00	0.0000000000000000E+00	0.0000000000000000E+00	
6.4427433097314468E-02	2.7254098904827974E-02	0.0000000000000000E+00	0.0000000000000000E+00	0.0000000000000000E+00	0.0000000000000000E+00	0.0000000000000000E+00	0.0000000000000000E+00	0.0000000000000000E+00	0.0000000000000000E+00	0.0000000000000000E+00	0.0000000000000000E+00	0.0000000000000000E+00	0.0000000000000000E+00	0.0000000000000000E+00	0.0000000000000000E+00	0.0000000000000000E+00	0.0000000000000000E+00	0.0000000000000000E+00	0.0000000000000000E+00	
6.6376440905800915E-02	2.8507799360862236E-02	3.0736239573552637E-01	0.0000000000000000E+00	0.0000000000000000E+00	0.0000000000000000E+00	0.0000000000000000E+00	0.0000000000000000E+00	0.0000000000000000E+00	0.0000000000000000E+00	0.0000000000000000E+00	0.0000000000000000E+00	0.0000000000000000E+00	0.0000000000000000E+00	0.0000000000000000E+00	0.0000000000000000E+00	0.0000000000000000E+00	0.0000000000000000E+00	0.0000000000000000E+00	0.0000000000000000E+00	
3.5400567406386196E-02	1.0228576008014578E-02	7.2349389237989836E-02	8.2390935209946756E-03	0.0000000000000000E+00	0.0000000000000000E+00	0.0000000000000000E+00	0.0000000000000000E+00	0.0000000000000000E+00	0.0000000000000000E+00	0.0000000000000000E+00	0.0000000000000000E+00	0.0000000000000000E+00	0.0000000000000000E+00	0.0000000000000000E+00	0.0000000000000000E+00	0.0000000000000000E+00	0.0000000000000000E+00	0.0000000000000000E+00	0.0000000000000000E+00	
4.1948217709549242E-02	1.2079379735847932E-02	8.4975278846959060E-02	8.1212972563357265E-03	1.0535477629321191E-01	0.0000000000000000E+00	0.0000000000000000E+00	0.0000000000000000E+00	0.0000000000000000E+00	0.0000000000000000E+00	0.0000000000000000E+00	0.0000000000000000E+00	0.0000000000000000E+00	0.0000000000000000E+00	0.0000000000000000E+00	0.0000000000000000E+00	0.0000000000000000E+00	0.0000000000000000E+00	0.0000000000000000E+00	0.0000000000000000E+00	
3.6933640453086572E-02	1.0516332584651268E-02	7.2625933350175587E-02	2.3906935528240150E-03	3.0930296714662131E-02	2.4230340959460632E-02	0.0000000000000000E+00	0.0000000000000000E+00	0.0000000000000000E+00	0.0000000000000000E+00	0.0000000000000000E+00	0.0000000000000000E+00	0.0000000000000000E+00	0.0000000000000000E+00	0.0000000000000000E+00	0.0000000000000000E+00	0.0000000000000000E+00	0.0000000000000000E+00	0.0000000000000000E+00	0.0000000000000000E+00	
3.1615154488864830E-02	9.0371682879340359E-03	6.2815579313329900E-02	3.4537149933861425E-03	4.4757148389925540E-02	3.1609187613362996E-02	2.6288020735580586E-01	0.0000000000000000E+00	0.0000000000000000E+00	0.0000000000000000E+00	0.0000000000000000E+00	0.0000000000000000E+00	0.0000000000000000E+00	0.0000000000000000E+00	0.0000000000000000E+00	0.0000000000000000E+00	0.0000000000000000E+00	0.0000000000000000E+00	0.0000000000000000E+00	0.0000000000000000E+00	
2.9901032463822259E-02	8.5249578045136620E-03	5.9000668273440908E-02	2.3776999164079912E-03	3.0785347461058626E-02	2.3031753119612038E-02	1.9013150312872690E-01	4.2616021853052816E-01	0.0000000000000000E+00	0.0000000000000000E+00	0.0000000000000000E+00	0.0000000000000000E+00	0.0000000000000000E+00	0.0000000000000000E+00	0.0000000000000000E+00	0.0000000000000000E+00	0.0000000000000000E+00	0.0000000000000000E+00	0.0000000000000000E+00	0.0000000000000000E+00	
2.7168066991937176E-02	7.6897993009101828E-03	5.2577754776694324E-02	-7.7485021171759191E-05	-1.0986415469907557E-03	3.6442859817335110E-03	2.5463445399467433E-02	4.4607800467572511E-02	1.8465110194652243E-03	0.0000000000000000E+00	0.0000000000000000E+00	0.0000000000000000E+00	0.0000000000000000E+00	0.0000000000000000E+00	0.0000000000000000E+00	0.0000000000000000E+00	0.0000000000000000E+00	0.0000000000000000E+00	0.0000000000000000E+00	0.0000000000000000E+00	
4.1034336161516943E-02	1.1616881781646500E-02	7.9455119260199769E-02	-2.5186220949986767E-05	-4.6627757821931701E-04	6.2135895230013153E-03	4.4504764938709501E-02	8.1436136149805827E-02	-5.0450076741505138E-04	1.0036778887603286E-01	0.0000000000000000E+00	0.0000000000000000E+00	0.0000000000000000E+00	0.0000000000000000E+00	0.0000000000000000E+00	0.0000000000000000E+00	0.0000000000000000E+00	0.0000000000000000E+00	0.0000000000000000E+00	0.0000000000000000E+00	
2.8855851701371758E-02	8.1690906208843408E-03	5.5873010007087179E-02	-1.9472089231964814E-05	-3.5076558910246717E-04	4.3558744925758629E-03	3.1180407192789215E-02	5.6997325621870709E-02	-2.9163089799352554E-04	5.8925407922173829E-02	5.0550470509691292E-01	0.0000000000000000E+00	0.0000000000000000E+00	0.0000000000000000E+00	0.0000000000000000E+00	0.0000000000000000E+00	0.0000000000000000E+00	0.0000000000000000E+00	0.0000000000000000E+00	0.0000000000000000E+00	
2.2939241414033050E-02	6.4940575281618477E-03	4.4416042302566273E-02	-1.7115701467273344E-05	-3.0009869891360142E-04	3.4501093204936896E-03	2.4679481050338549E-02	4.5060094355702039E-02	-1.7316444355581768E-04	3.6013921346728428E-02	3.1084068443132296E-01	6.5904065201857598E-01	0.0000000000000000E+00	0.0000000000000000E+00	0.0000000000000000E+00	0.0000000000000000E+00	0.0000000000000000E+00	0.0000000000000000E+00	0.0000000000000000E+00	0.0000000000000000E+00	
2.4682281982382641E-02	6.9874582781987681E-03	4.7790063554189730E-02	-2.0449837460507263E-05	-3.4931849519494087E-04	3.6965613439305716E-03	2.6420908070803720E-02	4.8172660439806655E-02	-1.1340102978291562E-04	2.5290589632080154E-02	2.2133727376923079E-01	4.6804922546300709E-01	1.1563341063289935E-01	0.0000000000000000E+00	0.0000000000000000E+00	0.0000000000000000E+00	0.0000000000000000E+00	0.0000000000000000E+00	0.0000000000000000E+00	0.0000000000000000E+00	
1.5616810434661210E-02	4.4210290616844118E-03	3.0236872443156610E-02	-1.4113882418011299E-05	-2.3628188544019336E-04	2.3297897253109416E-03	1.6639527409196261E-02	3.0299603743743984E-02	-2.9616994083716164E-05	8.2247003655474792E-03	7.4681691896547053E-02	1.5685346809755324E-01	2.9074220808938872E-02	-1.0032682090982060E-01	0.0000000000000000E+00	0.0000000000000000E+00	0.0000000000000000E+00	0.0000000000000000E+00	0.0000000000000000E+00	0.0000000000000000E+00	
-3.6774229543114066E-02	-1.0410477478507159E-02	-7.1199581687333036E-02	3.7034863245722732E-05	6.0575181907669131E-04	-5.4568096687747543E-03	-3.8932421802153429E-02	-7.0767340995151945E-02	-6.6509297690651396E-05	5.7818628991894369E-03	3.5506419977226755E-02	8.1072219373252707E-02	7.4110241183047210E-02	-4.6904478915110381E-01	6.7626134797779869E-01	0.0000000000000000E+00	0.0000000000000000E+00	0.0000000000000000E+00	0.0000000000000000E+00	0.0000000000000000E+00	
3.1341640517257137E-02	8.8726105932278847E-03	6.0682387870724927E-02	-2.9415656039856539E-05	-4.8836085325342903E-04	4.6672745187505693E-03	3.3322390082473577E-02	6.0641873949556183E-02	-2.0343732778753212E-05	9.2900960054817898E-03	8.9231801951925621E-02	1.8554837651322556E-01	1.7440193410119723E-02	1.0253443597301182E-03	-3.0449640686873169E-03	-7.6606855694229603E-05	0.0000000000000000E+00	0.0000000000000000E+00	0.0000000000000000E+00	0.0000000000000000E+00	
4.4440527964773172E-02	1.2580816262460935E-02	8.6043865803553665E-02	-4.1809707476305071E-05	-6.9376621375487975E-04	6.6171365016540534E-03	4.7242520805602449E-02	8.5971139845791994E-02	-2.5256480104767381E-05	1.2510201286648792E-02	1.2095656030870393E-01	2.5122918744211847E-01	2.0972856792231265E-02	2.0035626840568092E-02	-3.1035438046211172E-02	-5.4994923819634671E-05	2.2045112030599082E-01	0.0000000000000000E+00	0.0000000000000000E+00	0.0000000000000000E+00	
1.9953043077405766E-02	5.6485690086812944E-03	3.8632161440602969E-02	-1.8933641954691489E-05	-3.1359097239104668E-04	2.9697325455008677E-03	2.1200441575596168E-02	3.8574813869980074E-02	-5.5381239367927135E-06	4.5460047969425009E-03	4.5307425414801122E-02	9.3618263569571536E-02	3.3456217419923842E-03	3.9027243148603279E-02	-5.7115454310836838E-02	6.1982562460263508E-05	-2.9264521188849768E-01	2.6012713355351880E-01	0.0000000000000000E+00	0.0000000000000000E+00	
2.8492359136247310E-02	8.0659947423587126E-03	5.5165668477601806E-02	-2.6868862603831328E-05	-4.4561866164298503E-04	4.2419868385761257E-03	3.0284653097153016E-02	5.5109392911043102E-02	-1.3926076593979611E-05	7.6023292637716353E-03	7.4033066917883236E-02	1.5357820924791873E-01	1.1074508415639343E-02	2.4579071845965195E-02	-3.6769020599678834E-02	-1.3949077787485510E-06	-1.1671249850659024E-02	1.6991268261372400E-02	1.5246929120072571E-02	0.0000000000000000E+00	

b
5.6774340857006278E-02	
1.6072433297210573E-02	
1.0992401776006752E-01	
-5.3529731652734853E-05	
-8.8782228356079499E-04	
8.4527265243285153E-03	
6.0346327192947399E-02	
1.0981334794758218E-01	
-2.8093691591500306E-05	
1.5212088430451045E-02	
1.4805371041201826E-01	
3.0716087423492189E-01	
2.2427590651782209E-02	
4.7194088177691287E-02	
-7.0703471076727212E-02	
-7.9242094687545813E-06	
-1.0858747711849775E-05	
1.3573245012532736E-02	
-3.0309481073356064E-02	
1.8699639031552895E-01	

c
0.0000000000000000E+00	
8.8620716037891178E-02	
9.1681532002142435E-02	
4.0224663600218952E-01	
1.2621762617338528E-01	
2.5247894984190389E-01	
1.7762723761486021E-01	
4.4616816044260932E-01	
7.6991318069811054E-01	
1.6182153736961785E-01	
3.6363265212432838E-01	
7.4919980407933784E-01	
1.1524439049239861E+00	
9.8757726380409105E-01	
2.6777088031457752E-01	
1.7072271846900844E-01	
4.9840429860601948E-01	
8.9720029478873098E-01	
2.2291370736803995E-01	
4.3553735931664578E-01	

alpha
0.0000000000000000E+00	0.0000000000000000E+00	0.0000000000000000E+00	0.0000000000000000E+00	0.0000000000000000E+00	0.0000000000000000E+00	0.0000000000000000E+00	0.0000000000000000E+00	0.0000000000000000E+00	0.0000000000000000E+00	0.0000000000000000E+00	0.0000000000000000E+00	0.0000000000000000E+00	0.0000000000000000E+00	0.0000000000000000E+00	0.0000000000000000E+00	0.0000000000000000E+00	0.0000000000000000E+00	0.0000000000000000E+00	0.0000000000000000E+00	0.0000000000000000E+00	
0.0000000000000000E+00	0.0000000000000000E+00	0.0000000000000000E+00	0.0000000000000000E+00	0.0000000000000000E+00	0.0000000000000000E+00	0.0000000000000000E+00	0.0000000000000000E+00	0.0000000000000000E+00	0.0000000000000000E+00	0.0000000000000000E+00	0.0000000000000000E+00	0.0000000000000000E+00	0.0000000000000000E+00	0.0000000000000000E+00	0.0000000000000000E+00	0.0000000000000000E+00	0.0000000000000000E+00	0.0000000000000000E+00	0.0000000000000000E+00	0.0000000000000000E+00	
0.0000000000000000E+00	0.0000000000000000E+00	0.0000000000000000E+00	0.0000000000000000E+00	0.0000000000000000E+00	0.0000000000000000E+00	0.0000000000000000E+00	0.0000000000000000E+00	0.0000000000000000E+00	0.0000000000000000E+00	0.0000000000000000E+00	0.0000000000000000E+00	0.0000000000000000E+00	0.0000000000000000E+00	0.0000000000000000E+00	0.0000000000000000E+00	0.0000000000000000E+00	0.0000000000000000E+00	0.0000000000000000E+00	0.0000000000000000E+00	0.0000000000000000E+00	
0.0000000000000000E+00	0.0000000000000000E+00	0.0000000000000000E+00	0.0000000000000000E+00	0.0000000000000000E+00	0.0000000000000000E+00	0.0000000000000000E+00	0.0000000000000000E+00	0.0000000000000000E+00	0.0000000000000000E+00	0.0000000000000000E+00	0.0000000000000000E+00	0.0000000000000000E+00	0.0000000000000000E+00	0.0000000000000000E+00	0.0000000000000000E+00	0.0000000000000000E+00	0.0000000000000000E+00	0.0000000000000000E+00	0.0000000000000000E+00	0.0000000000000000E+00	
0.0000000000000000E+00	0.0000000000000000E+00	0.0000000000000000E+00	0.0000000000000000E+00	0.0000000000000000E+00	0.0000000000000000E+00	0.0000000000000000E+00	0.0000000000000000E+00	0.0000000000000000E+00	0.0000000000000000E+00	0.0000000000000000E+00	0.0000000000000000E+00	0.0000000000000000E+00	0.0000000000000000E+00	0.0000000000000000E+00	0.0000000000000000E+00	0.0000000000000000E+00	0.0000000000000000E+00	0.0000000000000000E+00	0.0000000000000000E+00	0.0000000000000000E+00	
0.0000000000000000E+00	0.0000000000000000E+00	0.0000000000000000E+00	0.0000000000000000E+00	0.0000000000000000E+00	0.0000000000000000E+00	0.0000000000000000E+00	0.0000000000000000E+00	0.0000000000000000E+00	0.0000000000000000E+00	0.0000000000000000E+00	0.0000000000000000E+00	0.0000000000000000E+00	0.0000000000000000E+00	0.0000000000000000E+00	0.0000000000000000E+00	0.0000000000000000E+00	0.0000000000000000E+00	0.0000000000000000E+00	0.0000000000000000E+00	0.0000000000000000E+00	
0.0000000000000000E+00	0.0000000000000000E+00	0.0000000000000000E+00	0.0000000000000000E+00	0.0000000000000000E+00	0.0000000000000000E+00	0.0000000000000000E+00	0.0000000000000000E+00	0.0000000000000000E+00	0.0000000000000000E+00	0.0000000000000000E+00	0.0000000000000000E+00	0.0000000000000000E+00	0.0000000000000000E+00	0.0000000000000000E+00	0.0000000000000000E+00	0.0000000000000000E+00	0.0000000000000000E+00	0.0000000000000000E+00	0.0000000000000000E+00	0.0000000000000000E+00	
0.0000000000000000E+00	0.0000000000000000E+00	0.0000000000000000E+00	0.0000000000000000E+00	0.0000000000000000E+00	0.0000000000000000E+00	0.0000000000000000E+00	0.0000000000000000E+00	0.0000000000000000E+00	0.0000000000000000E+00	0.0000000000000000E+00	0.0000000000000000E+00	0.0000000000000000E+00	0.0000000000000000E+00	0.0000000000000000E+00	0.0000000000000000E+00	0.0000000000000000E+00	0.0000000000000000E+00	0.0000000000000000E+00	0.0000000000000000E+00	0.0000000000000000E+00	
0.0000000000000000E+00	0.0000000000000000E+00	0.0000000000000000E+00	0.0000000000000000E+00	0.0000000000000000E+00	0.0000000000000000E+00	0.0000000000000000E+00	0.0000000000000000E+00	0.0000000000000000E+00	0.0000000000000000E+00	0.0000000000000000E+00	0.0000000000000000E+00	0.0000000000000000E+00	0.0000000000000000E+00	0.0000000000000000E+00	0.0000000000000000E+00	0.0000000000000000E+00	0.0000000000000000E+00	0.0000000000000000E+00	0.0000000000000000E+00	0.0000000000000000E+00	
0.0000000000000000E+00	0.0000000000000000E+00	0.0000000000000000E+00	-0.0000000000000000E+00	-0.0000000000000000E+00	0.0000000000000000E+00	0.0000000000000000E+00	0.0000000000000000E+00	0.0000000000000000E+00	0.0000000000000000E+00	0.0000000000000000E+00	0.0000000000000000E+00	0.0000000000000000E+00	0.0000000000000000E+00	0.0000000000000000E+00	0.0000000000000000E+00	0.0000000000000000E+00	0.0000000000000000E+00	0.0000000000000000E+00	0.0000000000000000E+00	0.0000000000000000E+00	
0.0000000000000000E+00	0.0000000000000000E+00	0.0000000000000000E+00	-0.0000000000000000E+00	-0.0000000000000000E+00	0.0000000000000000E+00	0.0000000000000000E+00	0.0000000000000000E+00	-0.0000000000000000E+00	0.0000000000000000E+00	0.0000000000000000E+00	0.0000000000000000E+00	0.0000000000000000E+00	0.0000000000000000E+00	0.0000000000000000E+00	0.0000000000000000E+00	0.0000000000000000E+00	0.0000000000000000E+00	0.0000000000000000E+00	0.0000000000000000E+00	0.0000000000000000E+00	
0.0000000000000000E+00	0.0000000000000000E+00	0.0000000000000000E+00	-0.0000000000000000E+00	-0.0000000000000000E+00	0.0000000000000000E+00	0.0000000000000000E+00	0.0000000000000000E+00	-0.0000000000000000E+00	0.0000000000000000E+00	0.0000000000000000E+00	0.0000000000000000E+00	0.0000000000000000E+00	0.0000000000000000E+00	0.0000000000000000E+00	0.0000000000000000E+00	0.0000000000000000E+00	0.0000000000000000E+00	0.0000000000000000E+00	0.0000000000000000E+00	0.0000000000000000E+00	
0.0000000000000000E+00	0.0000000000000000E+00	0.0000000000000000E+00	-0.0000000000000000E+00	-0.0000000000000000E+00	0.0000000000000000E+00	0.0000000000000000E+00	0.0000000000000000E+00	-0.0000000000000000E+00	0.0000000000000000E+00	0.0000000000000000E+00	0.0000000000000000E+00	0.0000000000000000E+00	0.0000000000000000E+00	0.0000000000000000E+00	0.0000000000000000E+00	0.0000000000000000E+00	0.0000000000000000E+00	0.0000000000000000E+00	0.0000000000000000E+00	0.0000000000000000E+00	
0.0000000000000000E+00	0.0000000000000000E+00	0.0000000000000000E+00	-0.0000000000000000E+00	-0.0000000000000000E+00	0.0000000000000000E+00	0.0000000000000000E+00	0.0000000000000000E+00	-0.0000000000000000E+00	0.0000000000000000E+00	0.0000000000000000E+00	0.0000000000000000E+00	0.0000000000000000E+00	0.0000000000000000E+00	0.0000000000000000E+00	0.0000000000000000E+00	0.0000000000000000E+00	0.0000000000000000E+00	0.0000000000000000E+00	0.0000000000000000E+00	0.0000000000000000E+00	
0.0000000000000000E+00	0.0000000000000000E+00	0.0000000000000000E+00	-0.0000000000000000E+00	-0.0000000000000000E+00	0.0000000000000000E+00	0.0000000000000000E+00	0.0000000000000000E+00	-0.0000000000000000E+00	0.0000000000000000E+00	0.0000000000000000E+00	0.0000000000000000E+00	0.0000000000000000E+00	-0.0000000000000000E+00	0.0000000000000000E+00	0.0000000000000000E+00	0.0000000000000000E+00	0.0000000000000000E+00	0.0000000000000000E+00	0.0000000000000000E+00	0.0000000000000000E+00	
-0.0000000000000000E+00	-0.0000000000000000E+00	-0.0000000000000000E+00	0.0000000000000000E+00	0.0000000000000000E+00	-0.0000000000000000E+00	-0.0000000000000000E+00	-0.0000000000000000E+00	-0.0000000000000000E+00	0.0000000000000000E+00	0.0000000000000000E+00	0.0000000000000000E+00	0.0000000000000000E+00	-0.0000000000000000E+00	0.0000000000000000E+00	0.0000000000000000E+00	0.0000000000000000E+00	0.0000000000000000E+00	0.0000000000000000E+00	0.0000000000000000E+00	0.0000000000000000E+00	
0.0000000000000000E+00	0.0000000000000000E+00	0.0000000000000000E+00	-0.0000000000000000E+00	-0.0000000000000000E+00	0.0000000000000000E+00	0.0000000000000000E+00	0.0000000000000000E+00	-0.0000000000000000E+00	0.0000000000000000E+00	0.0000000000000000E+00	0.0000000000000000E+00	0.0000000000000000E+00	0.0000000000000000E+00	-0.0000000000000000E+00	-0.0000000000000000E+00	0.0000000000000000E+00	0.0000000000000000E+00	0.0000000000000000E+00	0.0000000000000000E+00	0.0000000000000000E+00	
0.0000000000000000E+00	0.0000000000000000E+00	0.0000000000000000E+00	-0.0000000000000000E+00	-0.0000000000000000E+00	0.0000000000000000E+00	0.0000000000000000E+00	0.0000000000000000E+00	-0.0000000000000000E+00	0.0000000000000000E+00	0.0000000000000000E+00	0.0000000000000000E+00	0.0000000000000000E+00	0.0000000000000000E+00	-0.0000000000000000E+00	-0.0000000000000000E+00	0.0000000000000000E+00	0.0000000000000000E+00	0.0000000000000000E+00	0.0000000000000000E+00	0.0000000000000000E+00	
0.0000000000000000E+00	0.0000000000000000E+00	0.0000000000000000E+00	-0.0000000000000000E+00	-0.0000000000000000E+00	0.0000000000000000E+00	0.0000000000000000E+00	0.0000000000000000E+00	-0.0000000000000000E+00	0.0000000000000000E+00	0.0000000000000000E+00	0.0000000000000000E+00	0.0000000000000000E+00	0.0000000000000000E+00	-0.0000000000000000E+00	0.0000000000000000E+00	-0.0000000000000000E+00	0.0000000000000000E+00	0.0000000000000000E+00	0.0000000000000000E+00	0.0000000000000000E+00	
0.0000000000000000E+00	0.0000000000000000E+00	0.0000000000000000E+00	-0.0000000000000000E+00	-0.0000000000000000E+00	0.0000000000000000E+00	0.0000000000000000E+00	0.0000000000000000E+00	-0.0000000000000000E+00	0.0000000000000000E+00	0.0000000000000000E+00	0.0000000000000000E+00	0.0000000000000000E+00	0.0000000000000000E+00	-0.0000000000000000E+00	-0.0000000000000000E+00	-0.0000000000000000E+00	0.0000000000000000E+00	0.0000000000000000E+00	0.0000000000000000E+00	0.0000000000000000E+00	
0.0000000000000000E+00	0.0000000000000000E+00	0.0000000000000000E+00	-0.0000000000000000E+00	-0.0000000000000000E+00	0.0000000000000000E+00	0.0000000000000000E+00	0.0000000000000000E+00	-0.0000000000000000E+00	0.0000000000000000E+00	0.0000000000000000E+00	0.0000000000000000E+00	0.0000000000000000E+00	0.0000000000000000E+00	-0.0000000000000000E+00	-0.0000000000000000E+00	-0.0000000000000000E+00	0.0000000000000000E+00	-0.0000000000000000E+00	0.0000000000000000E+00	0.0000000000000000E+00	

beta
0.0000000000000000E+00	0.0000000000000000E+00	0.0000000000000000E+00	0.0000000000000000E+00	0.0000000000000000E+00	0.0000000000000000E+00	0.0000000000000000E+00	0.0000000000000000E+00	0.0000000000000000E+00	0.0000000000000000E+00	0.0000000000000000E+00	0.0000000000000000E+00	0.0000000000000000E+00	0.0000000000000000E+00	0.0000000000000000E+00	0.0000000000000000E+00	0.0000000000000000E+00	0.0000000000000000E+00	0.0000000000000000E+00	0.0000000000000000E+00	0.0000000000000000E+00	
8.8620716037891178E-02	0.0000000000000000E+00	0.0000000000000000E+00	0.0000000000000000E+00	0.0000000000000000E+00	0.0000000000000000E+00	0.0000000000000000E+00	0.0000000000000000E+00	0.0000000000000000E+00	0.0000000000000000E+00	0.0000000000000000E+00	0.0000000000000000E+00	0.0000000000000000E+00	0.0000000000000000E+00	0.0000000000000000E+00	0.0000000000000000E+00	0.0000000000000000E+00	0.0000000000000000E+00	0.0000000000000000E+00	0.0000000000000000E+00	0.0000000000000000E+00	
6.4427433097314468E-02	2.7254098904827974E-02	0.0000000000000000E+00	0.0000000000000000E+00	0.0000000000000000E+00	0.0000000000000000E+00	0.0000000000000000E+00	0.0000000000000000E+00	0.0000000000000000E+00	0.0000000000000000E+00	0.0000000000000000E+00	0.0000000000000000E+00	0.0000000000000000E+00	0.0000000000000000E+00	0.0000000000000000E+00	0.0000000000000000E+00	0.0000000000000000E+00	0.0000000000000000E+00	0.0000000000000000E+00	0.0000000000000000E+00	0.0000000000000000E+00	
6.6376440905800915E-02	2.8507799360862236E-02	3.0736239573552637E-01	0.0000000000000000E+00	0.0000000000000000E+00	0.0000000000000000E+00	0.0000000000000000E+00	0.0000000000000000E+00	0.0000000000000000E+00	0.0000000000000000E+00	0.0000000000000000E+00	0.0000000000000000E+00	0.0000000000000000E+00	0.0000000000000000E+00	0.0000000000000000E+00	0.0000000000000000E+00	0.0000000000000000E+00	0.0000000000000000E+00	0.0000000000000000E+00	0.0000000000000000E+00	0.0000000000000000E+00	
3.5400567406386196E-02	1.0228576008014578E-02	7.2349389237989836E-02	8.2390935209946756E-03	0.0000000000000000E+00	0.0000000000000000E+00	0.0000000000000000E+00	0.0000000000000000E+00	0.0000000000000000E+00	0.0000000000000000E+00	0.0000000000000000E+00	0.0000000000000000E+00	0.0000000000000000E+00	0.0000000000000000E+00	0.0000000000000000E+00	0.0000000000000000E+00	0.0000000000000000E+00	0.0000000000000000E+00	0.0000000000000000E+00	0.0000000000000000E+00	0.0000000000000000E+00	
4.1948217709549242E-02	1.2079379735847932E-02	8.4975278846959060E-02	8.1212972563357265E-03	1.0535477629321191E-01	0.0000000000000000E+00	0.0000000000000000E+00	0.0000000000000000E+00	0.0000000000000000E+00	0.0000000000000000E+00	0.0000000000000000E+00	0.0000000000000000E+00	0.0000000000000000E+00	0.0000000000000000E+00	0.0000000000000000E+00	0.0000000000000000E+00	0.0000000000000000E+00	0.0000000000000000E+00	0.0000000000000000E+00	0.0000000000000000E+00	0.0000000000000000E+00	
3.6933640453086572E-02	1.0516332584651268E-02	7.2625933350175587E-02	2.3906935528240150E-03	3.0930296714662131E-02	2.4230340959460632E-02	0.0000000000000000E+00	0.0000000000000000E+00	0.0000000000000000E+00	0.0000000000000000E+00	0.0000000000000000E+00	0.0000000000000000E+00	0.0000000000000000E+00	0.0000000000000000E+00	0.0000000000000000E+00	0.0000000000000000E+00	0.0000000000000000E+00	0.0000000000000000E+00	0.0000000000000000E+00	0.0000000000000000E+00	0.0000000000000000E+00	
3.1615154488864830E-02	9.0371682879340359E-03	6.2815579313329900E-02	3.4537149933861425E-03	4.4757148389925540E-02	3.1609187613362996E-02	2.6288020735580586E-01	0.0000000000000000E+00	0.0000000000000000E+00	0.0000000000000000E+00	0.0000000000000000E+00	0.0000000000000000E+00	0.0000000000000000E+00	0.0000000000000000E+00	0.0000000000000000E+00	0.0000000000000000E+00	0.0000000000000000E+00	0.0000000000000000E+00	0.0000000000000000E+00	0.0000000000000000E+00	0.0000000000000000E+00	
2.9901032463822259E-02	8.5249578045136620E-03	5.9000668273440908E-02	2.3776999164079912E-03	3.0785347461058626E-02	2.3031753119612038E-02	1.9013150312872690E-01	4.2616021853052816E-01	0.0000000000000000E+00	0.0000000000000000E+00	0.0000000000000000E+00	0.0000000000000000E+00	0.0000000000000000E+00	0.0000000000000000E+00	0.0000000000000000E+00	0.0000000000000000E+00	0.0000000000000000E+00	0.0000000000000000E+00	0.0000000000000000E+00	0.0000000000000000E+00	0.0000000000000000E+00	
2.7168066991937176E-02	7.6897993009101828E-03	5.2577754776694324E-02	-7.7485021171759191E-05	-1.0986415469907557E-03	3.6442859817335110E-03	2.5463445399467433E-02	4.4607800467572511E-02	1.8465110194652243E-03	0.0000000000000000E+00	0.0000000000000000E+00	0.0000000000000000E+00	0.0000000000000000E+00	0.0000000000000000E+00	0.0000000000000000E+00	0.0000000000000000E+00	0.0000000000000000E+00	0.0000000000000000E+00	0.0000000000000000E+00	0.0000000000000000E+00	0.0000000000000000E+00	
4.1034336161516943E-02	1.1616881781646500E-02	7.9455119260199769E-02	-2.5186220949986767E-05	-4.6627757821931701E-04	6.2135895230013153E-03	4.4504764938709501E-02	8.1436136149805827E-02	-5.0450076741505138E-04	1.0036778887603286E-01	0.0000000000000000E+00	0.0000000000000000E+00	0.0000000000000000E+00	0.0000000000000000E+00	0.0000000000000000E+00	0.0000000000000000E+00	0.0000000000000000E+00	0.0000000000000000E+00	0.0000000000000000E+00	0.0000000000000000E+00	0.0000000000000000E+00	
2.8855851701371758E-02	8.1690906208843408E-03	5.5873010007087179E-02	-1.9472089231964814E-05	-3.5076558910246717E-04	4.3558744925758629E-03	3.1180407192789215E-02	5.6997325621870709E-02	-2.9163089799352554E-04	5.8925407922173829E-02	5.0550470509691292E-01	0.0000000000000000E+00	0.0000000000000000E+00	0.0000000000000000E+00	0.0000000000000000E+00	0.0000000000000000E+00	0.0000000000000000E+00	0.0000000000000000E+00	0.0000000000000000E+00	0.0000000000000000E+00	0.0000000000000000E+00	
2.2939241414033050E-02	6.4940575281618477E-03	4.4416042302566273E-02	-1.7115701467273344E-05	-3.0009869891360142E-04	3.4501093204936896E-03	2.4679481050338549E-02	4.5060094355702039E-02	-1.7316444355581768E-04	3.6013921346728428E-02	3.1084068443132296E-01	6.5904065201857598E-01	0.0000000000000000E+00	0.0000000000000000E+00	0.0000000000000000E+00	0.0000000000000000E+00	0.0000000000000000E+00	0.0000000000000000E+00	0.0000000000000000E+00	0.0000000000000000E+00	0.0000000000000000E+00	
2.4682281982382641E-02	6.9874582781987681E-03	4.7790063554189730E-02	-2.0449837460507263E-05	-3.4931849519494087E-04	3.6965613439305716E-03	2.6420908070803720E-02	4.8172660439806655E-02	-1.1340102978291562E-04	2.5290589632080154E-02	2.2133727376923079E-01	4.6804922546300709E-01	1.1563341063289935E-01	0.0000000000000000E+00	0.0000000000000000E+00	0.0000000000000000E+00	0.0000000000000000E+00	0.0000000000000000E+00	0.0000000000000000E+00	0.0000000000000000E+00	0.0000000000000000E+00	
1.5616810434661210E-02	4.4210290616844118E-03	3.0236872443156610E-02	-1.4113882418011299E-05	-2.3628188544019336E-04	2.3297897253109416E-03	1.6639527409196261E-02	3.0299603743743984E-02	-2.9616994083716164E-05	8.2247003655474792E-03	7.4681691896547053E-02	1.5685346809755324E-01	2.9074220808938872E-02	-1.0032682090982060E-01	0.0000000000000000E+00	0.0000000000000000E+00	0.0000000000000000E+00	0.0000000000000000E+00	0.0000000000000000E+00	0.0000000000000000E+00	0.0000000000000000E+00	
-3.6774229543114066E-02	-1.0410477478507159E-02	-7.1199581687333036E-02	3.7034863245722732E-05	6.0575181907669131E-04	-5.4568096687747543E-03	-3.8932421802153429E-02	-7.0767340995151945E-02	-6.6509297690651396E-05	5.7818628991894369E-03	3.5506419977226755E-02	8.1072219373252707E-02	7.4110241183047210E-02	-4.6904478915110381E-01	6.7626134797779869E-01	0.0000000000000000E+00	0.0000000000000000E+00	0.0000000000000000E+00	0.0000000000000000E+00	0.0000000000000000E+00	0.0000000000000000E+00	
3.1341640517257137E-02	8.8726105932278847E-03	6.0682387870724927E-02	-2.9415656039856539E-05	-4.8836085325342903E-04	4.6672745187505693E-03	3.3322390082473577E-02	6.0641873949556183E-02	-2.0343732778753212E-05	9.2900960054817898E-03	8.9231801951925621E-02	1.8554837651322556E-01	1.7440193410119723E-02	1.0253443597301182E-03	-3.0449640686873169E-03	-7.6606855694229603E-05	0.0000000000000000E+00	0.0000000000000000E+00	0.0000000000000000E+00	0.0000000000000000E+00	0.0000000000000000E+00	
4.4440527964773172E-02	1.2580816262460935E-02	8.6043865803553665E-02	-4.1809707476305071E-05	-6.9376621375487975E-04	6.6171365016540534E-03	4.7242520805602449E-02	8.5971139845791994E-02	-2.5256480104767381E-05	1.2510201286648792E-02	1.2095656030870393E-01	2.5122918744211847E-01	2.0972856792231265E-02	2.0035626840568092E-02	-3.1035438046211172E-02	-5.4994923819634671E-05	2.2045112030599082E-01	0.0000000000000000E+00	0.0000000000000000E+00	0.0000000000000000E+00	0.0000000000000000E+00	
1.9953043077405766E-02	5.6485690086812944E-03	3.8632161440602969E-02	-1.8933641954691489E-05	-3.1359097239104668E-04	2.9697325455008677E-03	2.1200441575596168E-02	3.8574813869980074E-02	-5.5381239367927135E-06	4.5460047969425009E-03	4.5307425414801122E-02	9.3618263569571536E-02	3.3456217419923842E-03	3.9027243148603279E-02	-5.7115454310836838E-02	6.1982562460263508E-05	-2.9264521188849768E-01	2.6012713355351880E-01	0.0000000000000000E+00	0.0000000000000000E+00	0.0000000000000000E+00	
2.8492359136247310E-02	8.0659947423587126E-03	5.5165668477601806E-02	-2.6868862603831328E-05	-4.4561866164298503E-04	4.2419868385761257E-03	3.0284653097153016E-02	5.5109392911043102E-02	-1.3926076593979611E-05	7.6023292637716353E-03	7.4033066917883236E-02	1.5357820924791873E-01	1.1074508415639343E-02	2.4579071845965195E-02	-3.6769020599678834E-02	-1.3949077787485510E-06	-1.1671249850659024E-02	1.6991268261372400E-02	1.5246929120072571E-02	0.0000000000000000E+00	0.0000000000000000E+00	
5.6774340857006278E-02	1.6072433297210573E-02	1.0992401776006752E-01	-5.3529731652734853E-05	-8.8782228356079499E-04	8.4527265243285153E-03	6.0346327192947399E-02	1.0981334794758218E-01	-2.8093691591500306E-05	1.5212088430451045E-02	1.4805371041201826E-01	3.0716087423492189E-01	2.2427590651782209E-02	4.7194088177691287E-02	-7.0703471076727212E-02	-7.9242094687545813E-06	-1.0858747711849775E-05	1.3573245012532736E-02	-3.0309481073356064E-02	1.8699639031552895E-01	0.0000000000000000E+00	

gamma1
0.0000000000000000E+00	0.0000000000000000E+00	6.3653346926092547E-01	1.0574305394179209E+00	2.1211348691656640E-02	9.8547909346008167E-01	3.4979955507313687E-01	1.3216822418338188E+00	7.1689404145943780E-01	-2.1399899127216404E-02	-2.9868531192565295E-01	5.8907079070048818E-01	6.1419967285664778E-01	6.4822685132474944E-01	1.9934906205651104E-01	4.7135160230659547E+00	6.0781945551245609E-02	6.7547550379604226E-01	-1.4312595230445595E+00	2.0237630827279474E-02	-1.9879072588757336E+00	

gamma2
0.0000000000000000E+00	1.0000000000000000E+00	2.7299805307635389E-01	-3.4550718273219289E-02	3.9020586438662996E-01	8.0971265106670035E-02	2.8228079486592750E-01	-2.1007131309149676E-01	8.5924255036517877E-02	2.8543051049274715E-01	4.9738119836053279E-01	4.8219150123629519E-02	5.3487351605129338E-02	8.6044335286024676E-02	8.2522617174809978E-02	-8.4699198660187003E-01	2.3921761150527429E-01	1.5631701407024068E-01	5.3032947572460198E-01	1.7256257905685241E-01	6.9676417342805330E-01	

gamma3
0.0000000000000000E+00	0.0000000000000000E+00	0.0000000000000000E+00	0.0000000000000000E+00	1.1600812193548572E-01	-1.6473756931951355E-01	8.1489531334719575E-02	1.1870131018077010E-01	9.6609553398216585E-02	2.7580657443436823E-01	-2.6026392042517384E-02	2.8447960285492757E-01	2.4482353866739928E-01	6.3014856091032495E-02	4.7162589647935704E-01	-2.9813580190725281E-01	3.9890095295531891E-02	-3.0555200074932848E-01	1.8985216529253099E-01	2.0535498465391896E-01	-1.3895445193037237E-01	

delta
1.0000000000000000E+00	3.3138872839293759E-01	3.3082098209044736E-01	5.4888091658618599E-01	2.7623443923417762E-03	-1.9915369352393145E-01	8.1653363142428034E-02	7.4121866531957861E-02	4.4169657180625643E-01	5.1202020197290851E-02	-4.0979172713866273E-02	1.3309360796973551E-02	7.2022120894960473E-01	6.3116477328023379E-01	4.5274997012081319E-02	-2.7290879251240407E-01	2.7130535286159230E-01	1.9568228091074805E-01	2.6124703152324902E-01	0.0000000000000000E+00	

r
0.0000000000000000E+00	

errcoeff
5.0234146319121477E-04	

v
1.0000000000000000E+00	
1.0000000000000000E+00	
1.0000000000000000E+00	
1.0000000000000000E+00	
1.0000000000000000E+00	
1.0000000000000000E+00	
1.0000000000000000E+00	
1.0000000000000000E+00	
1.0000000000000000E+00	
1.0000000000000000E+00	
1.0000000000000000E+00	
1.0000000000000000E+00	
1.0000000000000000E+00	
1.0000000000000000E+00	
1.0000000000000000E+00	
1.0000000000000000E+00	
1.0000000000000000E+00	
1.0000000000000000E+00	
1.0000000000000000E+00	
1.0000000000000000E+00	
1.0000000000000000E+00	

==============================================================

