#stage		 order
17	 		3


A
0.0000000000000000E+00	0.0000000000000000E+00	0.0000000000000000E+00	0.0000000000000000E+00	0.0000000000000000E+00	0.0000000000000000E+00	0.0000000000000000E+00	0.0000000000000000E+00	0.0000000000000000E+00	0.0000000000000000E+00	0.0000000000000000E+00	0.0000000000000000E+00	0.0000000000000000E+00	0.0000000000000000E+00	0.0000000000000000E+00	0.0000000000000000E+00	0.0000000000000000E+00	
4.9565403010221741E-02	0.0000000000000000E+00	0.0000000000000000E+00	0.0000000000000000E+00	0.0000000000000000E+00	0.0000000000000000E+00	0.0000000000000000E+00	0.0000000000000000E+00	0.0000000000000000E+00	0.0000000000000000E+00	0.0000000000000000E+00	0.0000000000000000E+00	0.0000000000000000E+00	0.0000000000000000E+00	0.0000000000000000E+00	0.0000000000000000E+00	0.0000000000000000E+00	
3.3279271318716379E-02	9.7408718698159397E-02	0.0000000000000000E+00	0.0000000000000000E+00	0.0000000000000000E+00	0.0000000000000000E+00	0.0000000000000000E+00	0.0000000000000000E+00	0.0000000000000000E+00	0.0000000000000000E+00	0.0000000000000000E+00	0.0000000000000000E+00	0.0000000000000000E+00	0.0000000000000000E+00	0.0000000000000000E+00	0.0000000000000000E+00	0.0000000000000000E+00	
-1.1087824523841605E-02	2.8464569688755381E-02	-1.7620737976801870E-01	0.0000000000000000E+00	0.0000000000000000E+00	0.0000000000000000E+00	0.0000000000000000E+00	0.0000000000000000E+00	0.0000000000000000E+00	0.0000000000000000E+00	0.0000000000000000E+00	0.0000000000000000E+00	0.0000000000000000E+00	0.0000000000000000E+00	0.0000000000000000E+00	0.0000000000000000E+00	0.0000000000000000E+00	
2.5483320042549496E-03	1.1255291284038635E-02	1.9448713235907328E-01	1.4852069175460250E-01	0.0000000000000000E+00	0.0000000000000000E+00	0.0000000000000000E+00	0.0000000000000000E+00	0.0000000000000000E+00	0.0000000000000000E+00	0.0000000000000000E+00	0.0000000000000000E+00	0.0000000000000000E+00	0.0000000000000000E+00	0.0000000000000000E+00	0.0000000000000000E+00	0.0000000000000000E+00	
1.1387166583556078E-03	5.5416121736764495E-03	9.1337978498889985E-02	1.1836473090435604E-02	-3.3127657103714951E-02	0.0000000000000000E+00	0.0000000000000000E+00	0.0000000000000000E+00	0.0000000000000000E+00	0.0000000000000000E+00	0.0000000000000000E+00	0.0000000000000000E+00	0.0000000000000000E+00	0.0000000000000000E+00	0.0000000000000000E+00	0.0000000000000000E+00	0.0000000000000000E+00	
1.7488833125639442E-03	9.2174937389431777E-03	1.4639297983487376E-01	-5.7032764765827325E-02	-4.0495408897305928E-02	4.8294609330498492E-02	0.0000000000000000E+00	0.0000000000000000E+00	0.0000000000000000E+00	0.0000000000000000E+00	0.0000000000000000E+00	0.0000000000000000E+00	0.0000000000000000E+00	0.0000000000000000E+00	0.0000000000000000E+00	0.0000000000000000E+00	0.0000000000000000E+00	
2.6390958109357714E-03	1.4061092248715660E-02	2.2222242744529530E-01	-1.0221672743485680E-01	-5.8878261383618992E-02	6.0222041961706947E-02	4.9622612199980112E-02	0.0000000000000000E+00	0.0000000000000000E+00	0.0000000000000000E+00	0.0000000000000000E+00	0.0000000000000000E+00	0.0000000000000000E+00	0.0000000000000000E+00	0.0000000000000000E+00	0.0000000000000000E+00	0.0000000000000000E+00	
1.3057681247168713E-03	6.9843906525377721E-03	1.1018679168911594E-01	-5.3477075639300077E-02	-2.8731011772415882E-02	2.7522655035777999E-02	2.4430588572889878E-02	8.7340766269850378E-01	0.0000000000000000E+00	0.0000000000000000E+00	0.0000000000000000E+00	0.0000000000000000E+00	0.0000000000000000E+00	0.0000000000000000E+00	0.0000000000000000E+00	0.0000000000000000E+00	0.0000000000000000E+00	
6.8976521228523210E-04	3.8343505166014008E-03	5.9459175142944409E-02	-4.3673137700209086E-02	-1.3047640362305463E-02	2.4545612692053187E-03	1.2259026130765488E-02	3.7344745105957422E-02	-2.8692804399085370E-01	0.0000000000000000E+00	0.0000000000000000E+00	0.0000000000000000E+00	0.0000000000000000E+00	0.0000000000000000E+00	0.0000000000000000E+00	0.0000000000000000E+00	0.0000000000000000E+00	
6.8465091274484908E-04	3.8006993244692460E-03	5.8973136290112735E-02	-4.2793473182423047E-02	-1.3027635020960285E-02	2.8718438867175564E-03	1.2191422169819936E-02	5.2348769451605354E-02	-2.3147100645498300E-01	1.2679897532256112E+00	0.0000000000000000E+00	0.0000000000000000E+00	0.0000000000000000E+00	0.0000000000000000E+00	0.0000000000000000E+00	0.0000000000000000E+00	0.0000000000000000E+00	
2.4311997298903879E-03	1.3391309662864989E-02	2.0850550225189046E-01	-1.4078186764399814E-01	-4.7804386741826632E-02	1.8955423895951090E-02	4.3760200723278075E-02	4.9318809986030054E-01	2.5049619381546506E-01	-2.1925578515809718E-01	-1.0217436118953449E-02	0.0000000000000000E+00	0.0000000000000000E+00	0.0000000000000000E+00	0.0000000000000000E+00	0.0000000000000000E+00	0.0000000000000000E+00	
4.3177548701892774E-03	2.3779281843490048E-02	3.7027176754898122E-01	-2.4966590279039869E-01	-8.4949117609697769E-02	3.3946018407509791E-02	7.7732173364113352E-02	8.8577272175132338E-01	4.7936309188491116E-01	-5.4123871948124891E-01	-1.1047315314030708E-02	8.4665570032598350E-02	0.0000000000000000E+00	0.0000000000000000E+00	0.0000000000000000E+00	0.0000000000000000E+00	0.0000000000000000E+00	
1.7195987473779060E-03	9.4714551929513599E-03	1.4747448033449828E-01	-9.9545885126659739E-02	-3.3816373400967277E-02	1.3430587560266360E-02	3.0953038903804360E-02	3.4965282029382416E-01	1.8003401375256972E-01	-1.6765928812963637E-01	-6.6388002768344497E-03	-7.5087637912737135E-02	2.8253854742588246E-02	0.0000000000000000E+00	0.0000000000000000E+00	0.0000000000000000E+00	0.0000000000000000E+00	
3.8820624813948076E-03	2.1381120918660106E-02	3.3292027919448197E-01	-2.2461536544022032E-01	-7.6357464998243529E-02	3.0408948062767744E-02	6.9882467634940187E-02	7.9247330850534148E-01	4.1731621013007481E-01	-4.2641106056949518E-01	-1.2747446940264749E-02	-6.0665927234532999E-02	1.5888514742367424E-02	-9.2936733010804407E-02	0.0000000000000000E+00	0.0000000000000000E+00	0.0000000000000000E+00	
-5.5008888138930456E-03	-3.0296346895538326E-02	-4.7174220566048264E-01	3.1820197937094863E-01	1.0820946884214191E-01	-4.3150917567970987E-02	-9.9026852960527961E-02	-1.1250900784639228E+00	-5.9885550470532101E-01	6.3732510851250956E-01	1.6515765272184506E-02	1.0769070643486825E-02	1.0573548015544339E-02	3.1617040986147693E-01	-8.4798124766803512E-02	0.0000000000000000E+00	0.0000000000000000E+00	
-9.5906133547422499E-04	-5.2823530814123179E-03	-8.2249144392947393E-02	5.5508055438469012E-02	1.8861727498646026E-02	-7.4992285358517659E-03	-1.7263713492782193E-02	-1.9531392091859201E-01	-1.0147085697093525E-01	9.8181637607087507E-02	3.4841110012085708E-03	3.1259933473380574E-02	-1.1085549804247891E-02	-1.6962075995870719E-02	1.6421168999095695E-03	-1.6923145636158564E-02	0.0000000000000000E+00	

b
2.9537636454417268E-03	
1.6270643278257647E-02	
2.5333044532495674E-01	
-1.7114759388486028E-01	
-5.8064869053660290E-02	
2.2946698427934016E-02	
5.3161611336492220E-02	
5.9628122744882939E-01	
2.9417148217552458E-01	
-2.2162047054090728E-01	
-1.4506170937088753E-02	
-2.7975132726132879E-01	
1.1487578928411538E-01	
5.0237046274489794E-01	
-1.0763044186209886E-01	
4.3663856107373111E-02	
-4.7305106233879957E-02	

c
0.0000000000000000E+00	
4.9565403010221741E-02	
1.3068799001687578E-01	
-1.5883063460310493E-01	
3.5681144740196935E-01	
7.6727123317642698E-02	
1.0812579255374613E-01	
1.8767228084815801E-01	
9.6162976936182631E-01	
-2.2760719867560897E-01	
1.1115681606027146E+00	
6.1266845427676520E-01	
1.0729473245077408E+00	
3.7824186468104548E-01	
7.9041891347646720E-01	
-1.0406955693161675E+00	
-2.4607146824557105E-01	

alpha
0.0000000000000000E+00	0.0000000000000000E+00	0.0000000000000000E+00	0.0000000000000000E+00	0.0000000000000000E+00	0.0000000000000000E+00	0.0000000000000000E+00	0.0000000000000000E+00	0.0000000000000000E+00	0.0000000000000000E+00	0.0000000000000000E+00	0.0000000000000000E+00	0.0000000000000000E+00	0.0000000000000000E+00	0.0000000000000000E+00	0.0000000000000000E+00	0.0000000000000000E+00	0.0000000000000000E+00	
0.0000000000000000E+00	0.0000000000000000E+00	0.0000000000000000E+00	0.0000000000000000E+00	0.0000000000000000E+00	0.0000000000000000E+00	0.0000000000000000E+00	0.0000000000000000E+00	0.0000000000000000E+00	0.0000000000000000E+00	0.0000000000000000E+00	0.0000000000000000E+00	0.0000000000000000E+00	0.0000000000000000E+00	0.0000000000000000E+00	0.0000000000000000E+00	0.0000000000000000E+00	0.0000000000000000E+00	
0.0000000000000000E+00	0.0000000000000000E+00	0.0000000000000000E+00	0.0000000000000000E+00	0.0000000000000000E+00	0.0000000000000000E+00	0.0000000000000000E+00	0.0000000000000000E+00	0.0000000000000000E+00	0.0000000000000000E+00	0.0000000000000000E+00	0.0000000000000000E+00	0.0000000000000000E+00	0.0000000000000000E+00	0.0000000000000000E+00	0.0000000000000000E+00	0.0000000000000000E+00	0.0000000000000000E+00	
-0.0000000000000000E+00	0.0000000000000000E+00	-0.0000000000000000E+00	0.0000000000000000E+00	0.0000000000000000E+00	0.0000000000000000E+00	0.0000000000000000E+00	0.0000000000000000E+00	0.0000000000000000E+00	0.0000000000000000E+00	0.0000000000000000E+00	0.0000000000000000E+00	0.0000000000000000E+00	0.0000000000000000E+00	0.0000000000000000E+00	0.0000000000000000E+00	0.0000000000000000E+00	0.0000000000000000E+00	
0.0000000000000000E+00	0.0000000000000000E+00	0.0000000000000000E+00	0.0000000000000000E+00	0.0000000000000000E+00	0.0000000000000000E+00	0.0000000000000000E+00	0.0000000000000000E+00	0.0000000000000000E+00	0.0000000000000000E+00	0.0000000000000000E+00	0.0000000000000000E+00	0.0000000000000000E+00	0.0000000000000000E+00	0.0000000000000000E+00	0.0000000000000000E+00	0.0000000000000000E+00	0.0000000000000000E+00	
0.0000000000000000E+00	0.0000000000000000E+00	0.0000000000000000E+00	0.0000000000000000E+00	-0.0000000000000000E+00	0.0000000000000000E+00	0.0000000000000000E+00	0.0000000000000000E+00	0.0000000000000000E+00	0.0000000000000000E+00	0.0000000000000000E+00	0.0000000000000000E+00	0.0000000000000000E+00	0.0000000000000000E+00	0.0000000000000000E+00	0.0000000000000000E+00	0.0000000000000000E+00	0.0000000000000000E+00	
0.0000000000000000E+00	0.0000000000000000E+00	0.0000000000000000E+00	-0.0000000000000000E+00	-0.0000000000000000E+00	0.0000000000000000E+00	0.0000000000000000E+00	0.0000000000000000E+00	0.0000000000000000E+00	0.0000000000000000E+00	0.0000000000000000E+00	0.0000000000000000E+00	0.0000000000000000E+00	0.0000000000000000E+00	0.0000000000000000E+00	0.0000000000000000E+00	0.0000000000000000E+00	0.0000000000000000E+00	
0.0000000000000000E+00	0.0000000000000000E+00	0.0000000000000000E+00	-0.0000000000000000E+00	-0.0000000000000000E+00	0.0000000000000000E+00	0.0000000000000000E+00	0.0000000000000000E+00	0.0000000000000000E+00	0.0000000000000000E+00	0.0000000000000000E+00	0.0000000000000000E+00	0.0000000000000000E+00	0.0000000000000000E+00	0.0000000000000000E+00	0.0000000000000000E+00	0.0000000000000000E+00	0.0000000000000000E+00	
0.0000000000000000E+00	0.0000000000000000E+00	0.0000000000000000E+00	-0.0000000000000000E+00	-0.0000000000000000E+00	0.0000000000000000E+00	0.0000000000000000E+00	0.0000000000000000E+00	0.0000000000000000E+00	0.0000000000000000E+00	0.0000000000000000E+00	0.0000000000000000E+00	0.0000000000000000E+00	0.0000000000000000E+00	0.0000000000000000E+00	0.0000000000000000E+00	0.0000000000000000E+00	0.0000000000000000E+00	
0.0000000000000000E+00	0.0000000000000000E+00	0.0000000000000000E+00	-0.0000000000000000E+00	-0.0000000000000000E+00	0.0000000000000000E+00	0.0000000000000000E+00	0.0000000000000000E+00	-0.0000000000000000E+00	0.0000000000000000E+00	0.0000000000000000E+00	0.0000000000000000E+00	0.0000000000000000E+00	0.0000000000000000E+00	0.0000000000000000E+00	0.0000000000000000E+00	0.0000000000000000E+00	0.0000000000000000E+00	
0.0000000000000000E+00	0.0000000000000000E+00	0.0000000000000000E+00	-0.0000000000000000E+00	-0.0000000000000000E+00	0.0000000000000000E+00	0.0000000000000000E+00	0.0000000000000000E+00	-0.0000000000000000E+00	0.0000000000000000E+00	0.0000000000000000E+00	0.0000000000000000E+00	0.0000000000000000E+00	0.0000000000000000E+00	0.0000000000000000E+00	0.0000000000000000E+00	0.0000000000000000E+00	0.0000000000000000E+00	
0.0000000000000000E+00	0.0000000000000000E+00	0.0000000000000000E+00	-0.0000000000000000E+00	-0.0000000000000000E+00	0.0000000000000000E+00	0.0000000000000000E+00	0.0000000000000000E+00	0.0000000000000000E+00	-0.0000000000000000E+00	-0.0000000000000000E+00	0.0000000000000000E+00	0.0000000000000000E+00	0.0000000000000000E+00	0.0000000000000000E+00	0.0000000000000000E+00	0.0000000000000000E+00	0.0000000000000000E+00	
0.0000000000000000E+00	0.0000000000000000E+00	0.0000000000000000E+00	-0.0000000000000000E+00	-0.0000000000000000E+00	0.0000000000000000E+00	0.0000000000000000E+00	0.0000000000000000E+00	0.0000000000000000E+00	-0.0000000000000000E+00	-0.0000000000000000E+00	0.0000000000000000E+00	0.0000000000000000E+00	0.0000000000000000E+00	0.0000000000000000E+00	0.0000000000000000E+00	0.0000000000000000E+00	0.0000000000000000E+00	
0.0000000000000000E+00	0.0000000000000000E+00	0.0000000000000000E+00	-0.0000000000000000E+00	-0.0000000000000000E+00	0.0000000000000000E+00	0.0000000000000000E+00	0.0000000000000000E+00	0.0000000000000000E+00	-0.0000000000000000E+00	-0.0000000000000000E+00	-0.0000000000000000E+00	0.0000000000000000E+00	0.0000000000000000E+00	0.0000000000000000E+00	0.0000000000000000E+00	0.0000000000000000E+00	0.0000000000000000E+00	
0.0000000000000000E+00	0.0000000000000000E+00	0.0000000000000000E+00	-0.0000000000000000E+00	-0.0000000000000000E+00	0.0000000000000000E+00	0.0000000000000000E+00	0.0000000000000000E+00	0.0000000000000000E+00	-0.0000000000000000E+00	-0.0000000000000000E+00	-0.0000000000000000E+00	0.0000000000000000E+00	-0.0000000000000000E+00	0.0000000000000000E+00	0.0000000000000000E+00	0.0000000000000000E+00	0.0000000000000000E+00	
-0.0000000000000000E+00	-0.0000000000000000E+00	-0.0000000000000000E+00	0.0000000000000000E+00	0.0000000000000000E+00	-0.0000000000000000E+00	-0.0000000000000000E+00	-0.0000000000000000E+00	-0.0000000000000000E+00	0.0000000000000000E+00	0.0000000000000000E+00	0.0000000000000000E+00	0.0000000000000000E+00	0.0000000000000000E+00	-0.0000000000000000E+00	0.0000000000000000E+00	0.0000000000000000E+00	0.0000000000000000E+00	
-0.0000000000000000E+00	-0.0000000000000000E+00	-0.0000000000000000E+00	0.0000000000000000E+00	0.0000000000000000E+00	-0.0000000000000000E+00	-0.0000000000000000E+00	-0.0000000000000000E+00	-0.0000000000000000E+00	0.0000000000000000E+00	0.0000000000000000E+00	0.0000000000000000E+00	-0.0000000000000000E+00	-0.0000000000000000E+00	0.0000000000000000E+00	-0.0000000000000000E+00	0.0000000000000000E+00	0.0000000000000000E+00	
0.0000000000000000E+00	0.0000000000000000E+00	0.0000000000000000E+00	-0.0000000000000000E+00	-0.0000000000000000E+00	0.0000000000000000E+00	0.0000000000000000E+00	0.0000000000000000E+00	0.0000000000000000E+00	-0.0000000000000000E+00	-0.0000000000000000E+00	-0.0000000000000000E+00	0.0000000000000000E+00	0.0000000000000000E+00	-0.0000000000000000E+00	0.0000000000000000E+00	-0.0000000000000000E+00	0.0000000000000000E+00	

beta
0.0000000000000000E+00	0.0000000000000000E+00	0.0000000000000000E+00	0.0000000000000000E+00	0.0000000000000000E+00	0.0000000000000000E+00	0.0000000000000000E+00	0.0000000000000000E+00	0.0000000000000000E+00	0.0000000000000000E+00	0.0000000000000000E+00	0.0000000000000000E+00	0.0000000000000000E+00	0.0000000000000000E+00	0.0000000000000000E+00	0.0000000000000000E+00	0.0000000000000000E+00	0.0000000000000000E+00	
4.9565403010221741E-02	0.0000000000000000E+00	0.0000000000000000E+00	0.0000000000000000E+00	0.0000000000000000E+00	0.0000000000000000E+00	0.0000000000000000E+00	0.0000000000000000E+00	0.0000000000000000E+00	0.0000000000000000E+00	0.0000000000000000E+00	0.0000000000000000E+00	0.0000000000000000E+00	0.0000000000000000E+00	0.0000000000000000E+00	0.0000000000000000E+00	0.0000000000000000E+00	0.0000000000000000E+00	
3.3279271318716379E-02	9.7408718698159397E-02	0.0000000000000000E+00	0.0000000000000000E+00	0.0000000000000000E+00	0.0000000000000000E+00	0.0000000000000000E+00	0.0000000000000000E+00	0.0000000000000000E+00	0.0000000000000000E+00	0.0000000000000000E+00	0.0000000000000000E+00	0.0000000000000000E+00	0.0000000000000000E+00	0.0000000000000000E+00	0.0000000000000000E+00	0.0000000000000000E+00	0.0000000000000000E+00	
-1.1087824523841605E-02	2.8464569688755381E-02	-1.7620737976801870E-01	0.0000000000000000E+00	0.0000000000000000E+00	0.0000000000000000E+00	0.0000000000000000E+00	0.0000000000000000E+00	0.0000000000000000E+00	0.0000000000000000E+00	0.0000000000000000E+00	0.0000000000000000E+00	0.0000000000000000E+00	0.0000000000000000E+00	0.0000000000000000E+00	0.0000000000000000E+00	0.0000000000000000E+00	0.0000000000000000E+00	
2.5483320042549496E-03	1.1255291284038635E-02	1.9448713235907328E-01	1.4852069175460250E-01	0.0000000000000000E+00	0.0000000000000000E+00	0.0000000000000000E+00	0.0000000000000000E+00	0.0000000000000000E+00	0.0000000000000000E+00	0.0000000000000000E+00	0.0000000000000000E+00	0.0000000000000000E+00	0.0000000000000000E+00	0.0000000000000000E+00	0.0000000000000000E+00	0.0000000000000000E+00	0.0000000000000000E+00	
1.1387166583556078E-03	5.5416121736764495E-03	9.1337978498889985E-02	1.1836473090435604E-02	-3.3127657103714951E-02	0.0000000000000000E+00	0.0000000000000000E+00	0.0000000000000000E+00	0.0000000000000000E+00	0.0000000000000000E+00	0.0000000000000000E+00	0.0000000000000000E+00	0.0000000000000000E+00	0.0000000000000000E+00	0.0000000000000000E+00	0.0000000000000000E+00	0.0000000000000000E+00	0.0000000000000000E+00	
1.7488833125639442E-03	9.2174937389431777E-03	1.4639297983487376E-01	-5.7032764765827325E-02	-4.0495408897305928E-02	4.8294609330498492E-02	0.0000000000000000E+00	0.0000000000000000E+00	0.0000000000000000E+00	0.0000000000000000E+00	0.0000000000000000E+00	0.0000000000000000E+00	0.0000000000000000E+00	0.0000000000000000E+00	0.0000000000000000E+00	0.0000000000000000E+00	0.0000000000000000E+00	0.0000000000000000E+00	
2.6390958109357714E-03	1.4061092248715660E-02	2.2222242744529530E-01	-1.0221672743485680E-01	-5.8878261383618992E-02	6.0222041961706947E-02	4.9622612199980112E-02	0.0000000000000000E+00	0.0000000000000000E+00	0.0000000000000000E+00	0.0000000000000000E+00	0.0000000000000000E+00	0.0000000000000000E+00	0.0000000000000000E+00	0.0000000000000000E+00	0.0000000000000000E+00	0.0000000000000000E+00	0.0000000000000000E+00	
1.3057681247168713E-03	6.9843906525377721E-03	1.1018679168911594E-01	-5.3477075639300077E-02	-2.8731011772415882E-02	2.7522655035777999E-02	2.4430588572889878E-02	8.7340766269850378E-01	0.0000000000000000E+00	0.0000000000000000E+00	0.0000000000000000E+00	0.0000000000000000E+00	0.0000000000000000E+00	0.0000000000000000E+00	0.0000000000000000E+00	0.0000000000000000E+00	0.0000000000000000E+00	0.0000000000000000E+00	
6.8976521228523210E-04	3.8343505166014008E-03	5.9459175142944409E-02	-4.3673137700209086E-02	-1.3047640362305463E-02	2.4545612692053187E-03	1.2259026130765488E-02	3.7344745105957422E-02	-2.8692804399085370E-01	0.0000000000000000E+00	0.0000000000000000E+00	0.0000000000000000E+00	0.0000000000000000E+00	0.0000000000000000E+00	0.0000000000000000E+00	0.0000000000000000E+00	0.0000000000000000E+00	0.0000000000000000E+00	
6.8465091274484908E-04	3.8006993244692460E-03	5.8973136290112735E-02	-4.2793473182423047E-02	-1.3027635020960285E-02	2.8718438867175564E-03	1.2191422169819936E-02	5.2348769451605354E-02	-2.3147100645498300E-01	1.2679897532256112E+00	0.0000000000000000E+00	0.0000000000000000E+00	0.0000000000000000E+00	0.0000000000000000E+00	0.0000000000000000E+00	0.0000000000000000E+00	0.0000000000000000E+00	0.0000000000000000E+00	
2.4311997298903879E-03	1.3391309662864989E-02	2.0850550225189046E-01	-1.4078186764399814E-01	-4.7804386741826632E-02	1.8955423895951090E-02	4.3760200723278075E-02	4.9318809986030054E-01	2.5049619381546506E-01	-2.1925578515809718E-01	-1.0217436118953449E-02	0.0000000000000000E+00	0.0000000000000000E+00	0.0000000000000000E+00	0.0000000000000000E+00	0.0000000000000000E+00	0.0000000000000000E+00	0.0000000000000000E+00	
4.3177548701892774E-03	2.3779281843490048E-02	3.7027176754898122E-01	-2.4966590279039869E-01	-8.4949117609697769E-02	3.3946018407509791E-02	7.7732173364113352E-02	8.8577272175132338E-01	4.7936309188491116E-01	-5.4123871948124891E-01	-1.1047315314030708E-02	8.4665570032598350E-02	0.0000000000000000E+00	0.0000000000000000E+00	0.0000000000000000E+00	0.0000000000000000E+00	0.0000000000000000E+00	0.0000000000000000E+00	
1.7195987473779060E-03	9.4714551929513599E-03	1.4747448033449828E-01	-9.9545885126659739E-02	-3.3816373400967277E-02	1.3430587560266360E-02	3.0953038903804360E-02	3.4965282029382416E-01	1.8003401375256972E-01	-1.6765928812963637E-01	-6.6388002768344497E-03	-7.5087637912737135E-02	2.8253854742588246E-02	0.0000000000000000E+00	0.0000000000000000E+00	0.0000000000000000E+00	0.0000000000000000E+00	0.0000000000000000E+00	
3.8820624813948076E-03	2.1381120918660106E-02	3.3292027919448197E-01	-2.2461536544022032E-01	-7.6357464998243529E-02	3.0408948062767744E-02	6.9882467634940187E-02	7.9247330850534148E-01	4.1731621013007481E-01	-4.2641106056949518E-01	-1.2747446940264749E-02	-6.0665927234532999E-02	1.5888514742367424E-02	-9.2936733010804407E-02	0.0000000000000000E+00	0.0000000000000000E+00	0.0000000000000000E+00	0.0000000000000000E+00	
-5.5008888138930456E-03	-3.0296346895538326E-02	-4.7174220566048264E-01	3.1820197937094863E-01	1.0820946884214191E-01	-4.3150917567970987E-02	-9.9026852960527961E-02	-1.1250900784639228E+00	-5.9885550470532101E-01	6.3732510851250956E-01	1.6515765272184506E-02	1.0769070643486825E-02	1.0573548015544339E-02	3.1617040986147693E-01	-8.4798124766803512E-02	0.0000000000000000E+00	0.0000000000000000E+00	0.0000000000000000E+00	
-9.5906133547422499E-04	-5.2823530814123179E-03	-8.2249144392947393E-02	5.5508055438469012E-02	1.8861727498646026E-02	-7.4992285358517659E-03	-1.7263713492782193E-02	-1.9531392091859201E-01	-1.0147085697093525E-01	9.8181637607087507E-02	3.4841110012085708E-03	3.1259933473380574E-02	-1.1085549804247891E-02	-1.6962075995870719E-02	1.6421168999095695E-03	-1.6923145636158564E-02	0.0000000000000000E+00	0.0000000000000000E+00	
2.9537636454417268E-03	1.6270643278257647E-02	2.5333044532495674E-01	-1.7114759388486028E-01	-5.8064869053660290E-02	2.2946698427934016E-02	5.3161611336492220E-02	5.9628122744882939E-01	2.9417148217552458E-01	-2.2162047054090728E-01	-1.4506170937088753E-02	-2.7975132726132879E-01	1.1487578928411538E-01	5.0237046274489794E-01	-1.0763044186209886E-01	4.3663856107373111E-02	-4.7305106233879957E-02	0.0000000000000000E+00	

gamma1
0.0000000000000000E+00	0.0000000000000000E+00	7.9377023961829174E-01	-8.3475116244241754E-02	-1.6706337980062214E-02	3.6410691500331427E-01	6.9178255181542780E-01	1.4887115004739182E+00	4.5336125560871188E-01	-1.2705776046458739E-01	8.3749845457747696E-01	1.5709218393361746E-01	-5.7768207086288348E-01	-5.7340394122375393E-01	-1.2050734846514470E+00	-2.8100719513641002E+00	1.6142798657609492E-01	-2.5801264756641613E+00	

gamma2
0.0000000000000000E+00	1.0000000000000000E+00	3.2857861940811250E-01	1.1276843361180819E+00	1.3149447395238016E+00	5.2062891534209055E-01	8.8127462325164985E-01	4.2020606445856712E-01	7.6532635739246124E-02	4.4386734924685722E-01	6.6503093955199682E-02	1.5850209163184039E+00	1.1521721573462576E+00	1.1172750819374575E+00	7.7630223917584007E-01	1.0046657060652295E+00	-1.9795868964959054E-01	1.3350583594705518E+00	

gamma3
0.0000000000000000E+00	0.0000000000000000E+00	0.0000000000000000E+00	0.0000000000000000E+00	8.4034574578399479E-01	8.5047738439705145E-01	1.4082448501410852E-01	-3.2678802469519369E-01	5.3716357620635535E-01	9.0228922115199051E-01	1.5960226946983552E-01	1.1038153140686748E+00	1.0843516423068365E-01	4.6212710442787724E-01	-3.3448312125108398E-01	1.1153826567096696E+00	1.5503248734613539E+00	-1.2200245424704212E+00	

delta
1.0000000000000000E+00	-3.7235794357769936E-01	3.3315440189685536E-01	-8.2667630338402520E-01	-5.4628377681035534E-01	6.0210777634642887E-01	-5.7528717894031067E-01	5.0914861529202782E-01	3.8258114767897194E-01	-4.6279063221185290E-01	-2.0820434288562648E-01	1.4398056081552713E+00	-2.8056600927348752E-01	2.2767189929551406E+00	-5.8917530100546356E-01	9.1328651048418164E-01	0.0000000000000000E+00	

r
0.0000000000000000E+00	

errcoeff
7.1114573376006979E-04	

v
1.0000000000000000E+00	
1.0000000000000000E+00	
1.0000000000000000E+00	
1.0000000000000000E+00	
1.0000000000000000E+00	
1.0000000000000000E+00	
1.0000000000000000E+00	
1.0000000000000000E+00	
1.0000000000000000E+00	
1.0000000000000000E+00	
1.0000000000000000E+00	
1.0000000000000000E+00	
1.0000000000000000E+00	
1.0000000000000000E+00	
1.0000000000000000E+00	
1.0000000000000000E+00	
1.0000000000000000E+00	
1.0000000000000000E+00	

==============================================================

