#stage		 order
17	 		2


A
0.0000000000000000E+00	0.0000000000000000E+00	0.0000000000000000E+00	0.0000000000000000E+00	0.0000000000000000E+00	0.0000000000000000E+00	0.0000000000000000E+00	0.0000000000000000E+00	0.0000000000000000E+00	0.0000000000000000E+00	0.0000000000000000E+00	0.0000000000000000E+00	0.0000000000000000E+00	0.0000000000000000E+00	0.0000000000000000E+00	0.0000000000000000E+00	0.0000000000000000E+00	
1.2448267915413025E+00	0.0000000000000000E+00	0.0000000000000000E+00	0.0000000000000000E+00	0.0000000000000000E+00	0.0000000000000000E+00	0.0000000000000000E+00	0.0000000000000000E+00	0.0000000000000000E+00	0.0000000000000000E+00	0.0000000000000000E+00	0.0000000000000000E+00	0.0000000000000000E+00	0.0000000000000000E+00	0.0000000000000000E+00	0.0000000000000000E+00	0.0000000000000000E+00	
1.3400894838583755E-02	3.5655255753564222E-04	0.0000000000000000E+00	0.0000000000000000E+00	0.0000000000000000E+00	0.0000000000000000E+00	0.0000000000000000E+00	0.0000000000000000E+00	0.0000000000000000E+00	0.0000000000000000E+00	0.0000000000000000E+00	0.0000000000000000E+00	0.0000000000000000E+00	0.0000000000000000E+00	0.0000000000000000E+00	0.0000000000000000E+00	0.0000000000000000E+00	
-1.0186247303816344E-01	5.5264460952473659E-04	1.8811847227852374E-01	0.0000000000000000E+00	0.0000000000000000E+00	0.0000000000000000E+00	0.0000000000000000E+00	0.0000000000000000E+00	0.0000000000000000E+00	0.0000000000000000E+00	0.0000000000000000E+00	0.0000000000000000E+00	0.0000000000000000E+00	0.0000000000000000E+00	0.0000000000000000E+00	0.0000000000000000E+00	0.0000000000000000E+00	
8.2632825603939780E-02	-1.7549722629187143E-04	-6.7245075661015896E-02	1.2079020388410870E-01	0.0000000000000000E+00	0.0000000000000000E+00	0.0000000000000000E+00	0.0000000000000000E+00	0.0000000000000000E+00	0.0000000000000000E+00	0.0000000000000000E+00	0.0000000000000000E+00	0.0000000000000000E+00	0.0000000000000000E+00	0.0000000000000000E+00	0.0000000000000000E+00	0.0000000000000000E+00	
-1.2578699157802847E-01	1.7775798038995290E-03	5.7495082610267922E-01	-5.1600064505665599E-01	1.0385444759177100E+00	0.0000000000000000E+00	0.0000000000000000E+00	0.0000000000000000E+00	0.0000000000000000E+00	0.0000000000000000E+00	0.0000000000000000E+00	0.0000000000000000E+00	0.0000000000000000E+00	0.0000000000000000E+00	0.0000000000000000E+00	0.0000000000000000E+00	0.0000000000000000E+00	
1.0704785166197495E-01	5.4076180916752211E-04	1.5321541885738407E-01	-1.2420978339272165E-02	1.2186879208718321E-01	5.2341588248879113E-02	0.0000000000000000E+00	0.0000000000000000E+00	0.0000000000000000E+00	0.0000000000000000E+00	0.0000000000000000E+00	0.0000000000000000E+00	0.0000000000000000E+00	0.0000000000000000E+00	0.0000000000000000E+00	0.0000000000000000E+00	0.0000000000000000E+00	
-4.9859490446050501E-02	3.2745939175623991E-04	1.0989916027323340E-01	-1.2160349292897898E-01	2.2695854980177679E-01	-2.8013966015642079E-02	1.1778770098448157E+00	0.0000000000000000E+00	0.0000000000000000E+00	0.0000000000000000E+00	0.0000000000000000E+00	0.0000000000000000E+00	0.0000000000000000E+00	0.0000000000000000E+00	0.0000000000000000E+00	0.0000000000000000E+00	0.0000000000000000E+00	
-9.8500370792228203E-02	-3.2999160864591065E-04	-8.8544998858162527E-02	-2.5422606660659916E-02	-3.0061316539047048E-02	-4.9213784888494781E-02	1.7690732120345558E+00	5.7719220290896690E-02	0.0000000000000000E+00	0.0000000000000000E+00	0.0000000000000000E+00	0.0000000000000000E+00	0.0000000000000000E+00	0.0000000000000000E+00	0.0000000000000000E+00	0.0000000000000000E+00	0.0000000000000000E+00	
-5.3367561422582588E-01	-3.9338185133783055E-03	-1.1511591762904740E+00	3.3412738459511793E-01	-1.2138182270614903E+00	-2.5317631343961855E-01	8.3593555390082201E+00	2.8939533365739090E-01	1.0098119064241358E+00	0.0000000000000000E+00	0.0000000000000000E+00	0.0000000000000000E+00	0.0000000000000000E+00	0.0000000000000000E+00	0.0000000000000000E+00	0.0000000000000000E+00	0.0000000000000000E+00	
-9.2211018723233423E-02	-4.9528084432652738E-04	-1.4119998354867402E-01	1.7179292834206064E-02	-1.1940976898146419E-01	-4.4902147167218812E-02	1.5496897437347263E+00	5.2007921576896848E-02	1.7454090128042976E-01	5.0488944106681661E-03	0.0000000000000000E+00	0.0000000000000000E+00	0.0000000000000000E+00	0.0000000000000000E+00	0.0000000000000000E+00	0.0000000000000000E+00	0.0000000000000000E+00	
3.5952402385069915E-01	4.8457678768815404E-03	1.4624888584641242E+00	-7.0789568836542571E-01	1.8930198631928288E+00	1.5678230353004696E-01	-4.3775966721905561E+00	-1.7109009997291624E-01	-6.7956158778819953E-01	-3.6326465489541514E-02	9.0778293944310917E-01	0.0000000000000000E+00	0.0000000000000000E+00	0.0000000000000000E+00	0.0000000000000000E+00	0.0000000000000000E+00	0.0000000000000000E+00	
-2.7983806998490912E-01	-2.6802004298491890E-03	-7.9681543100862562E-01	3.1097725539915755E-01	-9.3887490827474207E-01	-1.2888130851324903E-01	4.0306889505112427E+00	1.4503500770707323E-01	5.2930132458985102E-01	2.2042944603470969E-02	-5.4620336436818384E-01	5.9397934954554377E-01	0.0000000000000000E+00	0.0000000000000000E+00	0.0000000000000000E+00	0.0000000000000000E+00	0.0000000000000000E+00	
9.3007426642217672E-01	1.1407814833008730E-02	3.4304707475370990E+00	-1.5832632535612661E+00	4.3447423995601522E+00	4.1266697388504464E-01	-1.1968842054954528E+01	-4.5486535881221907E-01	-1.7583704061332197E+00	-8.7534957098875196E-02	2.1826659492817995E+00	-2.0962331289399083E+00	3.0600826997994696E-01	0.0000000000000000E+00	0.0000000000000000E+00	0.0000000000000000E+00	0.0000000000000000E+00	
4.1184766584757247E-03	-1.1971503374927351E-06	-9.8935405055739639E-04	4.3601500727346448E-03	-6.0865959705132117E-03	2.1517983605451926E-03	-8.2531288324671381E-02	-2.5763471753883710E-03	-7.8033113756539284E-03	-9.2369151443334350E-05	2.0671865046180404E-03	-6.7571320683035840E-03	8.7587621950419026E-04	6.4274018980435836E-05	0.0000000000000000E+00	0.0000000000000000E+00	0.0000000000000000E+00	
-1.4792193374122839E-02	4.0076229709149966E-04	1.2759969249642367E-01	-1.0283843234222932E-01	2.1602495373788574E-01	-1.0216087982518182E-02	5.2283682511848228E-01	1.3563219601461157E-02	2.8157556298473038E-02	-1.9318018196023844E-03	5.0826265857067912E-02	4.9091717053759559E-03	5.2775082908804692E-04	1.0615064555830034E-05	1.1652659651660990E-02	0.0000000000000000E+00	0.0000000000000000E+00	
-9.8784824306110477E-03	2.3089584867179257E-04	7.3717926286407165E-02	-6.0598485559644241E-02	1.2627204723056931E-01	-6.5919594725197001E-03	3.2817789466290886E-01	8.6583600345400049E-03	1.8791993958327789E-02	-1.0803266922954874E-03	2.8544553289452129E-02	5.0725365783791752E-03	1.2008463408743383E-05	-1.5287694387188961E-05	-2.4804855642375709E-02	-3.0090621466346007E-01	0.0000000000000000E+00	

b
-1.4372440688732571E-02	
3.9630407161261676E-04	
1.2614213225711673E-01	
-1.0144055774981431E-01	
2.1328099066341677E-01	
-9.9695710404701637E-03	
5.1194895931974549E-01	
1.3253501999509920E-02	
2.7360818321052489E-02	
-1.9164588801810524E-03	
5.0399847099947395E-02	
4.4322362204299364E-03	
5.7684043983144309E-04	
1.4524859788625545E-05	
1.7454428795569854E-02	
1.9538210477800400E-01	
-3.2943660466826265E-02	

c
0.0000000000000000E+00	
1.2448267915413025E+00	
1.3757447396119397E-02	
8.6808643849885042E-02	
1.3600245660074073E-01	
9.7348524518960433E-01	
4.2259343432531671E-01	
1.3155852299209105E+00	
1.5347193629782141E+00	
6.8369270141540772E+00	
1.4002485545720103E+00	
-1.1880267574489491E+00	
2.9387315497767803E+00	
-6.3310727380007883E+00	
-9.3199833432010493E-02	
8.4673095713909341E-01	
1.8560260419737162E-01	

alpha
0.0000000000000000E+00	0.0000000000000000E+00	0.0000000000000000E+00	0.0000000000000000E+00	0.0000000000000000E+00	0.0000000000000000E+00	0.0000000000000000E+00	0.0000000000000000E+00	0.0000000000000000E+00	0.0000000000000000E+00	0.0000000000000000E+00	0.0000000000000000E+00	0.0000000000000000E+00	0.0000000000000000E+00	0.0000000000000000E+00	0.0000000000000000E+00	0.0000000000000000E+00	0.0000000000000000E+00	
0.0000000000000000E+00	0.0000000000000000E+00	0.0000000000000000E+00	0.0000000000000000E+00	0.0000000000000000E+00	0.0000000000000000E+00	0.0000000000000000E+00	0.0000000000000000E+00	0.0000000000000000E+00	0.0000000000000000E+00	0.0000000000000000E+00	0.0000000000000000E+00	0.0000000000000000E+00	0.0000000000000000E+00	0.0000000000000000E+00	0.0000000000000000E+00	0.0000000000000000E+00	0.0000000000000000E+00	
0.0000000000000000E+00	0.0000000000000000E+00	0.0000000000000000E+00	0.0000000000000000E+00	0.0000000000000000E+00	0.0000000000000000E+00	0.0000000000000000E+00	0.0000000000000000E+00	0.0000000000000000E+00	0.0000000000000000E+00	0.0000000000000000E+00	0.0000000000000000E+00	0.0000000000000000E+00	0.0000000000000000E+00	0.0000000000000000E+00	0.0000000000000000E+00	0.0000000000000000E+00	0.0000000000000000E+00	
-0.0000000000000000E+00	0.0000000000000000E+00	0.0000000000000000E+00	0.0000000000000000E+00	0.0000000000000000E+00	0.0000000000000000E+00	0.0000000000000000E+00	0.0000000000000000E+00	0.0000000000000000E+00	0.0000000000000000E+00	0.0000000000000000E+00	0.0000000000000000E+00	0.0000000000000000E+00	0.0000000000000000E+00	0.0000000000000000E+00	0.0000000000000000E+00	0.0000000000000000E+00	0.0000000000000000E+00	
0.0000000000000000E+00	-0.0000000000000000E+00	-0.0000000000000000E+00	0.0000000000000000E+00	0.0000000000000000E+00	0.0000000000000000E+00	0.0000000000000000E+00	0.0000000000000000E+00	0.0000000000000000E+00	0.0000000000000000E+00	0.0000000000000000E+00	0.0000000000000000E+00	0.0000000000000000E+00	0.0000000000000000E+00	0.0000000000000000E+00	0.0000000000000000E+00	0.0000000000000000E+00	0.0000000000000000E+00	
-0.0000000000000000E+00	0.0000000000000000E+00	0.0000000000000000E+00	-0.0000000000000000E+00	0.0000000000000000E+00	0.0000000000000000E+00	0.0000000000000000E+00	0.0000000000000000E+00	0.0000000000000000E+00	0.0000000000000000E+00	0.0000000000000000E+00	0.0000000000000000E+00	0.0000000000000000E+00	0.0000000000000000E+00	0.0000000000000000E+00	0.0000000000000000E+00	0.0000000000000000E+00	0.0000000000000000E+00	
0.0000000000000000E+00	0.0000000000000000E+00	0.0000000000000000E+00	-0.0000000000000000E+00	0.0000000000000000E+00	0.0000000000000000E+00	0.0000000000000000E+00	0.0000000000000000E+00	0.0000000000000000E+00	0.0000000000000000E+00	0.0000000000000000E+00	0.0000000000000000E+00	0.0000000000000000E+00	0.0000000000000000E+00	0.0000000000000000E+00	0.0000000000000000E+00	0.0000000000000000E+00	0.0000000000000000E+00	
-0.0000000000000000E+00	0.0000000000000000E+00	0.0000000000000000E+00	-0.0000000000000000E+00	0.0000000000000000E+00	-0.0000000000000000E+00	0.0000000000000000E+00	0.0000000000000000E+00	0.0000000000000000E+00	0.0000000000000000E+00	0.0000000000000000E+00	0.0000000000000000E+00	0.0000000000000000E+00	0.0000000000000000E+00	0.0000000000000000E+00	0.0000000000000000E+00	0.0000000000000000E+00	0.0000000000000000E+00	
-0.0000000000000000E+00	-0.0000000000000000E+00	-0.0000000000000000E+00	-0.0000000000000000E+00	-0.0000000000000000E+00	-0.0000000000000000E+00	0.0000000000000000E+00	0.0000000000000000E+00	0.0000000000000000E+00	0.0000000000000000E+00	0.0000000000000000E+00	0.0000000000000000E+00	0.0000000000000000E+00	0.0000000000000000E+00	0.0000000000000000E+00	0.0000000000000000E+00	0.0000000000000000E+00	0.0000000000000000E+00	
-0.0000000000000000E+00	-0.0000000000000000E+00	-0.0000000000000000E+00	0.0000000000000000E+00	-0.0000000000000000E+00	-0.0000000000000000E+00	0.0000000000000000E+00	0.0000000000000000E+00	0.0000000000000000E+00	0.0000000000000000E+00	0.0000000000000000E+00	0.0000000000000000E+00	0.0000000000000000E+00	0.0000000000000000E+00	0.0000000000000000E+00	0.0000000000000000E+00	0.0000000000000000E+00	0.0000000000000000E+00	
-0.0000000000000000E+00	-0.0000000000000000E+00	-0.0000000000000000E+00	0.0000000000000000E+00	-0.0000000000000000E+00	-0.0000000000000000E+00	0.0000000000000000E+00	0.0000000000000000E+00	0.0000000000000000E+00	0.0000000000000000E+00	0.0000000000000000E+00	0.0000000000000000E+00	0.0000000000000000E+00	0.0000000000000000E+00	0.0000000000000000E+00	0.0000000000000000E+00	0.0000000000000000E+00	0.0000000000000000E+00	
0.0000000000000000E+00	0.0000000000000000E+00	0.0000000000000000E+00	-0.0000000000000000E+00	0.0000000000000000E+00	0.0000000000000000E+00	-0.0000000000000000E+00	-0.0000000000000000E+00	-0.0000000000000000E+00	-0.0000000000000000E+00	0.0000000000000000E+00	0.0000000000000000E+00	0.0000000000000000E+00	0.0000000000000000E+00	0.0000000000000000E+00	0.0000000000000000E+00	0.0000000000000000E+00	0.0000000000000000E+00	
-0.0000000000000000E+00	-0.0000000000000000E+00	-0.0000000000000000E+00	0.0000000000000000E+00	-0.0000000000000000E+00	-0.0000000000000000E+00	0.0000000000000000E+00	0.0000000000000000E+00	0.0000000000000000E+00	0.0000000000000000E+00	-0.0000000000000000E+00	0.0000000000000000E+00	0.0000000000000000E+00	0.0000000000000000E+00	0.0000000000000000E+00	0.0000000000000000E+00	0.0000000000000000E+00	0.0000000000000000E+00	
0.0000000000000000E+00	0.0000000000000000E+00	0.0000000000000000E+00	-0.0000000000000000E+00	0.0000000000000000E+00	0.0000000000000000E+00	-0.0000000000000000E+00	-0.0000000000000000E+00	-0.0000000000000000E+00	-0.0000000000000000E+00	0.0000000000000000E+00	-0.0000000000000000E+00	0.0000000000000000E+00	0.0000000000000000E+00	0.0000000000000000E+00	0.0000000000000000E+00	0.0000000000000000E+00	0.0000000000000000E+00	
0.0000000000000000E+00	-0.0000000000000000E+00	-0.0000000000000000E+00	0.0000000000000000E+00	-0.0000000000000000E+00	0.0000000000000000E+00	-0.0000000000000000E+00	-0.0000000000000000E+00	-0.0000000000000000E+00	-0.0000000000000000E+00	0.0000000000000000E+00	-0.0000000000000000E+00	0.0000000000000000E+00	0.0000000000000000E+00	0.0000000000000000E+00	0.0000000000000000E+00	0.0000000000000000E+00	0.0000000000000000E+00	
-0.0000000000000000E+00	0.0000000000000000E+00	0.0000000000000000E+00	-0.0000000000000000E+00	0.0000000000000000E+00	-0.0000000000000000E+00	0.0000000000000000E+00	0.0000000000000000E+00	0.0000000000000000E+00	-0.0000000000000000E+00	0.0000000000000000E+00	0.0000000000000000E+00	0.0000000000000000E+00	0.0000000000000000E+00	0.0000000000000000E+00	0.0000000000000000E+00	0.0000000000000000E+00	0.0000000000000000E+00	
-0.0000000000000000E+00	0.0000000000000000E+00	0.0000000000000000E+00	-0.0000000000000000E+00	0.0000000000000000E+00	-0.0000000000000000E+00	0.0000000000000000E+00	0.0000000000000000E+00	0.0000000000000000E+00	-0.0000000000000000E+00	0.0000000000000000E+00	0.0000000000000000E+00	0.0000000000000000E+00	-0.0000000000000000E+00	-0.0000000000000000E+00	-0.0000000000000000E+00	0.0000000000000000E+00	0.0000000000000000E+00	
-0.0000000000000000E+00	0.0000000000000000E+00	0.0000000000000000E+00	-0.0000000000000000E+00	0.0000000000000000E+00	-0.0000000000000000E+00	0.0000000000000000E+00	0.0000000000000000E+00	0.0000000000000000E+00	-0.0000000000000000E+00	0.0000000000000000E+00	0.0000000000000000E+00	0.0000000000000000E+00	0.0000000000000000E+00	0.0000000000000000E+00	0.0000000000000000E+00	-0.0000000000000000E+00	0.0000000000000000E+00	

beta
0.0000000000000000E+00	0.0000000000000000E+00	0.0000000000000000E+00	0.0000000000000000E+00	0.0000000000000000E+00	0.0000000000000000E+00	0.0000000000000000E+00	0.0000000000000000E+00	0.0000000000000000E+00	0.0000000000000000E+00	0.0000000000000000E+00	0.0000000000000000E+00	0.0000000000000000E+00	0.0000000000000000E+00	0.0000000000000000E+00	0.0000000000000000E+00	0.0000000000000000E+00	0.0000000000000000E+00	
1.2448267915413025E+00	0.0000000000000000E+00	0.0000000000000000E+00	0.0000000000000000E+00	0.0000000000000000E+00	0.0000000000000000E+00	0.0000000000000000E+00	0.0000000000000000E+00	0.0000000000000000E+00	0.0000000000000000E+00	0.0000000000000000E+00	0.0000000000000000E+00	0.0000000000000000E+00	0.0000000000000000E+00	0.0000000000000000E+00	0.0000000000000000E+00	0.0000000000000000E+00	0.0000000000000000E+00	
1.3400894838583755E-02	3.5655255753564222E-04	0.0000000000000000E+00	0.0000000000000000E+00	0.0000000000000000E+00	0.0000000000000000E+00	0.0000000000000000E+00	0.0000000000000000E+00	0.0000000000000000E+00	0.0000000000000000E+00	0.0000000000000000E+00	0.0000000000000000E+00	0.0000000000000000E+00	0.0000000000000000E+00	0.0000000000000000E+00	0.0000000000000000E+00	0.0000000000000000E+00	0.0000000000000000E+00	
-1.0186247303816344E-01	5.5264460952473659E-04	1.8811847227852374E-01	0.0000000000000000E+00	0.0000000000000000E+00	0.0000000000000000E+00	0.0000000000000000E+00	0.0000000000000000E+00	0.0000000000000000E+00	0.0000000000000000E+00	0.0000000000000000E+00	0.0000000000000000E+00	0.0000000000000000E+00	0.0000000000000000E+00	0.0000000000000000E+00	0.0000000000000000E+00	0.0000000000000000E+00	0.0000000000000000E+00	
8.2632825603939780E-02	-1.7549722629187143E-04	-6.7245075661015896E-02	1.2079020388410870E-01	0.0000000000000000E+00	0.0000000000000000E+00	0.0000000000000000E+00	0.0000000000000000E+00	0.0000000000000000E+00	0.0000000000000000E+00	0.0000000000000000E+00	0.0000000000000000E+00	0.0000000000000000E+00	0.0000000000000000E+00	0.0000000000000000E+00	0.0000000000000000E+00	0.0000000000000000E+00	0.0000000000000000E+00	
-1.2578699157802847E-01	1.7775798038995290E-03	5.7495082610267922E-01	-5.1600064505665599E-01	1.0385444759177100E+00	0.0000000000000000E+00	0.0000000000000000E+00	0.0000000000000000E+00	0.0000000000000000E+00	0.0000000000000000E+00	0.0000000000000000E+00	0.0000000000000000E+00	0.0000000000000000E+00	0.0000000000000000E+00	0.0000000000000000E+00	0.0000000000000000E+00	0.0000000000000000E+00	0.0000000000000000E+00	
1.0704785166197495E-01	5.4076180916752211E-04	1.5321541885738407E-01	-1.2420978339272165E-02	1.2186879208718321E-01	5.2341588248879113E-02	0.0000000000000000E+00	0.0000000000000000E+00	0.0000000000000000E+00	0.0000000000000000E+00	0.0000000000000000E+00	0.0000000000000000E+00	0.0000000000000000E+00	0.0000000000000000E+00	0.0000000000000000E+00	0.0000000000000000E+00	0.0000000000000000E+00	0.0000000000000000E+00	
-4.9859490446050501E-02	3.2745939175623991E-04	1.0989916027323340E-01	-1.2160349292897898E-01	2.2695854980177679E-01	-2.8013966015642079E-02	1.1778770098448157E+00	0.0000000000000000E+00	0.0000000000000000E+00	0.0000000000000000E+00	0.0000000000000000E+00	0.0000000000000000E+00	0.0000000000000000E+00	0.0000000000000000E+00	0.0000000000000000E+00	0.0000000000000000E+00	0.0000000000000000E+00	0.0000000000000000E+00	
-9.8500370792228203E-02	-3.2999160864591065E-04	-8.8544998858162527E-02	-2.5422606660659916E-02	-3.0061316539047048E-02	-4.9213784888494781E-02	1.7690732120345558E+00	5.7719220290896690E-02	0.0000000000000000E+00	0.0000000000000000E+00	0.0000000000000000E+00	0.0000000000000000E+00	0.0000000000000000E+00	0.0000000000000000E+00	0.0000000000000000E+00	0.0000000000000000E+00	0.0000000000000000E+00	0.0000000000000000E+00	
-5.3367561422582588E-01	-3.9338185133783055E-03	-1.1511591762904740E+00	3.3412738459511793E-01	-1.2138182270614903E+00	-2.5317631343961855E-01	8.3593555390082201E+00	2.8939533365739090E-01	1.0098119064241358E+00	0.0000000000000000E+00	0.0000000000000000E+00	0.0000000000000000E+00	0.0000000000000000E+00	0.0000000000000000E+00	0.0000000000000000E+00	0.0000000000000000E+00	0.0000000000000000E+00	0.0000000000000000E+00	
-9.2211018723233423E-02	-4.9528084432652738E-04	-1.4119998354867402E-01	1.7179292834206064E-02	-1.1940976898146419E-01	-4.4902147167218812E-02	1.5496897437347263E+00	5.2007921576896848E-02	1.7454090128042976E-01	5.0488944106681661E-03	0.0000000000000000E+00	0.0000000000000000E+00	0.0000000000000000E+00	0.0000000000000000E+00	0.0000000000000000E+00	0.0000000000000000E+00	0.0000000000000000E+00	0.0000000000000000E+00	
3.5952402385069915E-01	4.8457678768815404E-03	1.4624888584641242E+00	-7.0789568836542571E-01	1.8930198631928288E+00	1.5678230353004696E-01	-4.3775966721905561E+00	-1.7109009997291624E-01	-6.7956158778819953E-01	-3.6326465489541514E-02	9.0778293944310917E-01	0.0000000000000000E+00	0.0000000000000000E+00	0.0000000000000000E+00	0.0000000000000000E+00	0.0000000000000000E+00	0.0000000000000000E+00	0.0000000000000000E+00	
-2.7983806998490912E-01	-2.6802004298491890E-03	-7.9681543100862562E-01	3.1097725539915755E-01	-9.3887490827474207E-01	-1.2888130851324903E-01	4.0306889505112427E+00	1.4503500770707323E-01	5.2930132458985102E-01	2.2042944603470969E-02	-5.4620336436818384E-01	5.9397934954554377E-01	0.0000000000000000E+00	0.0000000000000000E+00	0.0000000000000000E+00	0.0000000000000000E+00	0.0000000000000000E+00	0.0000000000000000E+00	
9.3007426642217672E-01	1.1407814833008730E-02	3.4304707475370990E+00	-1.5832632535612661E+00	4.3447423995601522E+00	4.1266697388504464E-01	-1.1968842054954528E+01	-4.5486535881221907E-01	-1.7583704061332197E+00	-8.7534957098875196E-02	2.1826659492817995E+00	-2.0962331289399083E+00	3.0600826997994696E-01	0.0000000000000000E+00	0.0000000000000000E+00	0.0000000000000000E+00	0.0000000000000000E+00	0.0000000000000000E+00	
4.1184766584757247E-03	-1.1971503374927351E-06	-9.8935405055739639E-04	4.3601500727346448E-03	-6.0865959705132117E-03	2.1517983605451926E-03	-8.2531288324671381E-02	-2.5763471753883710E-03	-7.8033113756539284E-03	-9.2369151443334350E-05	2.0671865046180404E-03	-6.7571320683035840E-03	8.7587621950419026E-04	6.4274018980435836E-05	0.0000000000000000E+00	0.0000000000000000E+00	0.0000000000000000E+00	0.0000000000000000E+00	
-1.4792193374122839E-02	4.0076229709149966E-04	1.2759969249642367E-01	-1.0283843234222932E-01	2.1602495373788574E-01	-1.0216087982518182E-02	5.2283682511848228E-01	1.3563219601461157E-02	2.8157556298473038E-02	-1.9318018196023844E-03	5.0826265857067912E-02	4.9091717053759559E-03	5.2775082908804692E-04	1.0615064555830034E-05	1.1652659651660990E-02	0.0000000000000000E+00	0.0000000000000000E+00	0.0000000000000000E+00	
-9.8784824306110477E-03	2.3089584867179257E-04	7.3717926286407165E-02	-6.0598485559644241E-02	1.2627204723056931E-01	-6.5919594725197001E-03	3.2817789466290886E-01	8.6583600345400049E-03	1.8791993958327789E-02	-1.0803266922954874E-03	2.8544553289452129E-02	5.0725365783791752E-03	1.2008463408743383E-05	-1.5287694387188961E-05	-2.4804855642375709E-02	-3.0090621466346007E-01	0.0000000000000000E+00	0.0000000000000000E+00	
-1.4372440688732571E-02	3.9630407161261676E-04	1.2614213225711673E-01	-1.0144055774981431E-01	2.1328099066341677E-01	-9.9695710404701637E-03	5.1194895931974549E-01	1.3253501999509920E-02	2.7360818321052489E-02	-1.9164588801810524E-03	5.0399847099947395E-02	4.4322362204299364E-03	5.7684043983144309E-04	1.4524859788625545E-05	1.7454428795569854E-02	1.9538210477800400E-01	-3.2943660466826265E-02	0.0000000000000000E+00	

gamma1
0.0000000000000000E+00	0.0000000000000000E+00	-2.0510228414573506E-01	1.7170564260796124E+00	-5.4202430057089113E-01	-5.2904405986749037E+00	-6.8291623590162454E-01	-6.4769303395132882E-01	1.6685620769589873E+00	5.4142141174781457E+00	1.4296872268801331E-01	-7.3808533030059094E+00	-7.1426097492610641E-01	-3.5958036619256455E+00	2.9718544232662930E-03	1.2309904256860960E-01	-2.3796167971770323E+00	-6.4931229485081754E-01	

gamma2
0.0000000000000000E+00	1.0000000000000000E+00	9.8923473134604434E-01	-4.5145231183469497E-01	1.6710273164356493E-01	1.3846169619748177E+00	5.4165199286760946E-01	1.9042334026257193E-01	-2.3091318327753849E-01	-6.0056095305775326E-01	5.1649071859482240E-02	9.8652052648287980E-01	1.9515908306714702E-01	4.8706562610456211E-01	-9.3128082604729805E-03	1.0638505016390506E-01	2.8764747093149223E-01	1.3264118489575943E-01	

gamma3
0.0000000000000000E+00	0.0000000000000000E+00	0.0000000000000000E+00	0.0000000000000000E+00	1.0920465937629409E+00	1.5433496244118874E+00	-9.7437290818333011E-01	6.0101690629325499E-01	7.6731482592425437E-01	-2.7940614913597916E-01	4.7155583827922981E-01	8.3218024154519343E-01	1.0836809347607733E-01	5.2124938414872046E-01	1.0750441639569990E+00	-5.6370808025957848E-02	6.0527464927631558E-01	3.6999623268581960E-01	

delta
1.0000000000000000E+00	2.1821671435450032E-01	3.7011588973718412E-01	1.1044881677899265E+00	7.3562991493682162E-01	1.4774467880837763E+00	5.9067729484412290E-01	7.2167956507627806E-01	6.6665542710881609E-01	5.7844679327427173E-01	1.8845895072510152E-01	5.7681959632319424E-01	1.3687882317791208E-01	1.1767792199309082E-02	3.9530206194568268E-01	8.7235465466878126E-01	0.0000000000000000E+00	

r
0.0000000000000000E+00	

errcoeff
2.5554613276596600E-03	

v
1.0000000000000000E+00	
1.0000000000000000E+00	
1.0000000000000000E+00	
1.0000000000000000E+00	
1.0000000000000000E+00	
1.0000000000000000E+00	
1.0000000000000000E+00	
1.0000000000000000E+00	
1.0000000000000000E+00	
1.0000000000000000E+00	
1.0000000000000000E+00	
1.0000000000000000E+00	
1.0000000000000000E+00	
1.0000000000000000E+00	
1.0000000000000000E+00	
1.0000000000000000E+00	
1.0000000000000000E+00	
1.0000000000000000E+00	

==============================================================

