#stage		 order
13	 		2


A
0.0000000000000000E+00	0.0000000000000000E+00	0.0000000000000000E+00	0.0000000000000000E+00	0.0000000000000000E+00	0.0000000000000000E+00	0.0000000000000000E+00	0.0000000000000000E+00	0.0000000000000000E+00	0.0000000000000000E+00	0.0000000000000000E+00	0.0000000000000000E+00	0.0000000000000000E+00	
1.0992485682599380E-01	0.0000000000000000E+00	0.0000000000000000E+00	0.0000000000000000E+00	0.0000000000000000E+00	0.0000000000000000E+00	0.0000000000000000E+00	0.0000000000000000E+00	0.0000000000000000E+00	0.0000000000000000E+00	0.0000000000000000E+00	0.0000000000000000E+00	0.0000000000000000E+00	
2.0682370712788153E-02	4.5433220765861822E-02	0.0000000000000000E+00	0.0000000000000000E+00	0.0000000000000000E+00	0.0000000000000000E+00	0.0000000000000000E+00	0.0000000000000000E+00	0.0000000000000000E+00	0.0000000000000000E+00	0.0000000000000000E+00	0.0000000000000000E+00	0.0000000000000000E+00	
1.9566925745523281E-02	6.2575703153979409E-03	1.4747773441111545E-01	0.0000000000000000E+00	0.0000000000000000E+00	0.0000000000000000E+00	0.0000000000000000E+00	0.0000000000000000E+00	0.0000000000000000E+00	0.0000000000000000E+00	0.0000000000000000E+00	0.0000000000000000E+00	0.0000000000000000E+00	
1.7725582271563470E-02	5.7256955208855103E-03	1.3136105466617065E-01	7.5329336583495154E-01	0.0000000000000000E+00	0.0000000000000000E+00	0.0000000000000000E+00	0.0000000000000000E+00	0.0000000000000000E+00	0.0000000000000000E+00	0.0000000000000000E+00	0.0000000000000000E+00	0.0000000000000000E+00	
1.0690268452876239E-02	6.3968805985459842E-03	-3.6385703510960710E-02	-4.8376519498692261E-01	8.9773914647361308E-01	0.0000000000000000E+00	0.0000000000000000E+00	0.0000000000000000E+00	0.0000000000000000E+00	0.0000000000000000E+00	0.0000000000000000E+00	0.0000000000000000E+00	0.0000000000000000E+00	
2.5408581159912100E-02	8.6645222603018140E-03	1.7034761473003876E-01	9.3414621182342028E-01	-1.0585825176906640E+00	-3.6872415848273152E-02	0.0000000000000000E+00	0.0000000000000000E+00	0.0000000000000000E+00	0.0000000000000000E+00	0.0000000000000000E+00	0.0000000000000000E+00	0.0000000000000000E+00	
5.4296126123717821E-03	2.7189553907159200E-03	2.3357817726712346E-03	-7.6799324956374690E-02	1.9722370703671632E-01	4.2869352512885676E-03	-1.7822469262741941E-01	0.0000000000000000E+00	0.0000000000000000E+00	0.0000000000000000E+00	0.0000000000000000E+00	0.0000000000000000E+00	0.0000000000000000E+00	
5.5522030630170945E-03	2.5002176024636396E-03	1.3389980874925300E-02	1.0734550055096492E-02	6.4931030041955273E-02	4.5469907384235045E-04	-1.6268292876762791E-02	1.1212922072689341E-03	0.0000000000000000E+00	0.0000000000000000E+00	0.0000000000000000E+00	0.0000000000000000E+00	0.0000000000000000E+00	
3.3174846284549794E-02	1.4854980582464304E-02	8.3305697893547803E-02	9.0912662436852226E-02	3.4695572436882960E-01	1.5384830338332084E-03	-4.7424092772029469E-02	-3.3255760805419648E-03	1.2399397405412994E-01	0.0000000000000000E+00	0.0000000000000000E+00	0.0000000000000000E+00	0.0000000000000000E+00	
1.8630363083456801E-02	8.3576761934335241E-03	4.6178032276858724E-02	4.6146845209068872E-02	2.0236206143719340E-01	1.0800021049171523E-03	-3.5758127957099789E-02	-2.9737327614019196E-05	7.2565364275509747E-03	4.3635172585242792E-02	0.0000000000000000E+00	0.0000000000000000E+00	0.0000000000000000E+00	
1.0684919701236206E-02	4.7913880490722659E-03	2.6559576075783055E-02	2.7078576025390707E-02	1.1512101920868445E-01	5.9245270240341986E-04	-1.9369485846631340E-02	-2.4635708465505418E-04	1.1944261012742144E-02	-5.6034215816061508E-02	9.2270485935607688E-02	0.0000000000000000E+00	0.0000000000000000E+00	
9.0990688887417903E-03	4.0804023934432913E-03	2.2611727916636015E-02	2.3011808190071498E-02	9.8108000425730785E-02	5.0662405197607991E-04	-1.6583512215828735E-02	-1.9190184973461063E-04	9.5642803697374192E-03	-4.1393035012304284E-02	6.8650194834144695E-02	1.1005781258336478E-01	0.0000000000000000E+00	

b
2.7151509970585519E-02	
1.2181176081519834E-02	
6.7264759624331649E-02	
6.6976289282045465E-02	
2.9534292615890534E-01	
1.5861726889606353E-03	
-5.2628536908781109E-02	
6.0453865285312394E-05	
7.0528275279252428E-03	
1.0028438353425151E-01	
-1.4637112848477152E-01	
-2.9354104277889004E-01	
9.1464020943863134E-01	

c
0.0000000000000000E+00	
1.0992485682599380E-01	
6.6115591478649982E-02	
1.7330223047203666E-01	
9.0810569829357113E-01	
3.9467539702715193E-01	
4.3111996434735747E-02	
-4.3029025520030267E-02	
8.2415680041806286E-02	
6.4398669980163536E-01	
3.3785882403300843E-01	
2.1339261996357201E-01	
2.8752147057597865E-01	

alpha
0.0000000000000000E+00	0.0000000000000000E+00	0.0000000000000000E+00	0.0000000000000000E+00	0.0000000000000000E+00	0.0000000000000000E+00	0.0000000000000000E+00	0.0000000000000000E+00	0.0000000000000000E+00	0.0000000000000000E+00	0.0000000000000000E+00	0.0000000000000000E+00	0.0000000000000000E+00	0.0000000000000000E+00	
0.0000000000000000E+00	0.0000000000000000E+00	0.0000000000000000E+00	0.0000000000000000E+00	0.0000000000000000E+00	0.0000000000000000E+00	0.0000000000000000E+00	0.0000000000000000E+00	0.0000000000000000E+00	0.0000000000000000E+00	0.0000000000000000E+00	0.0000000000000000E+00	0.0000000000000000E+00	0.0000000000000000E+00	
0.0000000000000000E+00	0.0000000000000000E+00	0.0000000000000000E+00	0.0000000000000000E+00	0.0000000000000000E+00	0.0000000000000000E+00	0.0000000000000000E+00	0.0000000000000000E+00	0.0000000000000000E+00	0.0000000000000000E+00	0.0000000000000000E+00	0.0000000000000000E+00	0.0000000000000000E+00	0.0000000000000000E+00	
0.0000000000000000E+00	0.0000000000000000E+00	0.0000000000000000E+00	0.0000000000000000E+00	0.0000000000000000E+00	0.0000000000000000E+00	0.0000000000000000E+00	0.0000000000000000E+00	0.0000000000000000E+00	0.0000000000000000E+00	0.0000000000000000E+00	0.0000000000000000E+00	0.0000000000000000E+00	0.0000000000000000E+00	
0.0000000000000000E+00	0.0000000000000000E+00	0.0000000000000000E+00	0.0000000000000000E+00	0.0000000000000000E+00	0.0000000000000000E+00	0.0000000000000000E+00	0.0000000000000000E+00	0.0000000000000000E+00	0.0000000000000000E+00	0.0000000000000000E+00	0.0000000000000000E+00	0.0000000000000000E+00	0.0000000000000000E+00	
0.0000000000000000E+00	0.0000000000000000E+00	-0.0000000000000000E+00	-0.0000000000000000E+00	0.0000000000000000E+00	0.0000000000000000E+00	0.0000000000000000E+00	0.0000000000000000E+00	0.0000000000000000E+00	0.0000000000000000E+00	0.0000000000000000E+00	0.0000000000000000E+00	0.0000000000000000E+00	0.0000000000000000E+00	
0.0000000000000000E+00	0.0000000000000000E+00	0.0000000000000000E+00	0.0000000000000000E+00	-0.0000000000000000E+00	-0.0000000000000000E+00	0.0000000000000000E+00	0.0000000000000000E+00	0.0000000000000000E+00	0.0000000000000000E+00	0.0000000000000000E+00	0.0000000000000000E+00	0.0000000000000000E+00	0.0000000000000000E+00	
0.0000000000000000E+00	0.0000000000000000E+00	0.0000000000000000E+00	-0.0000000000000000E+00	0.0000000000000000E+00	0.0000000000000000E+00	-0.0000000000000000E+00	0.0000000000000000E+00	0.0000000000000000E+00	0.0000000000000000E+00	0.0000000000000000E+00	0.0000000000000000E+00	0.0000000000000000E+00	0.0000000000000000E+00	
0.0000000000000000E+00	0.0000000000000000E+00	0.0000000000000000E+00	0.0000000000000000E+00	0.0000000000000000E+00	0.0000000000000000E+00	-0.0000000000000000E+00	0.0000000000000000E+00	0.0000000000000000E+00	0.0000000000000000E+00	0.0000000000000000E+00	0.0000000000000000E+00	0.0000000000000000E+00	0.0000000000000000E+00	
0.0000000000000000E+00	0.0000000000000000E+00	0.0000000000000000E+00	0.0000000000000000E+00	0.0000000000000000E+00	0.0000000000000000E+00	-0.0000000000000000E+00	-0.0000000000000000E+00	0.0000000000000000E+00	0.0000000000000000E+00	0.0000000000000000E+00	0.0000000000000000E+00	0.0000000000000000E+00	0.0000000000000000E+00	
0.0000000000000000E+00	0.0000000000000000E+00	0.0000000000000000E+00	0.0000000000000000E+00	0.0000000000000000E+00	0.0000000000000000E+00	-0.0000000000000000E+00	-0.0000000000000000E+00	0.0000000000000000E+00	0.0000000000000000E+00	0.0000000000000000E+00	0.0000000000000000E+00	0.0000000000000000E+00	0.0000000000000000E+00	
0.0000000000000000E+00	0.0000000000000000E+00	0.0000000000000000E+00	0.0000000000000000E+00	0.0000000000000000E+00	0.0000000000000000E+00	-0.0000000000000000E+00	-0.0000000000000000E+00	0.0000000000000000E+00	-0.0000000000000000E+00	0.0000000000000000E+00	0.0000000000000000E+00	0.0000000000000000E+00	0.0000000000000000E+00	
0.0000000000000000E+00	0.0000000000000000E+00	0.0000000000000000E+00	0.0000000000000000E+00	0.0000000000000000E+00	0.0000000000000000E+00	-0.0000000000000000E+00	-0.0000000000000000E+00	0.0000000000000000E+00	-0.0000000000000000E+00	0.0000000000000000E+00	0.0000000000000000E+00	0.0000000000000000E+00	0.0000000000000000E+00	
0.0000000000000000E+00	0.0000000000000000E+00	0.0000000000000000E+00	0.0000000000000000E+00	0.0000000000000000E+00	0.0000000000000000E+00	-0.0000000000000000E+00	0.0000000000000000E+00	0.0000000000000000E+00	0.0000000000000000E+00	-0.0000000000000000E+00	-0.0000000000000000E+00	0.0000000000000000E+00	0.0000000000000000E+00	

beta
0.0000000000000000E+00	0.0000000000000000E+00	0.0000000000000000E+00	0.0000000000000000E+00	0.0000000000000000E+00	0.0000000000000000E+00	0.0000000000000000E+00	0.0000000000000000E+00	0.0000000000000000E+00	0.0000000000000000E+00	0.0000000000000000E+00	0.0000000000000000E+00	0.0000000000000000E+00	0.0000000000000000E+00	
1.0992485682599380E-01	0.0000000000000000E+00	0.0000000000000000E+00	0.0000000000000000E+00	0.0000000000000000E+00	0.0000000000000000E+00	0.0000000000000000E+00	0.0000000000000000E+00	0.0000000000000000E+00	0.0000000000000000E+00	0.0000000000000000E+00	0.0000000000000000E+00	0.0000000000000000E+00	0.0000000000000000E+00	
2.0682370712788153E-02	4.5433220765861822E-02	0.0000000000000000E+00	0.0000000000000000E+00	0.0000000000000000E+00	0.0000000000000000E+00	0.0000000000000000E+00	0.0000000000000000E+00	0.0000000000000000E+00	0.0000000000000000E+00	0.0000000000000000E+00	0.0000000000000000E+00	0.0000000000000000E+00	0.0000000000000000E+00	
1.9566925745523281E-02	6.2575703153979409E-03	1.4747773441111545E-01	0.0000000000000000E+00	0.0000000000000000E+00	0.0000000000000000E+00	0.0000000000000000E+00	0.0000000000000000E+00	0.0000000000000000E+00	0.0000000000000000E+00	0.0000000000000000E+00	0.0000000000000000E+00	0.0000000000000000E+00	0.0000000000000000E+00	
1.7725582271563470E-02	5.7256955208855103E-03	1.3136105466617065E-01	7.5329336583495154E-01	0.0000000000000000E+00	0.0000000000000000E+00	0.0000000000000000E+00	0.0000000000000000E+00	0.0000000000000000E+00	0.0000000000000000E+00	0.0000000000000000E+00	0.0000000000000000E+00	0.0000000000000000E+00	0.0000000000000000E+00	
1.0690268452876239E-02	6.3968805985459842E-03	-3.6385703510960710E-02	-4.8376519498692261E-01	8.9773914647361308E-01	0.0000000000000000E+00	0.0000000000000000E+00	0.0000000000000000E+00	0.0000000000000000E+00	0.0000000000000000E+00	0.0000000000000000E+00	0.0000000000000000E+00	0.0000000000000000E+00	0.0000000000000000E+00	
2.5408581159912100E-02	8.6645222603018140E-03	1.7034761473003876E-01	9.3414621182342028E-01	-1.0585825176906640E+00	-3.6872415848273152E-02	0.0000000000000000E+00	0.0000000000000000E+00	0.0000000000000000E+00	0.0000000000000000E+00	0.0000000000000000E+00	0.0000000000000000E+00	0.0000000000000000E+00	0.0000000000000000E+00	
5.4296126123717821E-03	2.7189553907159200E-03	2.3357817726712346E-03	-7.6799324956374690E-02	1.9722370703671632E-01	4.2869352512885676E-03	-1.7822469262741941E-01	0.0000000000000000E+00	0.0000000000000000E+00	0.0000000000000000E+00	0.0000000000000000E+00	0.0000000000000000E+00	0.0000000000000000E+00	0.0000000000000000E+00	
5.5522030630170945E-03	2.5002176024636396E-03	1.3389980874925300E-02	1.0734550055096492E-02	6.4931030041955273E-02	4.5469907384235045E-04	-1.6268292876762791E-02	1.1212922072689341E-03	0.0000000000000000E+00	0.0000000000000000E+00	0.0000000000000000E+00	0.0000000000000000E+00	0.0000000000000000E+00	0.0000000000000000E+00	
3.3174846284549794E-02	1.4854980582464304E-02	8.3305697893547803E-02	9.0912662436852226E-02	3.4695572436882960E-01	1.5384830338332084E-03	-4.7424092772029469E-02	-3.3255760805419648E-03	1.2399397405412994E-01	0.0000000000000000E+00	0.0000000000000000E+00	0.0000000000000000E+00	0.0000000000000000E+00	0.0000000000000000E+00	
1.8630363083456801E-02	8.3576761934335241E-03	4.6178032276858724E-02	4.6146845209068872E-02	2.0236206143719340E-01	1.0800021049171523E-03	-3.5758127957099789E-02	-2.9737327614019196E-05	7.2565364275509747E-03	4.3635172585242792E-02	0.0000000000000000E+00	0.0000000000000000E+00	0.0000000000000000E+00	0.0000000000000000E+00	
1.0684919701236206E-02	4.7913880490722659E-03	2.6559576075783055E-02	2.7078576025390707E-02	1.1512101920868445E-01	5.9245270240341986E-04	-1.9369485846631340E-02	-2.4635708465505418E-04	1.1944261012742144E-02	-5.6034215816061508E-02	9.2270485935607688E-02	0.0000000000000000E+00	0.0000000000000000E+00	0.0000000000000000E+00	
9.0990688887417903E-03	4.0804023934432913E-03	2.2611727916636015E-02	2.3011808190071498E-02	9.8108000425730785E-02	5.0662405197607991E-04	-1.6583512215828735E-02	-1.9190184973461063E-04	9.5642803697374192E-03	-4.1393035012304284E-02	6.8650194834144695E-02	1.1005781258336478E-01	0.0000000000000000E+00	0.0000000000000000E+00	
2.7151509970585519E-02	1.2181176081519834E-02	6.7264759624331649E-02	6.6976289282045465E-02	2.9534292615890534E-01	1.5861726889606353E-03	-5.2628536908781109E-02	6.0453865285312394E-05	7.0528275279252428E-03	1.0028438353425151E-01	-1.4637112848477152E-01	-2.9354104277889004E-01	9.1464020943863134E-01	0.0000000000000000E+00	

gamma1
0.0000000000000000E+00	0.0000000000000000E+00	1.4288402103827313E-02	-1.0775359917206906E-01	8.8456805744612099E-01	-1.0040182826809838E+00	-1.5977595292824895E+00	-1.1343812640274475E-01	3.3188322956861915E-02	-3.4257501730523030E+00	-4.0433062794226649E-02	-1.5145180752783136E+00	7.3431019655859342E-01	-2.6671531614944923E+00	

gamma2
0.0000000000000000E+00	1.0000000000000000E+00	8.1184991902670900E-01	7.1018022648876700E-01	9.6764549583847007E-03	5.1184317895549780E-01	6.8302177677935849E-01	1.3477024264469672E-01	8.1988070619980397E-02	7.5763838103923387E-01	2.4224634095181907E-01	4.1979046632460953E-01	1.2403248105765900E-02	5.0899010235843567E-01	

gamma3
0.0000000000000000E+00	0.0000000000000000E+00	0.0000000000000000E+00	0.0000000000000000E+00	9.4188590104451173E-02	5.1851755787429965E-01	1.9685982904516594E-01	6.4253119485253130E-01	6.2224201458374717E-01	7.8173047682466168E-01	-2.2365756347117752E-01	9.3600551067499455E-02	1.8446055307147038E-01	3.3376144766810950E-01	

delta
1.0000000000000000E+00	2.1415495006503016E-01	3.4566544179375452E-01	6.3554480549795878E-01	7.0689234144273527E-01	6.1285688633385560E-01	-2.0968222609272242E-02	7.0853425883832166E-01	6.0702795286714584E-01	4.0849476398409768E-01	5.4876324531348974E-01	7.8206409471069571E-01	0.0000000000000000E+00	

r
0.0000000000000000E+00	

errcoeff
4.3535585570432826E-03	

v
1.0000000000000000E+00	
1.0000000000000000E+00	
1.0000000000000000E+00	
1.0000000000000000E+00	
1.0000000000000000E+00	
1.0000000000000000E+00	
1.0000000000000000E+00	
1.0000000000000000E+00	
1.0000000000000000E+00	
1.0000000000000000E+00	
1.0000000000000000E+00	
1.0000000000000000E+00	
1.0000000000000000E+00	
1.0000000000000000E+00	

==============================================================

