#stage		 order
20	 		2


A
0.0000000000000000E+00	0.0000000000000000E+00	0.0000000000000000E+00	0.0000000000000000E+00	0.0000000000000000E+00	0.0000000000000000E+00	0.0000000000000000E+00	0.0000000000000000E+00	0.0000000000000000E+00	0.0000000000000000E+00	0.0000000000000000E+00	0.0000000000000000E+00	0.0000000000000000E+00	0.0000000000000000E+00	0.0000000000000000E+00	0.0000000000000000E+00	0.0000000000000000E+00	0.0000000000000000E+00	0.0000000000000000E+00	0.0000000000000000E+00	
1.6624384939158361E+00	0.0000000000000000E+00	0.0000000000000000E+00	0.0000000000000000E+00	0.0000000000000000E+00	0.0000000000000000E+00	0.0000000000000000E+00	0.0000000000000000E+00	0.0000000000000000E+00	0.0000000000000000E+00	0.0000000000000000E+00	0.0000000000000000E+00	0.0000000000000000E+00	0.0000000000000000E+00	0.0000000000000000E+00	0.0000000000000000E+00	0.0000000000000000E+00	0.0000000000000000E+00	0.0000000000000000E+00	0.0000000000000000E+00	
-1.2242991035578470E+00	1.0155736342387149E+00	0.0000000000000000E+00	0.0000000000000000E+00	0.0000000000000000E+00	0.0000000000000000E+00	0.0000000000000000E+00	0.0000000000000000E+00	0.0000000000000000E+00	0.0000000000000000E+00	0.0000000000000000E+00	0.0000000000000000E+00	0.0000000000000000E+00	0.0000000000000000E+00	0.0000000000000000E+00	0.0000000000000000E+00	0.0000000000000000E+00	0.0000000000000000E+00	0.0000000000000000E+00	0.0000000000000000E+00	
8.1265453708424307E-02	-1.3913123804504113E-01	2.0269906832008941E+00	0.0000000000000000E+00	0.0000000000000000E+00	0.0000000000000000E+00	0.0000000000000000E+00	0.0000000000000000E+00	0.0000000000000000E+00	0.0000000000000000E+00	0.0000000000000000E+00	0.0000000000000000E+00	0.0000000000000000E+00	0.0000000000000000E+00	0.0000000000000000E+00	0.0000000000000000E+00	0.0000000000000000E+00	0.0000000000000000E+00	0.0000000000000000E+00	0.0000000000000000E+00	
1.8960885239193448E+00	-1.8194770353688685E+00	1.5897846592668916E+00	3.3042866577901551E+00	0.0000000000000000E+00	0.0000000000000000E+00	0.0000000000000000E+00	0.0000000000000000E+00	0.0000000000000000E+00	0.0000000000000000E+00	0.0000000000000000E+00	0.0000000000000000E+00	0.0000000000000000E+00	0.0000000000000000E+00	0.0000000000000000E+00	0.0000000000000000E+00	0.0000000000000000E+00	0.0000000000000000E+00	0.0000000000000000E+00	0.0000000000000000E+00	
4.8228950728979439E-02	-2.4822459797938734E-02	-6.4693996640825135E-01	-1.1816319384321430E+00	-4.1071734236044870E-03	0.0000000000000000E+00	0.0000000000000000E+00	0.0000000000000000E+00	0.0000000000000000E+00	0.0000000000000000E+00	0.0000000000000000E+00	0.0000000000000000E+00	0.0000000000000000E+00	0.0000000000000000E+00	0.0000000000000000E+00	0.0000000000000000E+00	0.0000000000000000E+00	0.0000000000000000E+00	0.0000000000000000E+00	0.0000000000000000E+00	
-1.6915386529486067E-02	8.9253557062598538E-03	2.1987522419339761E-01	4.0149661686560367E-01	1.3837515921940760E-03	-1.5641470646571950E-02	0.0000000000000000E+00	0.0000000000000000E+00	0.0000000000000000E+00	0.0000000000000000E+00	0.0000000000000000E+00	0.0000000000000000E+00	0.0000000000000000E+00	0.0000000000000000E+00	0.0000000000000000E+00	0.0000000000000000E+00	0.0000000000000000E+00	0.0000000000000000E+00	0.0000000000000000E+00	0.0000000000000000E+00	
-3.5871819345549616E-02	3.4269879552145555E-02	-2.5190498546828977E-02	-5.3515898825761354E-02	-1.0356368542663863E-03	1.5181529690171391E-03	-4.1572077932715496E-03	0.0000000000000000E+00	0.0000000000000000E+00	0.0000000000000000E+00	0.0000000000000000E+00	0.0000000000000000E+00	0.0000000000000000E+00	0.0000000000000000E+00	0.0000000000000000E+00	0.0000000000000000E+00	0.0000000000000000E+00	0.0000000000000000E+00	0.0000000000000000E+00	0.0000000000000000E+00	
3.1967445389097807E-02	-2.9311139146111505E-02	-1.6912204868812081E-02	-2.4784781392113445E-02	6.0495831606791235E-04	1.4252086253015897E-03	-6.8616552280238953E-03	1.2697415499266052E+00	0.0000000000000000E+00	0.0000000000000000E+00	0.0000000000000000E+00	0.0000000000000000E+00	0.0000000000000000E+00	0.0000000000000000E+00	0.0000000000000000E+00	0.0000000000000000E+00	0.0000000000000000E+00	0.0000000000000000E+00	0.0000000000000000E+00	0.0000000000000000E+00	
-3.3042978281416710E-02	3.1754189146493091E-02	-2.9188632346185003E-02	-6.0315282446109217E-02	-1.0023108236335021E-03	1.8208328472051486E-03	-5.4359425127299835E-03	7.9976782072882113E-01	2.5373330023214695E+00	0.0000000000000000E+00	0.0000000000000000E+00	0.0000000000000000E+00	0.0000000000000000E+00	0.0000000000000000E+00	0.0000000000000000E+00	0.0000000000000000E+00	0.0000000000000000E+00	0.0000000000000000E+00	0.0000000000000000E+00	0.0000000000000000E+00	
-1.2358528015033979E-01	1.1691623259650252E-01	-4.9945186423625568E-02	-1.1653676122701913E-01	-3.2703663552236194E-03	2.6300693359025203E-03	-4.4324866357242296E-03	3.1080981734999003E-01	-7.7690683915023939E-01	1.8138945648539732E-03	0.0000000000000000E+00	0.0000000000000000E+00	0.0000000000000000E+00	0.0000000000000000E+00	0.0000000000000000E+00	0.0000000000000000E+00	0.0000000000000000E+00	0.0000000000000000E+00	0.0000000000000000E+00	0.0000000000000000E+00	
4.3010127855747319E-03	-4.0742865084252072E-03	1.9102073641036274E-03	4.3724459292284277E-03	1.1520477716354867E-04	-1.0367263386728388E-04	2.0043674382897705E-04	-1.8602059405017871E-02	-2.7820563137026105E-03	1.4590093345341630E-05	2.0517400945060452E-04	0.0000000000000000E+00	0.0000000000000000E+00	0.0000000000000000E+00	0.0000000000000000E+00	0.0000000000000000E+00	0.0000000000000000E+00	0.0000000000000000E+00	0.0000000000000000E+00	0.0000000000000000E+00	
1.0278748329578777E-01	-9.7358571406175987E-02	4.5314350532611514E-02	1.0387480007989708E-01	2.7504948995435434E-03	-2.4538550312459212E-03	4.6997597487930046E-03	-4.2932507273847320E-01	-8.1317657355519518E-03	1.9659465329261791E-04	3.0065694027972024E-04	3.0469844037660748E-01	0.0000000000000000E+00	0.0000000000000000E+00	0.0000000000000000E+00	0.0000000000000000E+00	0.0000000000000000E+00	0.0000000000000000E+00	0.0000000000000000E+00	0.0000000000000000E+00	
-1.7174495799719313E-02	1.6267302822092624E-02	-7.5685726404685228E-03	-1.7350859718282551E-02	-4.5954979866269659E-04	4.0980465814009927E-04	-7.8449615222795505E-04	7.1604227537231557E-02	8.5850463211237737E-04	-3.1544836239542275E-05	-1.0782455270472803E-05	2.1670536112284901E-02	1.1720572757720009E-04	0.0000000000000000E+00	0.0000000000000000E+00	0.0000000000000000E+00	0.0000000000000000E+00	0.0000000000000000E+00	0.0000000000000000E+00	0.0000000000000000E+00	
-1.5222025206946866E-02	1.4417992373888475E-02	-6.7089950010186363E-03	-1.5379904931481761E-02	-4.0731306835940898E-04	3.6327631367144564E-04	-6.9553950728623202E-04	6.3502433135445679E-02	9.0830534375474330E-04	-2.8342837578863296E-05	-2.1182590558464200E-05	-2.1810356298289299E-03	1.4238858182489650E-04	-2.1697207871837353E-03	0.0000000000000000E+00	0.0000000000000000E+00	0.0000000000000000E+00	0.0000000000000000E+00	0.0000000000000000E+00	0.0000000000000000E+00	
5.5782705249154060E-03	-5.2837090748635365E-03	2.4612979623266883E-03	5.6411291298580704E-03	1.4928608266580237E-04	-1.3331814121049067E-04	2.5561697478649692E-04	-2.3394077344425057E-02	-8.0377835433970450E-04	1.1613849402626670E-05	4.4905844229133430E-05	6.9130912125567115E-02	-1.7520536858890202E-04	2.3141912498668973E-03	-2.8952449084696313E-01	0.0000000000000000E+00	0.0000000000000000E+00	0.0000000000000000E+00	0.0000000000000000E+00	0.0000000000000000E+00	
2.4046639718073052E-03	-2.2777515356358531E-03	1.0631302277008825E-03	2.4356669502110075E-03	6.4370928893197517E-05	-5.7620107393929111E-05	1.1076006596360836E-04	-1.0180658301819839E-02	-7.1423925949998192E-04	5.9648958858000688E-06	4.8363618097246960E-05	8.3161976219104913E-02	-1.7159956246387046E-04	2.1838630010629924E-03	-2.5525444344278581E-01	-3.9804415216682965E-01	0.0000000000000000E+00	0.0000000000000000E+00	0.0000000000000000E+00	0.0000000000000000E+00	
-1.4639450756721514E-02	1.3865783297935041E-02	-6.4392104788893855E-03	-1.4767315779042021E-02	-3.9161929155002127E-04	3.4845417099715393E-04	-6.6542498050032066E-04	6.0482847002578319E-02	-1.3834018154503932E-03	-2.1376022283084347E-05	1.5764183416354968E-04	3.2539040854066936E-01	-4.5267637281309393E-04	5.1936721366349654E-03	-4.7914390836154230E-01	-4.9321431088675372E-02	7.9251903660860590E-04	0.0000000000000000E+00	0.0000000000000000E+00	0.0000000000000000E+00	
-4.9988988750880280E-03	4.7346992609390692E-03	-2.1982309820166961E-03	-5.0415458940151177E-03	-1.3372086813896909E-04	1.1894693049642028E-04	-2.2707316347551229E-04	2.0627993508538937E-02	-5.6792344023856491E-04	-7.0502315294831385E-06	6.1364908307869596E-05	1.2497286501645474E-01	-1.7953276234714726E-04	2.0816484139044964E-03	-1.9750063581001354E-01	-5.8055400193100987E-02	3.0285588331839503E-04	2.5213938033698927E-02	0.0000000000000000E+00	0.0000000000000000E+00	
-1.0435807634265881E-03	9.8776699167660298E-04	-4.3780027157092061E-04	-1.0136189911679472E-03	-2.7745349743518027E-05	2.3341859143549346E-05	-4.1738103166530371E-05	3.3510578258323376E-03	-3.7776010893287096E-03	8.0644249876547238E-06	3.0141295269440690E-04	5.5702492497215417E-01	-9.9338555468244955E-04	1.2237741754059367E-02	-1.3391574825012231E+00	-1.5906026445288810E+00	1.2978716918783297E-03	-1.3035959681583109E-02	2.6004117495107955E+00	0.0000000000000000E+00	

b
-1.1128621486883507E-03	
1.0559259963557935E-03	
-5.4960841283757385E-04	
-1.2332680293610804E-03	
-3.0255712908045315E-05	
3.0731572023730183E-05	
-6.6721370167798229E-05	
7.3184098479880857E-03	
1.0315663214459092E-02	
-2.8783880433219540E-05	
-8.0994623804514141E-04	
-1.4873508891245515E+00	
2.6879771916927175E-03	
-3.3220236003163275E-02	
3.6600295578729276E+00	
4.4917182512259055E+00	
-3.4559880979891195E-03	
5.7836407509768151E-02	
-8.4685079528110503E+00	
2.7653735873980714E+00	

c
0.0000000000000000E+00	
1.6624384939158361E+00	
-2.0872546931913205E-01	
1.9691248988642773E+00	
4.9706828056075230E+00	
-1.8092725873329580E+00	
5.9912409118139720E-01	
-8.3983028844515195E-02	
1.2258693816220116E+00	
3.2416906986339145E+00	
-6.4250690609492278E-01	
-1.4443003158317714E-02	
2.7353315615365636E-02	
6.7547280088567696E-02	
3.6520336188342342E-02	
-2.3372735538677258E-01	
-5.7522170449770194E-01	
-1.6099448892788054E-01	
-9.0795700264305182E-02	
2.2551237514844802E-01	

alpha
0.0000000000000000E+00	0.0000000000000000E+00	0.0000000000000000E+00	0.0000000000000000E+00	0.0000000000000000E+00	0.0000000000000000E+00	0.0000000000000000E+00	0.0000000000000000E+00	0.0000000000000000E+00	0.0000000000000000E+00	0.0000000000000000E+00	0.0000000000000000E+00	0.0000000000000000E+00	0.0000000000000000E+00	0.0000000000000000E+00	0.0000000000000000E+00	0.0000000000000000E+00	0.0000000000000000E+00	0.0000000000000000E+00	0.0000000000000000E+00	0.0000000000000000E+00	
0.0000000000000000E+00	0.0000000000000000E+00	0.0000000000000000E+00	0.0000000000000000E+00	0.0000000000000000E+00	0.0000000000000000E+00	0.0000000000000000E+00	0.0000000000000000E+00	0.0000000000000000E+00	0.0000000000000000E+00	0.0000000000000000E+00	0.0000000000000000E+00	0.0000000000000000E+00	0.0000000000000000E+00	0.0000000000000000E+00	0.0000000000000000E+00	0.0000000000000000E+00	0.0000000000000000E+00	0.0000000000000000E+00	0.0000000000000000E+00	0.0000000000000000E+00	
-0.0000000000000000E+00	0.0000000000000000E+00	0.0000000000000000E+00	0.0000000000000000E+00	0.0000000000000000E+00	0.0000000000000000E+00	0.0000000000000000E+00	0.0000000000000000E+00	0.0000000000000000E+00	0.0000000000000000E+00	0.0000000000000000E+00	0.0000000000000000E+00	0.0000000000000000E+00	0.0000000000000000E+00	0.0000000000000000E+00	0.0000000000000000E+00	0.0000000000000000E+00	0.0000000000000000E+00	0.0000000000000000E+00	0.0000000000000000E+00	0.0000000000000000E+00	
0.0000000000000000E+00	-0.0000000000000000E+00	0.0000000000000000E+00	0.0000000000000000E+00	0.0000000000000000E+00	0.0000000000000000E+00	0.0000000000000000E+00	0.0000000000000000E+00	0.0000000000000000E+00	0.0000000000000000E+00	0.0000000000000000E+00	0.0000000000000000E+00	0.0000000000000000E+00	0.0000000000000000E+00	0.0000000000000000E+00	0.0000000000000000E+00	0.0000000000000000E+00	0.0000000000000000E+00	0.0000000000000000E+00	0.0000000000000000E+00	0.0000000000000000E+00	
0.0000000000000000E+00	-0.0000000000000000E+00	0.0000000000000000E+00	0.0000000000000000E+00	0.0000000000000000E+00	0.0000000000000000E+00	0.0000000000000000E+00	0.0000000000000000E+00	0.0000000000000000E+00	0.0000000000000000E+00	0.0000000000000000E+00	0.0000000000000000E+00	0.0000000000000000E+00	0.0000000000000000E+00	0.0000000000000000E+00	0.0000000000000000E+00	0.0000000000000000E+00	0.0000000000000000E+00	0.0000000000000000E+00	0.0000000000000000E+00	0.0000000000000000E+00	
0.0000000000000000E+00	-0.0000000000000000E+00	-0.0000000000000000E+00	-0.0000000000000000E+00	-0.0000000000000000E+00	0.0000000000000000E+00	0.0000000000000000E+00	0.0000000000000000E+00	0.0000000000000000E+00	0.0000000000000000E+00	0.0000000000000000E+00	0.0000000000000000E+00	0.0000000000000000E+00	0.0000000000000000E+00	0.0000000000000000E+00	0.0000000000000000E+00	0.0000000000000000E+00	0.0000000000000000E+00	0.0000000000000000E+00	0.0000000000000000E+00	0.0000000000000000E+00	
-0.0000000000000000E+00	0.0000000000000000E+00	0.0000000000000000E+00	0.0000000000000000E+00	0.0000000000000000E+00	-0.0000000000000000E+00	0.0000000000000000E+00	0.0000000000000000E+00	0.0000000000000000E+00	0.0000000000000000E+00	0.0000000000000000E+00	0.0000000000000000E+00	0.0000000000000000E+00	0.0000000000000000E+00	0.0000000000000000E+00	0.0000000000000000E+00	0.0000000000000000E+00	0.0000000000000000E+00	0.0000000000000000E+00	0.0000000000000000E+00	0.0000000000000000E+00	
-0.0000000000000000E+00	0.0000000000000000E+00	-0.0000000000000000E+00	-0.0000000000000000E+00	-0.0000000000000000E+00	0.0000000000000000E+00	-0.0000000000000000E+00	0.0000000000000000E+00	0.0000000000000000E+00	0.0000000000000000E+00	0.0000000000000000E+00	0.0000000000000000E+00	0.0000000000000000E+00	0.0000000000000000E+00	0.0000000000000000E+00	0.0000000000000000E+00	0.0000000000000000E+00	0.0000000000000000E+00	0.0000000000000000E+00	0.0000000000000000E+00	0.0000000000000000E+00	
0.0000000000000000E+00	-0.0000000000000000E+00	-0.0000000000000000E+00	-0.0000000000000000E+00	0.0000000000000000E+00	0.0000000000000000E+00	-0.0000000000000000E+00	0.0000000000000000E+00	0.0000000000000000E+00	0.0000000000000000E+00	0.0000000000000000E+00	0.0000000000000000E+00	0.0000000000000000E+00	0.0000000000000000E+00	0.0000000000000000E+00	0.0000000000000000E+00	0.0000000000000000E+00	0.0000000000000000E+00	0.0000000000000000E+00	0.0000000000000000E+00	0.0000000000000000E+00	
-0.0000000000000000E+00	0.0000000000000000E+00	-0.0000000000000000E+00	-0.0000000000000000E+00	-0.0000000000000000E+00	0.0000000000000000E+00	-0.0000000000000000E+00	0.0000000000000000E+00	0.0000000000000000E+00	0.0000000000000000E+00	0.0000000000000000E+00	0.0000000000000000E+00	0.0000000000000000E+00	0.0000000000000000E+00	0.0000000000000000E+00	0.0000000000000000E+00	0.0000000000000000E+00	0.0000000000000000E+00	0.0000000000000000E+00	0.0000000000000000E+00	0.0000000000000000E+00	
-0.0000000000000000E+00	0.0000000000000000E+00	-0.0000000000000000E+00	-0.0000000000000000E+00	-0.0000000000000000E+00	0.0000000000000000E+00	-0.0000000000000000E+00	0.0000000000000000E+00	-0.0000000000000000E+00	0.0000000000000000E+00	0.0000000000000000E+00	0.0000000000000000E+00	0.0000000000000000E+00	0.0000000000000000E+00	0.0000000000000000E+00	0.0000000000000000E+00	0.0000000000000000E+00	0.0000000000000000E+00	0.0000000000000000E+00	0.0000000000000000E+00	0.0000000000000000E+00	
0.0000000000000000E+00	-0.0000000000000000E+00	0.0000000000000000E+00	0.0000000000000000E+00	0.0000000000000000E+00	-0.0000000000000000E+00	0.0000000000000000E+00	-0.0000000000000000E+00	-0.0000000000000000E+00	0.0000000000000000E+00	0.0000000000000000E+00	0.0000000000000000E+00	0.0000000000000000E+00	0.0000000000000000E+00	0.0000000000000000E+00	0.0000000000000000E+00	0.0000000000000000E+00	0.0000000000000000E+00	0.0000000000000000E+00	0.0000000000000000E+00	0.0000000000000000E+00	
0.0000000000000000E+00	-0.0000000000000000E+00	0.0000000000000000E+00	0.0000000000000000E+00	0.0000000000000000E+00	-0.0000000000000000E+00	0.0000000000000000E+00	-0.0000000000000000E+00	-0.0000000000000000E+00	0.0000000000000000E+00	0.0000000000000000E+00	0.0000000000000000E+00	0.0000000000000000E+00	0.0000000000000000E+00	0.0000000000000000E+00	0.0000000000000000E+00	0.0000000000000000E+00	0.0000000000000000E+00	0.0000000000000000E+00	0.0000000000000000E+00	0.0000000000000000E+00	
-0.0000000000000000E+00	0.0000000000000000E+00	-0.0000000000000000E+00	-0.0000000000000000E+00	-0.0000000000000000E+00	0.0000000000000000E+00	-0.0000000000000000E+00	0.0000000000000000E+00	0.0000000000000000E+00	-0.0000000000000000E+00	-0.0000000000000000E+00	0.0000000000000000E+00	0.0000000000000000E+00	0.0000000000000000E+00	0.0000000000000000E+00	0.0000000000000000E+00	0.0000000000000000E+00	0.0000000000000000E+00	0.0000000000000000E+00	0.0000000000000000E+00	0.0000000000000000E+00	
-0.0000000000000000E+00	0.0000000000000000E+00	-0.0000000000000000E+00	-0.0000000000000000E+00	-0.0000000000000000E+00	0.0000000000000000E+00	-0.0000000000000000E+00	0.0000000000000000E+00	0.0000000000000000E+00	-0.0000000000000000E+00	-0.0000000000000000E+00	-0.0000000000000000E+00	0.0000000000000000E+00	-0.0000000000000000E+00	0.0000000000000000E+00	0.0000000000000000E+00	0.0000000000000000E+00	0.0000000000000000E+00	0.0000000000000000E+00	0.0000000000000000E+00	0.0000000000000000E+00	
0.0000000000000000E+00	-0.0000000000000000E+00	0.0000000000000000E+00	0.0000000000000000E+00	0.0000000000000000E+00	-0.0000000000000000E+00	0.0000000000000000E+00	-0.0000000000000000E+00	-0.0000000000000000E+00	0.0000000000000000E+00	0.0000000000000000E+00	0.0000000000000000E+00	-0.0000000000000000E+00	0.0000000000000000E+00	-0.0000000000000000E+00	0.0000000000000000E+00	0.0000000000000000E+00	0.0000000000000000E+00	0.0000000000000000E+00	0.0000000000000000E+00	0.0000000000000000E+00	
0.0000000000000000E+00	-0.0000000000000000E+00	0.0000000000000000E+00	0.0000000000000000E+00	0.0000000000000000E+00	-0.0000000000000000E+00	0.0000000000000000E+00	-0.0000000000000000E+00	-0.0000000000000000E+00	0.0000000000000000E+00	0.0000000000000000E+00	0.0000000000000000E+00	-0.0000000000000000E+00	0.0000000000000000E+00	-0.0000000000000000E+00	-0.0000000000000000E+00	0.0000000000000000E+00	0.0000000000000000E+00	0.0000000000000000E+00	0.0000000000000000E+00	0.0000000000000000E+00	
-0.0000000000000000E+00	0.0000000000000000E+00	-0.0000000000000000E+00	-0.0000000000000000E+00	-0.0000000000000000E+00	0.0000000000000000E+00	-0.0000000000000000E+00	0.0000000000000000E+00	-0.0000000000000000E+00	-0.0000000000000000E+00	0.0000000000000000E+00	0.0000000000000000E+00	-0.0000000000000000E+00	0.0000000000000000E+00	-0.0000000000000000E+00	-0.0000000000000000E+00	0.0000000000000000E+00	0.0000000000000000E+00	0.0000000000000000E+00	0.0000000000000000E+00	0.0000000000000000E+00	
-0.0000000000000000E+00	0.0000000000000000E+00	-0.0000000000000000E+00	-0.0000000000000000E+00	-0.0000000000000000E+00	0.0000000000000000E+00	-0.0000000000000000E+00	0.0000000000000000E+00	-0.0000000000000000E+00	-0.0000000000000000E+00	0.0000000000000000E+00	0.0000000000000000E+00	-0.0000000000000000E+00	0.0000000000000000E+00	-0.0000000000000000E+00	-0.0000000000000000E+00	0.0000000000000000E+00	0.0000000000000000E+00	0.0000000000000000E+00	0.0000000000000000E+00	0.0000000000000000E+00	
-0.0000000000000000E+00	0.0000000000000000E+00	-0.0000000000000000E+00	-0.0000000000000000E+00	-0.0000000000000000E+00	0.0000000000000000E+00	-0.0000000000000000E+00	0.0000000000000000E+00	-0.0000000000000000E+00	0.0000000000000000E+00	0.0000000000000000E+00	0.0000000000000000E+00	-0.0000000000000000E+00	0.0000000000000000E+00	-0.0000000000000000E+00	-0.0000000000000000E+00	0.0000000000000000E+00	-0.0000000000000000E+00	0.0000000000000000E+00	0.0000000000000000E+00	0.0000000000000000E+00	
-0.0000000000000000E+00	0.0000000000000000E+00	-0.0000000000000000E+00	-0.0000000000000000E+00	-0.0000000000000000E+00	0.0000000000000000E+00	-0.0000000000000000E+00	0.0000000000000000E+00	0.0000000000000000E+00	-0.0000000000000000E+00	-0.0000000000000000E+00	-0.0000000000000000E+00	0.0000000000000000E+00	-0.0000000000000000E+00	0.0000000000000000E+00	0.0000000000000000E+00	-0.0000000000000000E+00	0.0000000000000000E+00	-0.0000000000000000E+00	0.0000000000000000E+00	0.0000000000000000E+00	

beta
0.0000000000000000E+00	0.0000000000000000E+00	0.0000000000000000E+00	0.0000000000000000E+00	0.0000000000000000E+00	0.0000000000000000E+00	0.0000000000000000E+00	0.0000000000000000E+00	0.0000000000000000E+00	0.0000000000000000E+00	0.0000000000000000E+00	0.0000000000000000E+00	0.0000000000000000E+00	0.0000000000000000E+00	0.0000000000000000E+00	0.0000000000000000E+00	0.0000000000000000E+00	0.0000000000000000E+00	0.0000000000000000E+00	0.0000000000000000E+00	0.0000000000000000E+00	
1.6624384939158361E+00	0.0000000000000000E+00	0.0000000000000000E+00	0.0000000000000000E+00	0.0000000000000000E+00	0.0000000000000000E+00	0.0000000000000000E+00	0.0000000000000000E+00	0.0000000000000000E+00	0.0000000000000000E+00	0.0000000000000000E+00	0.0000000000000000E+00	0.0000000000000000E+00	0.0000000000000000E+00	0.0000000000000000E+00	0.0000000000000000E+00	0.0000000000000000E+00	0.0000000000000000E+00	0.0000000000000000E+00	0.0000000000000000E+00	0.0000000000000000E+00	
-1.2242991035578470E+00	1.0155736342387149E+00	0.0000000000000000E+00	0.0000000000000000E+00	0.0000000000000000E+00	0.0000000000000000E+00	0.0000000000000000E+00	0.0000000000000000E+00	0.0000000000000000E+00	0.0000000000000000E+00	0.0000000000000000E+00	0.0000000000000000E+00	0.0000000000000000E+00	0.0000000000000000E+00	0.0000000000000000E+00	0.0000000000000000E+00	0.0000000000000000E+00	0.0000000000000000E+00	0.0000000000000000E+00	0.0000000000000000E+00	0.0000000000000000E+00	
8.1265453708424307E-02	-1.3913123804504113E-01	2.0269906832008941E+00	0.0000000000000000E+00	0.0000000000000000E+00	0.0000000000000000E+00	0.0000000000000000E+00	0.0000000000000000E+00	0.0000000000000000E+00	0.0000000000000000E+00	0.0000000000000000E+00	0.0000000000000000E+00	0.0000000000000000E+00	0.0000000000000000E+00	0.0000000000000000E+00	0.0000000000000000E+00	0.0000000000000000E+00	0.0000000000000000E+00	0.0000000000000000E+00	0.0000000000000000E+00	0.0000000000000000E+00	
1.8960885239193448E+00	-1.8194770353688685E+00	1.5897846592668916E+00	3.3042866577901551E+00	0.0000000000000000E+00	0.0000000000000000E+00	0.0000000000000000E+00	0.0000000000000000E+00	0.0000000000000000E+00	0.0000000000000000E+00	0.0000000000000000E+00	0.0000000000000000E+00	0.0000000000000000E+00	0.0000000000000000E+00	0.0000000000000000E+00	0.0000000000000000E+00	0.0000000000000000E+00	0.0000000000000000E+00	0.0000000000000000E+00	0.0000000000000000E+00	0.0000000000000000E+00	
4.8228950728979439E-02	-2.4822459797938734E-02	-6.4693996640825135E-01	-1.1816319384321430E+00	-4.1071734236044870E-03	0.0000000000000000E+00	0.0000000000000000E+00	0.0000000000000000E+00	0.0000000000000000E+00	0.0000000000000000E+00	0.0000000000000000E+00	0.0000000000000000E+00	0.0000000000000000E+00	0.0000000000000000E+00	0.0000000000000000E+00	0.0000000000000000E+00	0.0000000000000000E+00	0.0000000000000000E+00	0.0000000000000000E+00	0.0000000000000000E+00	0.0000000000000000E+00	
-1.6915386529486067E-02	8.9253557062598538E-03	2.1987522419339761E-01	4.0149661686560367E-01	1.3837515921940760E-03	-1.5641470646571950E-02	0.0000000000000000E+00	0.0000000000000000E+00	0.0000000000000000E+00	0.0000000000000000E+00	0.0000000000000000E+00	0.0000000000000000E+00	0.0000000000000000E+00	0.0000000000000000E+00	0.0000000000000000E+00	0.0000000000000000E+00	0.0000000000000000E+00	0.0000000000000000E+00	0.0000000000000000E+00	0.0000000000000000E+00	0.0000000000000000E+00	
-3.5871819345549616E-02	3.4269879552145555E-02	-2.5190498546828977E-02	-5.3515898825761354E-02	-1.0356368542663863E-03	1.5181529690171391E-03	-4.1572077932715496E-03	0.0000000000000000E+00	0.0000000000000000E+00	0.0000000000000000E+00	0.0000000000000000E+00	0.0000000000000000E+00	0.0000000000000000E+00	0.0000000000000000E+00	0.0000000000000000E+00	0.0000000000000000E+00	0.0000000000000000E+00	0.0000000000000000E+00	0.0000000000000000E+00	0.0000000000000000E+00	0.0000000000000000E+00	
3.1967445389097807E-02	-2.9311139146111505E-02	-1.6912204868812081E-02	-2.4784781392113445E-02	6.0495831606791235E-04	1.4252086253015897E-03	-6.8616552280238953E-03	1.2697415499266052E+00	0.0000000000000000E+00	0.0000000000000000E+00	0.0000000000000000E+00	0.0000000000000000E+00	0.0000000000000000E+00	0.0000000000000000E+00	0.0000000000000000E+00	0.0000000000000000E+00	0.0000000000000000E+00	0.0000000000000000E+00	0.0000000000000000E+00	0.0000000000000000E+00	0.0000000000000000E+00	
-3.3042978281416710E-02	3.1754189146493091E-02	-2.9188632346185003E-02	-6.0315282446109217E-02	-1.0023108236335021E-03	1.8208328472051486E-03	-5.4359425127299835E-03	7.9976782072882113E-01	2.5373330023214695E+00	0.0000000000000000E+00	0.0000000000000000E+00	0.0000000000000000E+00	0.0000000000000000E+00	0.0000000000000000E+00	0.0000000000000000E+00	0.0000000000000000E+00	0.0000000000000000E+00	0.0000000000000000E+00	0.0000000000000000E+00	0.0000000000000000E+00	0.0000000000000000E+00	
-1.2358528015033979E-01	1.1691623259650252E-01	-4.9945186423625568E-02	-1.1653676122701913E-01	-3.2703663552236194E-03	2.6300693359025203E-03	-4.4324866357242296E-03	3.1080981734999003E-01	-7.7690683915023939E-01	1.8138945648539732E-03	0.0000000000000000E+00	0.0000000000000000E+00	0.0000000000000000E+00	0.0000000000000000E+00	0.0000000000000000E+00	0.0000000000000000E+00	0.0000000000000000E+00	0.0000000000000000E+00	0.0000000000000000E+00	0.0000000000000000E+00	0.0000000000000000E+00	
4.3010127855747319E-03	-4.0742865084252072E-03	1.9102073641036274E-03	4.3724459292284277E-03	1.1520477716354867E-04	-1.0367263386728388E-04	2.0043674382897705E-04	-1.8602059405017871E-02	-2.7820563137026105E-03	1.4590093345341630E-05	2.0517400945060452E-04	0.0000000000000000E+00	0.0000000000000000E+00	0.0000000000000000E+00	0.0000000000000000E+00	0.0000000000000000E+00	0.0000000000000000E+00	0.0000000000000000E+00	0.0000000000000000E+00	0.0000000000000000E+00	0.0000000000000000E+00	
1.0278748329578777E-01	-9.7358571406175987E-02	4.5314350532611514E-02	1.0387480007989708E-01	2.7504948995435434E-03	-2.4538550312459212E-03	4.6997597487930046E-03	-4.2932507273847320E-01	-8.1317657355519518E-03	1.9659465329261791E-04	3.0065694027972024E-04	3.0469844037660748E-01	0.0000000000000000E+00	0.0000000000000000E+00	0.0000000000000000E+00	0.0000000000000000E+00	0.0000000000000000E+00	0.0000000000000000E+00	0.0000000000000000E+00	0.0000000000000000E+00	0.0000000000000000E+00	
-1.7174495799719313E-02	1.6267302822092624E-02	-7.5685726404685228E-03	-1.7350859718282551E-02	-4.5954979866269659E-04	4.0980465814009927E-04	-7.8449615222795505E-04	7.1604227537231557E-02	8.5850463211237737E-04	-3.1544836239542275E-05	-1.0782455270472803E-05	2.1670536112284901E-02	1.1720572757720009E-04	0.0000000000000000E+00	0.0000000000000000E+00	0.0000000000000000E+00	0.0000000000000000E+00	0.0000000000000000E+00	0.0000000000000000E+00	0.0000000000000000E+00	0.0000000000000000E+00	
-1.5222025206946866E-02	1.4417992373888475E-02	-6.7089950010186363E-03	-1.5379904931481761E-02	-4.0731306835940898E-04	3.6327631367144564E-04	-6.9553950728623202E-04	6.3502433135445679E-02	9.0830534375474330E-04	-2.8342837578863296E-05	-2.1182590558464200E-05	-2.1810356298289299E-03	1.4238858182489650E-04	-2.1697207871837353E-03	0.0000000000000000E+00	0.0000000000000000E+00	0.0000000000000000E+00	0.0000000000000000E+00	0.0000000000000000E+00	0.0000000000000000E+00	0.0000000000000000E+00	
5.5782705249154060E-03	-5.2837090748635365E-03	2.4612979623266883E-03	5.6411291298580704E-03	1.4928608266580237E-04	-1.3331814121049067E-04	2.5561697478649692E-04	-2.3394077344425057E-02	-8.0377835433970450E-04	1.1613849402626670E-05	4.4905844229133430E-05	6.9130912125567115E-02	-1.7520536858890202E-04	2.3141912498668973E-03	-2.8952449084696313E-01	0.0000000000000000E+00	0.0000000000000000E+00	0.0000000000000000E+00	0.0000000000000000E+00	0.0000000000000000E+00	0.0000000000000000E+00	
2.4046639718073052E-03	-2.2777515356358531E-03	1.0631302277008825E-03	2.4356669502110075E-03	6.4370928893197517E-05	-5.7620107393929111E-05	1.1076006596360836E-04	-1.0180658301819839E-02	-7.1423925949998192E-04	5.9648958858000688E-06	4.8363618097246960E-05	8.3161976219104913E-02	-1.7159956246387046E-04	2.1838630010629924E-03	-2.5525444344278581E-01	-3.9804415216682965E-01	0.0000000000000000E+00	0.0000000000000000E+00	0.0000000000000000E+00	0.0000000000000000E+00	0.0000000000000000E+00	
-1.4639450756721514E-02	1.3865783297935041E-02	-6.4392104788893855E-03	-1.4767315779042021E-02	-3.9161929155002127E-04	3.4845417099715393E-04	-6.6542498050032066E-04	6.0482847002578319E-02	-1.3834018154503932E-03	-2.1376022283084347E-05	1.5764183416354968E-04	3.2539040854066936E-01	-4.5267637281309393E-04	5.1936721366349654E-03	-4.7914390836154230E-01	-4.9321431088675372E-02	7.9251903660860590E-04	0.0000000000000000E+00	0.0000000000000000E+00	0.0000000000000000E+00	0.0000000000000000E+00	
-4.9988988750880280E-03	4.7346992609390692E-03	-2.1982309820166961E-03	-5.0415458940151177E-03	-1.3372086813896909E-04	1.1894693049642028E-04	-2.2707316347551229E-04	2.0627993508538937E-02	-5.6792344023856491E-04	-7.0502315294831385E-06	6.1364908307869596E-05	1.2497286501645474E-01	-1.7953276234714726E-04	2.0816484139044964E-03	-1.9750063581001354E-01	-5.8055400193100987E-02	3.0285588331839503E-04	2.5213938033698927E-02	0.0000000000000000E+00	0.0000000000000000E+00	0.0000000000000000E+00	
-1.0435807634265881E-03	9.8776699167660298E-04	-4.3780027157092061E-04	-1.0136189911679472E-03	-2.7745349743518027E-05	2.3341859143549346E-05	-4.1738103166530371E-05	3.3510578258323376E-03	-3.7776010893287096E-03	8.0644249876547238E-06	3.0141295269440690E-04	5.5702492497215417E-01	-9.9338555468244955E-04	1.2237741754059367E-02	-1.3391574825012231E+00	-1.5906026445288810E+00	1.2978716918783297E-03	-1.3035959681583109E-02	2.6004117495107955E+00	0.0000000000000000E+00	0.0000000000000000E+00	
-1.1128621486883507E-03	1.0559259963557935E-03	-5.4960841283757385E-04	-1.2332680293610804E-03	-3.0255712908045315E-05	3.0731572023730183E-05	-6.6721370167798229E-05	7.3184098479880857E-03	1.0315663214459092E-02	-2.8783880433219540E-05	-8.0994623804514141E-04	-1.4873508891245515E+00	2.6879771916927175E-03	-3.3220236003163275E-02	3.6600295578729276E+00	4.4917182512259055E+00	-3.4559880979891195E-03	5.7836407509768151E-02	-8.4685079528110503E+00	2.7653735873980714E+00	0.0000000000000000E+00	

gamma1
0.0000000000000000E+00	0.0000000000000000E+00	-6.6049373730185912E-01	4.9740521158020135E-01	8.8149840891122255E-01	-7.2274526089092433E-02	-3.3995205350597779E-01	-6.8995103573401106E-02	2.2113647620653993E+00	4.7228998413662981E-01	-2.7197993105143126E-01	3.3260366203868852E-03	8.3010618619327103E-01	-7.9003290302919804E-02	1.1350516100658050E+00	-8.6625347467337743E-01	7.1674050504428155E-01	4.2268203156404205E+00	3.3511724594904380E-01	-2.0316190942581533E+00	-3.2566027108607680E+00	

gamma2
0.0000000000000000E+00	1.0000000000000000E+00	1.7364477591432801E+00	1.1890060407826162E+00	3.1564130297579482E+00	1.2565097678469830E+00	-4.5204640953454634E-03	-3.2620391762231005E-01	8.0298811783660806E-01	-3.8368468621654528E-01	-1.0656158282572636E+00	4.2561783312192875E-02	8.7150143883961473E-01	-2.1506959649813423E-01	1.3403536292693680E-01	-3.3438325465493829E-01	-1.1046650488105042E-01	-1.0355035211592469E+00	2.4859814162927246E-02	9.7017181419656662E-01	3.9080738277984223E-01	

gamma3
0.0000000000000000E+00	0.0000000000000000E+00	0.0000000000000000E+00	0.0000000000000000E+00	-1.1185287519858320E+00	8.6516681190002254E-01	1.3376560218176017E+00	9.3137415941648005E-01	-3.1177456650544161E-01	-5.9709821611101534E-02	-3.2526356337331458E-01	1.0557520167913910E+00	7.4431568357346145E-01	7.8712260316910221E-01	-3.2954810026168783E-02	1.8118799430625920E+00	1.0040387804325906E-01	-8.3798228262652164E-01	5.6050670069881614E-01	-2.5563352077933592E+00	2.0056469894903173E+00	

delta
1.0000000000000000E+00	-4.3741034788685455E-02	-5.3355733781757531E-01	-3.0791464999855040E-02	-2.2708238350287976E-01	-6.7274724024459298E-01	8.6033221727664505E-02	-6.9841700718127986E-01	-4.1069305973535586E-01	3.2103880144464622E-02	1.1083843020067817E-01	7.2893647307368836E-01	-6.9802775396963168E-01	5.9542987743954190E-01	5.9910698295276288E-01	-1.4926953073495706E+00	3.9622374854535747E+00	1.8916516611620036E+00	1.5611719938871980E+00	0.0000000000000000E+00	

r
0.0000000000000000E+00	

errcoeff
1.8480338280597421E-03	

v
1.0000000000000000E+00	
1.0000000000000000E+00	
1.0000000000000000E+00	
1.0000000000000000E+00	
1.0000000000000000E+00	
1.0000000000000000E+00	
1.0000000000000000E+00	
1.0000000000000000E+00	
1.0000000000000000E+00	
1.0000000000000000E+00	
1.0000000000000000E+00	
1.0000000000000000E+00	
1.0000000000000000E+00	
1.0000000000000000E+00	
1.0000000000000000E+00	
1.0000000000000000E+00	
1.0000000000000000E+00	
1.0000000000000000E+00	
1.0000000000000000E+00	
1.0000000000000000E+00	
1.0000000000000000E+00	

==============================================================

