#stage		 order
10	 		2


A
0.0000000000000000E+00	0.0000000000000000E+00	0.0000000000000000E+00	0.0000000000000000E+00	0.0000000000000000E+00	0.0000000000000000E+00	0.0000000000000000E+00	0.0000000000000000E+00	0.0000000000000000E+00	0.0000000000000000E+00	
6.5201234266102315E-01	0.0000000000000000E+00	0.0000000000000000E+00	0.0000000000000000E+00	0.0000000000000000E+00	0.0000000000000000E+00	0.0000000000000000E+00	0.0000000000000000E+00	0.0000000000000000E+00	0.0000000000000000E+00	
2.8175422392940958E-01	8.3524992004451959E-01	0.0000000000000000E+00	0.0000000000000000E+00	0.0000000000000000E+00	0.0000000000000000E+00	0.0000000000000000E+00	0.0000000000000000E+00	0.0000000000000000E+00	0.0000000000000000E+00	
2.8360490151120921E-01	8.4014992503169750E-01	1.2589649240241302E-01	0.0000000000000000E+00	0.0000000000000000E+00	0.0000000000000000E+00	0.0000000000000000E+00	0.0000000000000000E+00	0.0000000000000000E+00	0.0000000000000000E+00	
8.4035493436701358E-02	3.0407451347201686E-01	1.9498090782750666E-02	4.4741023628343324E-01	0.0000000000000000E+00	0.0000000000000000E+00	0.0000000000000000E+00	0.0000000000000000E+00	0.0000000000000000E+00	0.0000000000000000E+00	
3.8264268016706487E-02	1.2955397670215571E-01	1.1753418556343289E-02	-8.0538666641129353E-02	-4.4456123440591300E-03	0.0000000000000000E+00	0.0000000000000000E+00	0.0000000000000000E+00	0.0000000000000000E+00	0.0000000000000000E+00	
2.8372611196555535E-02	9.9168626750101435E-02	7.7119644599898691E-03	3.9450784283154489E-02	7.2917757307945034E-04	-1.4474815396831184E-02	0.0000000000000000E+00	0.0000000000000000E+00	0.0000000000000000E+00	0.0000000000000000E+00	
6.7971315974789670E-02	2.3639459707435065E-01	1.8856556788208200E-02	5.6817896970595853E-02	2.1680373798916045E-04	-5.0263798765226853E-03	7.7461004556605983E-02	0.0000000000000000E+00	0.0000000000000000E+00	0.0000000000000000E+00	
6.7220598160264808E-02	2.3354219624472533E-01	1.8726301759880437E-02	4.8478121580920755E-02	-9.8651709760345496E-05	1.0958131726651089E-03	-8.6072363305411431E-02	1.8153804405908694E-01	0.0000000000000000E+00	0.0000000000000000E+00	
4.2934396659034937E-02	1.4929501398345776E-01	1.1918818837418880E-02	3.5099623862933776E-02	1.0489047428299471E-04	-2.5537630565424089E-03	3.2271861170514844E-02	-5.7142826146533328E-02	1.4012424900152526E-01	0.0000000000000000E+00	

b
8.8911791559142486E-02	
3.0899990967849877E-01	
2.4737779433499547E-02	
6.7210961787408680E-02	
-5.0702413377334794E-06	
-9.8094923285094995E-04	
-4.8676544664026211E-02	
1.1082422353725960E-01	
-1.1919712354399152E-01	
5.6817502168640255E-01	

c
0.0000000000000000E+00	
6.5201234266102315E-01	
1.1170041439739291E+00	
1.2496513189453198E+00	
8.5501833397490212E-01	
9.4587384290017007E-02	
1.6095834886604959E-01	
4.5269179522601677E-01	
4.6443005996237152E-01	
3.5205226478609275E-01	

alpha
0.0000000000000000E+00	0.0000000000000000E+00	0.0000000000000000E+00	0.0000000000000000E+00	0.0000000000000000E+00	0.0000000000000000E+00	0.0000000000000000E+00	0.0000000000000000E+00	0.0000000000000000E+00	0.0000000000000000E+00	0.0000000000000000E+00	
0.0000000000000000E+00	0.0000000000000000E+00	0.0000000000000000E+00	0.0000000000000000E+00	0.0000000000000000E+00	0.0000000000000000E+00	0.0000000000000000E+00	0.0000000000000000E+00	0.0000000000000000E+00	0.0000000000000000E+00	0.0000000000000000E+00	
0.0000000000000000E+00	0.0000000000000000E+00	0.0000000000000000E+00	0.0000000000000000E+00	0.0000000000000000E+00	0.0000000000000000E+00	0.0000000000000000E+00	0.0000000000000000E+00	0.0000000000000000E+00	0.0000000000000000E+00	0.0000000000000000E+00	
0.0000000000000000E+00	0.0000000000000000E+00	0.0000000000000000E+00	0.0000000000000000E+00	0.0000000000000000E+00	0.0000000000000000E+00	0.0000000000000000E+00	0.0000000000000000E+00	0.0000000000000000E+00	0.0000000000000000E+00	0.0000000000000000E+00	
0.0000000000000000E+00	0.0000000000000000E+00	0.0000000000000000E+00	0.0000000000000000E+00	0.0000000000000000E+00	0.0000000000000000E+00	0.0000000000000000E+00	0.0000000000000000E+00	0.0000000000000000E+00	0.0000000000000000E+00	0.0000000000000000E+00	
0.0000000000000000E+00	0.0000000000000000E+00	0.0000000000000000E+00	-0.0000000000000000E+00	-0.0000000000000000E+00	0.0000000000000000E+00	0.0000000000000000E+00	0.0000000000000000E+00	0.0000000000000000E+00	0.0000000000000000E+00	0.0000000000000000E+00	
0.0000000000000000E+00	0.0000000000000000E+00	0.0000000000000000E+00	0.0000000000000000E+00	0.0000000000000000E+00	-0.0000000000000000E+00	0.0000000000000000E+00	0.0000000000000000E+00	0.0000000000000000E+00	0.0000000000000000E+00	0.0000000000000000E+00	
0.0000000000000000E+00	0.0000000000000000E+00	0.0000000000000000E+00	0.0000000000000000E+00	0.0000000000000000E+00	-0.0000000000000000E+00	0.0000000000000000E+00	0.0000000000000000E+00	0.0000000000000000E+00	0.0000000000000000E+00	0.0000000000000000E+00	
0.0000000000000000E+00	0.0000000000000000E+00	0.0000000000000000E+00	0.0000000000000000E+00	-0.0000000000000000E+00	0.0000000000000000E+00	-0.0000000000000000E+00	0.0000000000000000E+00	0.0000000000000000E+00	0.0000000000000000E+00	0.0000000000000000E+00	
0.0000000000000000E+00	0.0000000000000000E+00	0.0000000000000000E+00	0.0000000000000000E+00	0.0000000000000000E+00	-0.0000000000000000E+00	0.0000000000000000E+00	-0.0000000000000000E+00	0.0000000000000000E+00	0.0000000000000000E+00	0.0000000000000000E+00	
0.0000000000000000E+00	0.0000000000000000E+00	0.0000000000000000E+00	0.0000000000000000E+00	-0.0000000000000000E+00	-0.0000000000000000E+00	-0.0000000000000000E+00	0.0000000000000000E+00	-0.0000000000000000E+00	0.0000000000000000E+00	0.0000000000000000E+00	

beta
0.0000000000000000E+00	0.0000000000000000E+00	0.0000000000000000E+00	0.0000000000000000E+00	0.0000000000000000E+00	0.0000000000000000E+00	0.0000000000000000E+00	0.0000000000000000E+00	0.0000000000000000E+00	0.0000000000000000E+00	0.0000000000000000E+00	
6.5201234266102315E-01	0.0000000000000000E+00	0.0000000000000000E+00	0.0000000000000000E+00	0.0000000000000000E+00	0.0000000000000000E+00	0.0000000000000000E+00	0.0000000000000000E+00	0.0000000000000000E+00	0.0000000000000000E+00	0.0000000000000000E+00	
2.8175422392940958E-01	8.3524992004451959E-01	0.0000000000000000E+00	0.0000000000000000E+00	0.0000000000000000E+00	0.0000000000000000E+00	0.0000000000000000E+00	0.0000000000000000E+00	0.0000000000000000E+00	0.0000000000000000E+00	0.0000000000000000E+00	
2.8360490151120921E-01	8.4014992503169750E-01	1.2589649240241302E-01	0.0000000000000000E+00	0.0000000000000000E+00	0.0000000000000000E+00	0.0000000000000000E+00	0.0000000000000000E+00	0.0000000000000000E+00	0.0000000000000000E+00	0.0000000000000000E+00	
8.4035493436701358E-02	3.0407451347201686E-01	1.9498090782750666E-02	4.4741023628343324E-01	0.0000000000000000E+00	0.0000000000000000E+00	0.0000000000000000E+00	0.0000000000000000E+00	0.0000000000000000E+00	0.0000000000000000E+00	0.0000000000000000E+00	
3.8264268016706487E-02	1.2955397670215571E-01	1.1753418556343289E-02	-8.0538666641129353E-02	-4.4456123440591300E-03	0.0000000000000000E+00	0.0000000000000000E+00	0.0000000000000000E+00	0.0000000000000000E+00	0.0000000000000000E+00	0.0000000000000000E+00	
2.8372611196555535E-02	9.9168626750101435E-02	7.7119644599898691E-03	3.9450784283154489E-02	7.2917757307945034E-04	-1.4474815396831184E-02	0.0000000000000000E+00	0.0000000000000000E+00	0.0000000000000000E+00	0.0000000000000000E+00	0.0000000000000000E+00	
6.7971315974789670E-02	2.3639459707435065E-01	1.8856556788208200E-02	5.6817896970595853E-02	2.1680373798916045E-04	-5.0263798765226853E-03	7.7461004556605983E-02	0.0000000000000000E+00	0.0000000000000000E+00	0.0000000000000000E+00	0.0000000000000000E+00	
6.7220598160264808E-02	2.3354219624472533E-01	1.8726301759880437E-02	4.8478121580920755E-02	-9.8651709760345496E-05	1.0958131726651089E-03	-8.6072363305411431E-02	1.8153804405908694E-01	0.0000000000000000E+00	0.0000000000000000E+00	0.0000000000000000E+00	
4.2934396659034937E-02	1.4929501398345776E-01	1.1918818837418880E-02	3.5099623862933776E-02	1.0489047428299471E-04	-2.5537630565424089E-03	3.2271861170514844E-02	-5.7142826146533328E-02	1.4012424900152526E-01	0.0000000000000000E+00	0.0000000000000000E+00	
8.8911791559142486E-02	3.0899990967849877E-01	2.4737779433499547E-02	6.7210961787408680E-02	-5.0702413377334794E-06	-9.8094923285094995E-04	-4.8676544664026211E-02	1.1082422353725960E-01	-1.1919712354399152E-01	5.6817502168640255E-01	0.0000000000000000E+00	

gamma1
0.0000000000000000E+00	0.0000000000000000E+00	4.6004691430459821E-01	1.0080846918929194E+00	-1.0096836126690389E-01	-2.8537464962501979E-01	-1.6893009454146618E-01	2.1267947074986804E-01	-1.2714369440330242E+00	-5.2928610117179264E-01	-8.5065307677541269E-01	

gamma2
0.0000000000000000E+00	1.0000000000000000E+00	5.6786980016436328E-01	-6.1698247029297795E-03	5.7929824340443903E-01	2.7451379808915438E-01	1.5280645268546392E-01	2.5493152514578787E-01	5.8754890350981692E-01	2.4510277916330381E-01	3.9157988431366092E-01	

gamma3
0.0000000000000000E+00	0.0000000000000000E+00	0.0000000000000000E+00	0.0000000000000000E+00	8.6036737173037725E-02	6.9906208600308561E-01	8.3765449472260023E-01	1.0007310155118049E-01	5.2724894416673274E-01	5.8716245476628770E-01	3.4550217751598356E-01	

delta
1.0000000000000000E+00	-4.9160413990814909E-02	3.5952047804262177E-01	4.4164183764442927E-01	3.8381993204458109E-01	3.2120645106997706E-02	5.2786937614318674E-01	2.7277167813638031E-01	8.7520660920225457E-01	0.0000000000000000E+00	

r
0.0000000000000000E+00	

errcoeff
7.2938491371088050E-03	

v
1.0000000000000000E+00	
1.0000000000000000E+00	
1.0000000000000000E+00	
1.0000000000000000E+00	
1.0000000000000000E+00	
1.0000000000000000E+00	
1.0000000000000000E+00	
1.0000000000000000E+00	
1.0000000000000000E+00	
1.0000000000000000E+00	
1.0000000000000000E+00	

==============================================================

