#stage		 order
12	 		2


A
0.0000000000000000E+00	0.0000000000000000E+00	0.0000000000000000E+00	0.0000000000000000E+00	0.0000000000000000E+00	0.0000000000000000E+00	0.0000000000000000E+00	0.0000000000000000E+00	0.0000000000000000E+00	0.0000000000000000E+00	0.0000000000000000E+00	0.0000000000000000E+00	
4.0303418637697014E-02	0.0000000000000000E+00	0.0000000000000000E+00	0.0000000000000000E+00	0.0000000000000000E+00	0.0000000000000000E+00	0.0000000000000000E+00	0.0000000000000000E+00	0.0000000000000000E+00	0.0000000000000000E+00	0.0000000000000000E+00	0.0000000000000000E+00	
7.9747327015454103E-03	7.4316052607776281E-02	0.0000000000000000E+00	0.0000000000000000E+00	0.0000000000000000E+00	0.0000000000000000E+00	0.0000000000000000E+00	0.0000000000000000E+00	0.0000000000000000E+00	0.0000000000000000E+00	0.0000000000000000E+00	0.0000000000000000E+00	
-2.0791398531108188E-03	-4.4534996268215526E-02	1.1380821983802512E+00	0.0000000000000000E+00	0.0000000000000000E+00	0.0000000000000000E+00	0.0000000000000000E+00	0.0000000000000000E+00	0.0000000000000000E+00	0.0000000000000000E+00	0.0000000000000000E+00	0.0000000000000000E+00	
6.5056951560963742E-03	5.4220601460118159E-02	-4.3311636905272433E-01	1.3716828145875222E+00	0.0000000000000000E+00	0.0000000000000000E+00	0.0000000000000000E+00	0.0000000000000000E+00	0.0000000000000000E+00	0.0000000000000000E+00	0.0000000000000000E+00	0.0000000000000000E+00	
-8.2609900058471675E-03	-9.2758113110205639E-02	1.4284428387337895E+00	-2.5886318668928352E+00	6.5484288654618250E-01	0.0000000000000000E+00	0.0000000000000000E+00	0.0000000000000000E+00	0.0000000000000000E+00	0.0000000000000000E+00	0.0000000000000000E+00	0.0000000000000000E+00	
2.1296856405903487E-02	1.9969713502396363E-01	-2.2336148192923186E+00	5.2767237306383068E+00	-1.1614502774721482E+00	3.2150755613919924E-01	0.0000000000000000E+00	0.0000000000000000E+00	0.0000000000000000E+00	0.0000000000000000E+00	0.0000000000000000E+00	0.0000000000000000E+00	
2.0671146648509322E-03	9.8669057525450493E-03	1.3285258694092050E-01	1.7509950560789811E-01	1.4379235983500993E-02	1.0042007144460824E-02	2.0174585959748881E-04	0.0000000000000000E+00	0.0000000000000000E+00	0.0000000000000000E+00	0.0000000000000000E+00	0.0000000000000000E+00	
2.3387700858510867E-03	1.1540297808975386E-02	1.3647037540459997E-01	2.1145399495301670E-01	1.1237041376130567E-02	1.2199513325656356E-02	-1.8372618754999384E-04	2.7463789320963394E-02	0.0000000000000000E+00	0.0000000000000000E+00	0.0000000000000000E+00	0.0000000000000000E+00	
2.8470883333540876E-03	1.3392597237158622E-02	1.9023195698388262E-01	2.3417901811668476E-01	2.2440821591558940E-02	1.3392220775773934E-02	4.9368730935542488E-04	-7.6048531269064787E-02	7.9831689403406056E-02	0.0000000000000000E+00	0.0000000000000000E+00	0.0000000000000000E+00	
2.2763865337203015E-03	1.1384154216259807E-02	1.2725706268807171E-01	2.1118634630230554E-01	8.9112534491712567E-03	1.2211446139348558E-02	-3.4470870755995973E-04	5.2048359028719390E-02	-4.8532920866546994E-02	8.6218092777974487E-02	0.0000000000000000E+00	0.0000000000000000E+00	
2.6362726380206921E-03	1.2039218357822949E-02	1.8943640217318775E-01	2.0402685403633114E-01	2.5610731431994473E-02	1.1596123280729141E-02	8.5271585662207556E-04	-1.3079158536279020E-01	1.3403214421165119E-01	-2.0209301568292604E-01	1.7335159395674257E-01	0.0000000000000000E+00	

b
1.4395022745164487E-03	
8.5876874089993865E-03	
2.9444736420163764E-02	
1.8273809830333526E-01	
-1.2915469017972483E-02	
1.0810745019530523E-02	
-1.7368118366316199E-03	
2.6471778105926597E-01	
-2.6148699961692190E-01	
4.2083684872612659E-01	
-3.4894445315926970E-01	
7.0650833441885652E-01	

c
0.0000000000000000E+00	
4.0303418637697014E-02	
8.2290785309321685E-02	
1.0914680622589248E+00	
9.9929274215101238E-01	
-6.0636524472891595E-01	
2.4241601814429061E+00	
3.4450910195377388E-01	
4.1252005608764347E-01	
4.8076054848210964E-01	
4.6261547156146410E-01	
4.2069745489738575E-01	

alpha
0.0000000000000000E+00	0.0000000000000000E+00	0.0000000000000000E+00	0.0000000000000000E+00	0.0000000000000000E+00	0.0000000000000000E+00	0.0000000000000000E+00	0.0000000000000000E+00	0.0000000000000000E+00	0.0000000000000000E+00	0.0000000000000000E+00	0.0000000000000000E+00	0.0000000000000000E+00	
0.0000000000000000E+00	0.0000000000000000E+00	0.0000000000000000E+00	0.0000000000000000E+00	0.0000000000000000E+00	0.0000000000000000E+00	0.0000000000000000E+00	0.0000000000000000E+00	0.0000000000000000E+00	0.0000000000000000E+00	0.0000000000000000E+00	0.0000000000000000E+00	0.0000000000000000E+00	
0.0000000000000000E+00	0.0000000000000000E+00	0.0000000000000000E+00	0.0000000000000000E+00	0.0000000000000000E+00	0.0000000000000000E+00	0.0000000000000000E+00	0.0000000000000000E+00	0.0000000000000000E+00	0.0000000000000000E+00	0.0000000000000000E+00	0.0000000000000000E+00	0.0000000000000000E+00	
-0.0000000000000000E+00	-0.0000000000000000E+00	0.0000000000000000E+00	0.0000000000000000E+00	0.0000000000000000E+00	0.0000000000000000E+00	0.0000000000000000E+00	0.0000000000000000E+00	0.0000000000000000E+00	0.0000000000000000E+00	0.0000000000000000E+00	0.0000000000000000E+00	0.0000000000000000E+00	
0.0000000000000000E+00	0.0000000000000000E+00	-0.0000000000000000E+00	0.0000000000000000E+00	0.0000000000000000E+00	0.0000000000000000E+00	0.0000000000000000E+00	0.0000000000000000E+00	0.0000000000000000E+00	0.0000000000000000E+00	0.0000000000000000E+00	0.0000000000000000E+00	0.0000000000000000E+00	
-0.0000000000000000E+00	-0.0000000000000000E+00	0.0000000000000000E+00	-0.0000000000000000E+00	0.0000000000000000E+00	0.0000000000000000E+00	0.0000000000000000E+00	0.0000000000000000E+00	0.0000000000000000E+00	0.0000000000000000E+00	0.0000000000000000E+00	0.0000000000000000E+00	0.0000000000000000E+00	
0.0000000000000000E+00	0.0000000000000000E+00	-0.0000000000000000E+00	0.0000000000000000E+00	-0.0000000000000000E+00	0.0000000000000000E+00	0.0000000000000000E+00	0.0000000000000000E+00	0.0000000000000000E+00	0.0000000000000000E+00	0.0000000000000000E+00	0.0000000000000000E+00	0.0000000000000000E+00	
0.0000000000000000E+00	0.0000000000000000E+00	0.0000000000000000E+00	0.0000000000000000E+00	0.0000000000000000E+00	0.0000000000000000E+00	0.0000000000000000E+00	0.0000000000000000E+00	0.0000000000000000E+00	0.0000000000000000E+00	0.0000000000000000E+00	0.0000000000000000E+00	0.0000000000000000E+00	
0.0000000000000000E+00	0.0000000000000000E+00	0.0000000000000000E+00	0.0000000000000000E+00	0.0000000000000000E+00	0.0000000000000000E+00	-0.0000000000000000E+00	0.0000000000000000E+00	0.0000000000000000E+00	0.0000000000000000E+00	0.0000000000000000E+00	0.0000000000000000E+00	0.0000000000000000E+00	
0.0000000000000000E+00	0.0000000000000000E+00	0.0000000000000000E+00	0.0000000000000000E+00	0.0000000000000000E+00	0.0000000000000000E+00	0.0000000000000000E+00	-0.0000000000000000E+00	0.0000000000000000E+00	0.0000000000000000E+00	0.0000000000000000E+00	0.0000000000000000E+00	0.0000000000000000E+00	
0.0000000000000000E+00	0.0000000000000000E+00	0.0000000000000000E+00	0.0000000000000000E+00	0.0000000000000000E+00	0.0000000000000000E+00	-0.0000000000000000E+00	0.0000000000000000E+00	-0.0000000000000000E+00	0.0000000000000000E+00	0.0000000000000000E+00	0.0000000000000000E+00	0.0000000000000000E+00	
0.0000000000000000E+00	0.0000000000000000E+00	0.0000000000000000E+00	0.0000000000000000E+00	0.0000000000000000E+00	0.0000000000000000E+00	0.0000000000000000E+00	-0.0000000000000000E+00	0.0000000000000000E+00	-0.0000000000000000E+00	0.0000000000000000E+00	0.0000000000000000E+00	0.0000000000000000E+00	
0.0000000000000000E+00	0.0000000000000000E+00	0.0000000000000000E+00	0.0000000000000000E+00	-0.0000000000000000E+00	0.0000000000000000E+00	-0.0000000000000000E+00	0.0000000000000000E+00	-0.0000000000000000E+00	0.0000000000000000E+00	-0.0000000000000000E+00	0.0000000000000000E+00	0.0000000000000000E+00	

beta
0.0000000000000000E+00	0.0000000000000000E+00	0.0000000000000000E+00	0.0000000000000000E+00	0.0000000000000000E+00	0.0000000000000000E+00	0.0000000000000000E+00	0.0000000000000000E+00	0.0000000000000000E+00	0.0000000000000000E+00	0.0000000000000000E+00	0.0000000000000000E+00	0.0000000000000000E+00	
4.0303418637697014E-02	0.0000000000000000E+00	0.0000000000000000E+00	0.0000000000000000E+00	0.0000000000000000E+00	0.0000000000000000E+00	0.0000000000000000E+00	0.0000000000000000E+00	0.0000000000000000E+00	0.0000000000000000E+00	0.0000000000000000E+00	0.0000000000000000E+00	0.0000000000000000E+00	
7.9747327015454103E-03	7.4316052607776281E-02	0.0000000000000000E+00	0.0000000000000000E+00	0.0000000000000000E+00	0.0000000000000000E+00	0.0000000000000000E+00	0.0000000000000000E+00	0.0000000000000000E+00	0.0000000000000000E+00	0.0000000000000000E+00	0.0000000000000000E+00	0.0000000000000000E+00	
-2.0791398531108188E-03	-4.4534996268215526E-02	1.1380821983802512E+00	0.0000000000000000E+00	0.0000000000000000E+00	0.0000000000000000E+00	0.0000000000000000E+00	0.0000000000000000E+00	0.0000000000000000E+00	0.0000000000000000E+00	0.0000000000000000E+00	0.0000000000000000E+00	0.0000000000000000E+00	
6.5056951560963742E-03	5.4220601460118159E-02	-4.3311636905272433E-01	1.3716828145875222E+00	0.0000000000000000E+00	0.0000000000000000E+00	0.0000000000000000E+00	0.0000000000000000E+00	0.0000000000000000E+00	0.0000000000000000E+00	0.0000000000000000E+00	0.0000000000000000E+00	0.0000000000000000E+00	
-8.2609900058471675E-03	-9.2758113110205639E-02	1.4284428387337895E+00	-2.5886318668928352E+00	6.5484288654618250E-01	0.0000000000000000E+00	0.0000000000000000E+00	0.0000000000000000E+00	0.0000000000000000E+00	0.0000000000000000E+00	0.0000000000000000E+00	0.0000000000000000E+00	0.0000000000000000E+00	
2.1296856405903487E-02	1.9969713502396363E-01	-2.2336148192923186E+00	5.2767237306383068E+00	-1.1614502774721482E+00	3.2150755613919924E-01	0.0000000000000000E+00	0.0000000000000000E+00	0.0000000000000000E+00	0.0000000000000000E+00	0.0000000000000000E+00	0.0000000000000000E+00	0.0000000000000000E+00	
2.0671146648509322E-03	9.8669057525450493E-03	1.3285258694092050E-01	1.7509950560789811E-01	1.4379235983500993E-02	1.0042007144460824E-02	2.0174585959748881E-04	0.0000000000000000E+00	0.0000000000000000E+00	0.0000000000000000E+00	0.0000000000000000E+00	0.0000000000000000E+00	0.0000000000000000E+00	
2.3387700858510867E-03	1.1540297808975386E-02	1.3647037540459997E-01	2.1145399495301670E-01	1.1237041376130567E-02	1.2199513325656356E-02	-1.8372618754999384E-04	2.7463789320963394E-02	0.0000000000000000E+00	0.0000000000000000E+00	0.0000000000000000E+00	0.0000000000000000E+00	0.0000000000000000E+00	
2.8470883333540876E-03	1.3392597237158622E-02	1.9023195698388262E-01	2.3417901811668476E-01	2.2440821591558940E-02	1.3392220775773934E-02	4.9368730935542488E-04	-7.6048531269064787E-02	7.9831689403406056E-02	0.0000000000000000E+00	0.0000000000000000E+00	0.0000000000000000E+00	0.0000000000000000E+00	
2.2763865337203015E-03	1.1384154216259807E-02	1.2725706268807171E-01	2.1118634630230554E-01	8.9112534491712567E-03	1.2211446139348558E-02	-3.4470870755995973E-04	5.2048359028719390E-02	-4.8532920866546994E-02	8.6218092777974487E-02	0.0000000000000000E+00	0.0000000000000000E+00	0.0000000000000000E+00	
2.6362726380206921E-03	1.2039218357822949E-02	1.8943640217318775E-01	2.0402685403633114E-01	2.5610731431994473E-02	1.1596123280729141E-02	8.5271585662207556E-04	-1.3079158536279020E-01	1.3403214421165119E-01	-2.0209301568292604E-01	1.7335159395674257E-01	0.0000000000000000E+00	0.0000000000000000E+00	
1.4395022745164487E-03	8.5876874089993865E-03	2.9444736420163764E-02	1.8273809830333526E-01	-1.2915469017972483E-02	1.0810745019530523E-02	-1.7368118366316199E-03	2.6471778105926597E-01	-2.6148699961692190E-01	4.2083684872612659E-01	-3.4894445315926970E-01	7.0650833441885652E-01	0.0000000000000000E+00	

gamma1
0.0000000000000000E+00	0.0000000000000000E+00	1.6279992383772712E-01	-1.3888782574102625E+00	-9.7833092731331850E-01	-2.4785702862149530E+00	-2.0254853968563618E+00	-1.9187480436859694E-03	-8.7743511276592501E-01	-3.3311655580540886E+00	-7.4831523724640503E-01	-2.5475673777996226E+00	-2.0129290143495528E+00	

gamma2
0.0000000000000000E+00	1.0000000000000000E+00	8.0213259889357369E-01	1.5322770350882147E+00	9.7324795974179523E-01	8.7419778889307609E-01	7.3869288669793620E-01	2.2688764504301268E-01	4.5434540865520767E-01	1.0200957657591800E+00	3.8426460902712606E-01	6.9513220036413115E-01	5.5591749606576846E-01	

gamma3
0.0000000000000000E+00	0.0000000000000000E+00	0.0000000000000000E+00	0.0000000000000000E+00	-1.3676377690584940E-01	9.8735861894077381E-01	6.6857020575345794E-01	2.4484535703563112E-01	3.9463218872446815E-01	4.3985994157590380E-01	1.4210657116703287E-01	4.3835343369622720E-01	5.2639993450933076E-01	

delta
1.0000000000000000E+00	4.3717805905245127E-02	5.1532028101141503E-01	6.1419503733289582E-01	6.7647857592368865E-01	3.4094470595333276E-01	1.4612022119718523E-01	-7.3173879735039804E-02	5.5104460915447551E-01	3.6530736285989318E-01	2.9288360161795923E-01	0.0000000000000000E+00	

r
0.0000000000000000E+00	

errcoeff
5.1053787483056473E-03	

v
1.0000000000000000E+00	
1.0000000000000000E+00	
1.0000000000000000E+00	
1.0000000000000000E+00	
1.0000000000000000E+00	
1.0000000000000000E+00	
1.0000000000000000E+00	
1.0000000000000000E+00	
1.0000000000000000E+00	
1.0000000000000000E+00	
1.0000000000000000E+00	
1.0000000000000000E+00	
1.0000000000000000E+00	

==============================================================

