#stage		 order
14	 		2


A
0.0000000000000000E+00	0.0000000000000000E+00	0.0000000000000000E+00	0.0000000000000000E+00	0.0000000000000000E+00	0.0000000000000000E+00	0.0000000000000000E+00	0.0000000000000000E+00	0.0000000000000000E+00	0.0000000000000000E+00	0.0000000000000000E+00	0.0000000000000000E+00	0.0000000000000000E+00	0.0000000000000000E+00	
1.3448508580802879E-01	0.0000000000000000E+00	0.0000000000000000E+00	0.0000000000000000E+00	0.0000000000000000E+00	0.0000000000000000E+00	0.0000000000000000E+00	0.0000000000000000E+00	0.0000000000000000E+00	0.0000000000000000E+00	0.0000000000000000E+00	0.0000000000000000E+00	0.0000000000000000E+00	0.0000000000000000E+00	
1.1068209297359181E-01	9.5559808112589806E-01	0.0000000000000000E+00	0.0000000000000000E+00	0.0000000000000000E+00	0.0000000000000000E+00	0.0000000000000000E+00	0.0000000000000000E+00	0.0000000000000000E+00	0.0000000000000000E+00	0.0000000000000000E+00	0.0000000000000000E+00	0.0000000000000000E+00	0.0000000000000000E+00	
4.5997454775587199E-02	4.7355138444046485E-01	3.0494262525142474E-01	0.0000000000000000E+00	0.0000000000000000E+00	0.0000000000000000E+00	0.0000000000000000E+00	0.0000000000000000E+00	0.0000000000000000E+00	0.0000000000000000E+00	0.0000000000000000E+00	0.0000000000000000E+00	0.0000000000000000E+00	0.0000000000000000E+00	
8.2028634991447510E-03	1.3975650878525403E-01	1.5965378925290763E-02	1.8900027301564123E-03	0.0000000000000000E+00	0.0000000000000000E+00	0.0000000000000000E+00	0.0000000000000000E+00	0.0000000000000000E+00	0.0000000000000000E+00	0.0000000000000000E+00	0.0000000000000000E+00	0.0000000000000000E+00	0.0000000000000000E+00	
4.9308215928148599E-03	9.2182588790438849E-02	3.9195851179186364E-03	-3.9876243310659246E-04	1.0042156857651012E+00	0.0000000000000000E+00	0.0000000000000000E+00	0.0000000000000000E+00	0.0000000000000000E+00	0.0000000000000000E+00	0.0000000000000000E+00	0.0000000000000000E+00	0.0000000000000000E+00	0.0000000000000000E+00	
9.5930253976351850E-03	1.7658327177045863E-01	9.5427681314843860E-03	-2.5751061847491025E-04	6.7612824984662689E-01	2.9823026205841888E-02	0.0000000000000000E+00	0.0000000000000000E+00	0.0000000000000000E+00	0.0000000000000000E+00	0.0000000000000000E+00	0.0000000000000000E+00	0.0000000000000000E+00	0.0000000000000000E+00	
4.8911958462930869E-03	8.9034134586889135E-02	5.5604324873176642E-03	5.6557246723105617E-05	-1.1832649008683238E-01	-6.1215046543900545E-02	1.0462209042501367E+00	0.0000000000000000E+00	0.0000000000000000E+00	0.0000000000000000E+00	0.0000000000000000E+00	0.0000000000000000E+00	0.0000000000000000E+00	0.0000000000000000E+00	
4.9316983367024680E-03	9.0753154762630531E-02	4.9245502905092180E-03	-1.2733168912595154E-04	3.3513772173585676E-01	1.3276383682075453E-02	-1.4934328012626250E-01	2.5367503873033070E-01	0.0000000000000000E+00	0.0000000000000000E+00	0.0000000000000000E+00	0.0000000000000000E+00	0.0000000000000000E+00	0.0000000000000000E+00	
7.3627390459758309E-03	1.3535678432949388E-01	7.4440338741334150E-03	-1.6523589214873844E-04	4.3905359043195213E-01	9.7063909809234211E-03	-6.0555440270834010E-02	2.2695295211767963E-01	4.3553411200196498E-02	0.0000000000000000E+00	0.0000000000000000E+00	0.0000000000000000E+00	0.0000000000000000E+00	0.0000000000000000E+00	
4.3545200952053893E-03	7.9954001364200764E-02	4.4717878033293289E-03	-7.9020150315675121E-05	2.1356041937469428E-01	-1.8686602897397629E-03	8.6365993330303287E-02	2.0047751851927920E-02	4.2013498008535086E-03	2.2098243477042659E-02	0.0000000000000000E+00	0.0000000000000000E+00	0.0000000000000000E+00	0.0000000000000000E+00	
1.1550566225389802E-02	2.1206111283660023E-01	1.1875918211679345E-02	-2.0574026878877080E-04	5.5695323533216978E-01	-6.5287589698296896E-03	2.5433178805628437E-01	2.9588748570086084E-02	6.6906106143247573E-03	-1.0557939584575446E-02	4.5159995753792287E-01	0.0000000000000000E+00	0.0000000000000000E+00	0.0000000000000000E+00	
3.0257714925193543E-03	5.5552203017313125E-02	3.1103429987150558E-03	-5.4073151321318732E-05	1.4633677501149964E-01	-1.6379773510346678E-03	6.5463720579717555E-02	8.8357214029648485E-03	1.9574575764548584E-03	4.1512424457650120E-04	2.8897894820750683E-02	-3.5098736307083971E-03	0.0000000000000000E+00	0.0000000000000000E+00	
7.4554358458025572E-03	1.3687985879803533E-01	7.6635223217717003E-03	-1.3331507590412365E-04	3.6076785287693786E-01	-4.0033983414362352E-03	1.6077867114818792E-01	2.2259333648424848E-02	4.9153274490918979E-03	2.4548209822882906E-03	3.0956495359840942E-02	3.4226471827075704E-03	-1.8839485388773489E-02	0.0000000000000000E+00	

b
5.5979059332580544E-03	
1.0277580638687649E-01	
5.7543470660374636E-03	
-1.0004551154490929E-04	
2.7074911751128639E-01	
-3.0279023706393142E-03	
1.2107301753208198E-01	
1.6383957871194496E-02	
3.6284689962031492E-03	
8.7711684090586138E-04	
5.0396727190897210E-02	
-5.5738133743519274E-03	
2.6571845160525312E-02	
4.0489345076727018E-01	

c
0.0000000000000000E+00	
1.3448508580802879E-01	
1.0662801740994898E+00	
8.2449146446747679E-01	
1.6581475393984596E-01	
1.1048499188331671E+00	
9.0141283073357203E-01	
9.6622168778662676E-01	
5.5322793572271667E-01	
8.0870922581737203E-01	
4.3310638665750167E-01	
1.5173594985612633E+00	
3.0839308701144730E-01	
7.1457776680697493E-01	

alpha
0.0000000000000000E+00	0.0000000000000000E+00	0.0000000000000000E+00	0.0000000000000000E+00	0.0000000000000000E+00	0.0000000000000000E+00	0.0000000000000000E+00	0.0000000000000000E+00	0.0000000000000000E+00	0.0000000000000000E+00	0.0000000000000000E+00	0.0000000000000000E+00	0.0000000000000000E+00	0.0000000000000000E+00	0.0000000000000000E+00	
0.0000000000000000E+00	0.0000000000000000E+00	0.0000000000000000E+00	0.0000000000000000E+00	0.0000000000000000E+00	0.0000000000000000E+00	0.0000000000000000E+00	0.0000000000000000E+00	0.0000000000000000E+00	0.0000000000000000E+00	0.0000000000000000E+00	0.0000000000000000E+00	0.0000000000000000E+00	0.0000000000000000E+00	0.0000000000000000E+00	
0.0000000000000000E+00	0.0000000000000000E+00	0.0000000000000000E+00	0.0000000000000000E+00	0.0000000000000000E+00	0.0000000000000000E+00	0.0000000000000000E+00	0.0000000000000000E+00	0.0000000000000000E+00	0.0000000000000000E+00	0.0000000000000000E+00	0.0000000000000000E+00	0.0000000000000000E+00	0.0000000000000000E+00	0.0000000000000000E+00	
0.0000000000000000E+00	0.0000000000000000E+00	0.0000000000000000E+00	0.0000000000000000E+00	0.0000000000000000E+00	0.0000000000000000E+00	0.0000000000000000E+00	0.0000000000000000E+00	0.0000000000000000E+00	0.0000000000000000E+00	0.0000000000000000E+00	0.0000000000000000E+00	0.0000000000000000E+00	0.0000000000000000E+00	0.0000000000000000E+00	
0.0000000000000000E+00	0.0000000000000000E+00	0.0000000000000000E+00	0.0000000000000000E+00	0.0000000000000000E+00	0.0000000000000000E+00	0.0000000000000000E+00	0.0000000000000000E+00	0.0000000000000000E+00	0.0000000000000000E+00	0.0000000000000000E+00	0.0000000000000000E+00	0.0000000000000000E+00	0.0000000000000000E+00	0.0000000000000000E+00	
0.0000000000000000E+00	0.0000000000000000E+00	0.0000000000000000E+00	-0.0000000000000000E+00	0.0000000000000000E+00	0.0000000000000000E+00	0.0000000000000000E+00	0.0000000000000000E+00	0.0000000000000000E+00	0.0000000000000000E+00	0.0000000000000000E+00	0.0000000000000000E+00	0.0000000000000000E+00	0.0000000000000000E+00	0.0000000000000000E+00	
0.0000000000000000E+00	0.0000000000000000E+00	0.0000000000000000E+00	-0.0000000000000000E+00	0.0000000000000000E+00	0.0000000000000000E+00	0.0000000000000000E+00	0.0000000000000000E+00	0.0000000000000000E+00	0.0000000000000000E+00	0.0000000000000000E+00	0.0000000000000000E+00	0.0000000000000000E+00	0.0000000000000000E+00	0.0000000000000000E+00	
0.0000000000000000E+00	0.0000000000000000E+00	0.0000000000000000E+00	0.0000000000000000E+00	-0.0000000000000000E+00	-0.0000000000000000E+00	0.0000000000000000E+00	0.0000000000000000E+00	0.0000000000000000E+00	0.0000000000000000E+00	0.0000000000000000E+00	0.0000000000000000E+00	0.0000000000000000E+00	0.0000000000000000E+00	0.0000000000000000E+00	
0.0000000000000000E+00	0.0000000000000000E+00	0.0000000000000000E+00	-0.0000000000000000E+00	0.0000000000000000E+00	0.0000000000000000E+00	-0.0000000000000000E+00	0.0000000000000000E+00	0.0000000000000000E+00	0.0000000000000000E+00	0.0000000000000000E+00	0.0000000000000000E+00	0.0000000000000000E+00	0.0000000000000000E+00	0.0000000000000000E+00	
0.0000000000000000E+00	0.0000000000000000E+00	0.0000000000000000E+00	-0.0000000000000000E+00	0.0000000000000000E+00	0.0000000000000000E+00	-0.0000000000000000E+00	0.0000000000000000E+00	0.0000000000000000E+00	0.0000000000000000E+00	0.0000000000000000E+00	0.0000000000000000E+00	0.0000000000000000E+00	0.0000000000000000E+00	0.0000000000000000E+00	
0.0000000000000000E+00	0.0000000000000000E+00	0.0000000000000000E+00	-0.0000000000000000E+00	0.0000000000000000E+00	-0.0000000000000000E+00	0.0000000000000000E+00	0.0000000000000000E+00	0.0000000000000000E+00	0.0000000000000000E+00	0.0000000000000000E+00	0.0000000000000000E+00	0.0000000000000000E+00	0.0000000000000000E+00	0.0000000000000000E+00	
0.0000000000000000E+00	0.0000000000000000E+00	0.0000000000000000E+00	-0.0000000000000000E+00	0.0000000000000000E+00	-0.0000000000000000E+00	0.0000000000000000E+00	0.0000000000000000E+00	0.0000000000000000E+00	-0.0000000000000000E+00	0.0000000000000000E+00	0.0000000000000000E+00	0.0000000000000000E+00	0.0000000000000000E+00	0.0000000000000000E+00	
0.0000000000000000E+00	0.0000000000000000E+00	0.0000000000000000E+00	-0.0000000000000000E+00	0.0000000000000000E+00	-0.0000000000000000E+00	0.0000000000000000E+00	0.0000000000000000E+00	0.0000000000000000E+00	0.0000000000000000E+00	0.0000000000000000E+00	-0.0000000000000000E+00	0.0000000000000000E+00	0.0000000000000000E+00	0.0000000000000000E+00	
0.0000000000000000E+00	0.0000000000000000E+00	0.0000000000000000E+00	-0.0000000000000000E+00	0.0000000000000000E+00	-0.0000000000000000E+00	0.0000000000000000E+00	0.0000000000000000E+00	0.0000000000000000E+00	0.0000000000000000E+00	0.0000000000000000E+00	0.0000000000000000E+00	-0.0000000000000000E+00	0.0000000000000000E+00	0.0000000000000000E+00	
0.0000000000000000E+00	0.0000000000000000E+00	0.0000000000000000E+00	-0.0000000000000000E+00	0.0000000000000000E+00	-0.0000000000000000E+00	0.0000000000000000E+00	0.0000000000000000E+00	0.0000000000000000E+00	0.0000000000000000E+00	0.0000000000000000E+00	-0.0000000000000000E+00	0.0000000000000000E+00	0.0000000000000000E+00	0.0000000000000000E+00	

beta
0.0000000000000000E+00	0.0000000000000000E+00	0.0000000000000000E+00	0.0000000000000000E+00	0.0000000000000000E+00	0.0000000000000000E+00	0.0000000000000000E+00	0.0000000000000000E+00	0.0000000000000000E+00	0.0000000000000000E+00	0.0000000000000000E+00	0.0000000000000000E+00	0.0000000000000000E+00	0.0000000000000000E+00	0.0000000000000000E+00	
1.3448508580802879E-01	0.0000000000000000E+00	0.0000000000000000E+00	0.0000000000000000E+00	0.0000000000000000E+00	0.0000000000000000E+00	0.0000000000000000E+00	0.0000000000000000E+00	0.0000000000000000E+00	0.0000000000000000E+00	0.0000000000000000E+00	0.0000000000000000E+00	0.0000000000000000E+00	0.0000000000000000E+00	0.0000000000000000E+00	
1.1068209297359181E-01	9.5559808112589806E-01	0.0000000000000000E+00	0.0000000000000000E+00	0.0000000000000000E+00	0.0000000000000000E+00	0.0000000000000000E+00	0.0000000000000000E+00	0.0000000000000000E+00	0.0000000000000000E+00	0.0000000000000000E+00	0.0000000000000000E+00	0.0000000000000000E+00	0.0000000000000000E+00	0.0000000000000000E+00	
4.5997454775587199E-02	4.7355138444046485E-01	3.0494262525142474E-01	0.0000000000000000E+00	0.0000000000000000E+00	0.0000000000000000E+00	0.0000000000000000E+00	0.0000000000000000E+00	0.0000000000000000E+00	0.0000000000000000E+00	0.0000000000000000E+00	0.0000000000000000E+00	0.0000000000000000E+00	0.0000000000000000E+00	0.0000000000000000E+00	
8.2028634991447510E-03	1.3975650878525403E-01	1.5965378925290763E-02	1.8900027301564123E-03	0.0000000000000000E+00	0.0000000000000000E+00	0.0000000000000000E+00	0.0000000000000000E+00	0.0000000000000000E+00	0.0000000000000000E+00	0.0000000000000000E+00	0.0000000000000000E+00	0.0000000000000000E+00	0.0000000000000000E+00	0.0000000000000000E+00	
4.9308215928148599E-03	9.2182588790438849E-02	3.9195851179186364E-03	-3.9876243310659246E-04	1.0042156857651012E+00	0.0000000000000000E+00	0.0000000000000000E+00	0.0000000000000000E+00	0.0000000000000000E+00	0.0000000000000000E+00	0.0000000000000000E+00	0.0000000000000000E+00	0.0000000000000000E+00	0.0000000000000000E+00	0.0000000000000000E+00	
9.5930253976351850E-03	1.7658327177045863E-01	9.5427681314843860E-03	-2.5751061847491025E-04	6.7612824984662689E-01	2.9823026205841888E-02	0.0000000000000000E+00	0.0000000000000000E+00	0.0000000000000000E+00	0.0000000000000000E+00	0.0000000000000000E+00	0.0000000000000000E+00	0.0000000000000000E+00	0.0000000000000000E+00	0.0000000000000000E+00	
4.8911958462930869E-03	8.9034134586889135E-02	5.5604324873176642E-03	5.6557246723105617E-05	-1.1832649008683238E-01	-6.1215046543900545E-02	1.0462209042501367E+00	0.0000000000000000E+00	0.0000000000000000E+00	0.0000000000000000E+00	0.0000000000000000E+00	0.0000000000000000E+00	0.0000000000000000E+00	0.0000000000000000E+00	0.0000000000000000E+00	
4.9316983367024680E-03	9.0753154762630531E-02	4.9245502905092180E-03	-1.2733168912595154E-04	3.3513772173585676E-01	1.3276383682075453E-02	-1.4934328012626250E-01	2.5367503873033070E-01	0.0000000000000000E+00	0.0000000000000000E+00	0.0000000000000000E+00	0.0000000000000000E+00	0.0000000000000000E+00	0.0000000000000000E+00	0.0000000000000000E+00	
7.3627390459758309E-03	1.3535678432949388E-01	7.4440338741334150E-03	-1.6523589214873844E-04	4.3905359043195213E-01	9.7063909809234211E-03	-6.0555440270834010E-02	2.2695295211767963E-01	4.3553411200196498E-02	0.0000000000000000E+00	0.0000000000000000E+00	0.0000000000000000E+00	0.0000000000000000E+00	0.0000000000000000E+00	0.0000000000000000E+00	
4.3545200952053893E-03	7.9954001364200764E-02	4.4717878033293289E-03	-7.9020150315675121E-05	2.1356041937469428E-01	-1.8686602897397629E-03	8.6365993330303287E-02	2.0047751851927920E-02	4.2013498008535086E-03	2.2098243477042659E-02	0.0000000000000000E+00	0.0000000000000000E+00	0.0000000000000000E+00	0.0000000000000000E+00	0.0000000000000000E+00	
1.1550566225389802E-02	2.1206111283660023E-01	1.1875918211679345E-02	-2.0574026878877080E-04	5.5695323533216978E-01	-6.5287589698296896E-03	2.5433178805628437E-01	2.9588748570086084E-02	6.6906106143247573E-03	-1.0557939584575446E-02	4.5159995753792287E-01	0.0000000000000000E+00	0.0000000000000000E+00	0.0000000000000000E+00	0.0000000000000000E+00	
3.0257714925193543E-03	5.5552203017313125E-02	3.1103429987150558E-03	-5.4073151321318732E-05	1.4633677501149964E-01	-1.6379773510346678E-03	6.5463720579717555E-02	8.8357214029648485E-03	1.9574575764548584E-03	4.1512424457650120E-04	2.8897894820750683E-02	-3.5098736307083971E-03	0.0000000000000000E+00	0.0000000000000000E+00	0.0000000000000000E+00	
7.4554358458025572E-03	1.3687985879803533E-01	7.6635223217717003E-03	-1.3331507590412365E-04	3.6076785287693786E-01	-4.0033983414362352E-03	1.6077867114818792E-01	2.2259333648424848E-02	4.9153274490918979E-03	2.4548209822882906E-03	3.0956495359840942E-02	3.4226471827075704E-03	-1.8839485388773489E-02	0.0000000000000000E+00	0.0000000000000000E+00	
5.5979059332580544E-03	1.0277580638687649E-01	5.7543470660374636E-03	-1.0004551154490929E-04	2.7074911751128639E-01	-3.0279023706393142E-03	1.2107301753208198E-01	1.6383957871194496E-02	3.6284689962031492E-03	8.7711684090586138E-04	5.0396727190897210E-02	-5.5738133743519274E-03	2.6571845160525312E-02	4.0489345076727018E-01	0.0000000000000000E+00	

gamma1
0.0000000000000000E+00	0.0000000000000000E+00	8.4343463777798655E-01	3.5396528288211171E-01	2.7456740496272225E-02	-2.1719698336974513E-01	2.4108395430604612E-01	-2.9496297009865096E+00	-2.9342659788941561E-01	9.0049167413917375E-01	3.6616666409724052E-02	-8.0252812777144711E-01	3.0321239707071235E-02	-1.1181944055951094E+00	-1.4104337041159076E+00	

gamma2
0.0000000000000000E+00	1.0000000000000000E+00	1.7699355055931365E-01	5.7026352789841728E-01	4.8453916322122526E-01	4.6510015372130553E-01	4.3466106637354635E-01	1.2713530115430671E+00	2.1567385804190140E-01	9.9947367412901597E-02	1.2466213386351410E-01	4.1598703162002620E-01	6.3223983830198921E-02	2.4589747436634596E-01	3.6555775177557498E-01	

gamma3
0.0000000000000000E+00	0.0000000000000000E+00	0.0000000000000000E+00	0.0000000000000000E+00	3.9872453167863531E-01	6.6018715807696893E-01	-1.9384546070284758E-01	2.6584984293776714E-01	5.1782459856622287E-01	-2.5408888200145957E-01	4.6250173687024532E-01	-1.9362686713974367E-01	6.3262341821246348E-01	6.6423660942490914E-01	2.4894121821629997E-01	

delta
1.0000000000000000E+00	-1.1541769896555822E-01	2.4828817991444396E-01	5.1386172342738901E-02	1.3355991718474181E-02	9.9435157747216307E-01	7.0556291954862327E-01	6.9865278614802184E-01	-5.8345795924993990E-02	4.8007877519253822E-01	7.8068619103345682E-01	5.3253193220137685E-01	5.8173082329630998E-01	0.0000000000000000E+00	

r
0.0000000000000000E+00	

errcoeff
3.7598114888408030E-03	

v
1.0000000000000000E+00	
1.0000000000000000E+00	
1.0000000000000000E+00	
1.0000000000000000E+00	
1.0000000000000000E+00	
1.0000000000000000E+00	
1.0000000000000000E+00	
1.0000000000000000E+00	
1.0000000000000000E+00	
1.0000000000000000E+00	
1.0000000000000000E+00	
1.0000000000000000E+00	
1.0000000000000000E+00	
1.0000000000000000E+00	
1.0000000000000000E+00	

==============================================================

