#stage		 order
16	 		2


A
0.0000000000000000E+00	0.0000000000000000E+00	0.0000000000000000E+00	0.0000000000000000E+00	0.0000000000000000E+00	0.0000000000000000E+00	0.0000000000000000E+00	0.0000000000000000E+00	0.0000000000000000E+00	0.0000000000000000E+00	0.0000000000000000E+00	0.0000000000000000E+00	0.0000000000000000E+00	0.0000000000000000E+00	0.0000000000000000E+00	0.0000000000000000E+00	
4.3807400145105574E-01	0.0000000000000000E+00	0.0000000000000000E+00	0.0000000000000000E+00	0.0000000000000000E+00	0.0000000000000000E+00	0.0000000000000000E+00	0.0000000000000000E+00	0.0000000000000000E+00	0.0000000000000000E+00	0.0000000000000000E+00	0.0000000000000000E+00	0.0000000000000000E+00	0.0000000000000000E+00	0.0000000000000000E+00	0.0000000000000000E+00	
3.6005642648332981E-01	2.2690618691251202E-01	0.0000000000000000E+00	0.0000000000000000E+00	0.0000000000000000E+00	0.0000000000000000E+00	0.0000000000000000E+00	0.0000000000000000E+00	0.0000000000000000E+00	0.0000000000000000E+00	0.0000000000000000E+00	0.0000000000000000E+00	0.0000000000000000E+00	0.0000000000000000E+00	0.0000000000000000E+00	0.0000000000000000E+00	
1.9693878197989867E-01	-4.4741658752162849E-02	4.5784355688054466E-02	0.0000000000000000E+00	0.0000000000000000E+00	0.0000000000000000E+00	0.0000000000000000E+00	0.0000000000000000E+00	0.0000000000000000E+00	0.0000000000000000E+00	0.0000000000000000E+00	0.0000000000000000E+00	0.0000000000000000E+00	0.0000000000000000E+00	0.0000000000000000E+00	0.0000000000000000E+00	
2.6976664019822244E-01	2.2200425107534788E-01	-9.8042875565410303E-02	5.7767185301069535E-01	0.0000000000000000E+00	0.0000000000000000E+00	0.0000000000000000E+00	0.0000000000000000E+00	0.0000000000000000E+00	0.0000000000000000E+00	0.0000000000000000E+00	0.0000000000000000E+00	0.0000000000000000E+00	0.0000000000000000E+00	0.0000000000000000E+00	0.0000000000000000E+00	
1.8060299465122118E-01	1.3854758634020470E-01	-5.9917826443805201E-02	3.5518935952780245E-01	3.0506445290122652E-01	0.0000000000000000E+00	0.0000000000000000E+00	0.0000000000000000E+00	0.0000000000000000E+00	0.0000000000000000E+00	0.0000000000000000E+00	0.0000000000000000E+00	0.0000000000000000E+00	0.0000000000000000E+00	0.0000000000000000E+00	0.0000000000000000E+00	
9.7221258126540144E-02	1.1348749769382410E-01	-5.4332085021368687E-02	3.1298000303845641E-01	3.0242654115219003E-01	2.4462597062700382E-02	0.0000000000000000E+00	0.0000000000000000E+00	0.0000000000000000E+00	0.0000000000000000E+00	0.0000000000000000E+00	0.0000000000000000E+00	0.0000000000000000E+00	0.0000000000000000E+00	0.0000000000000000E+00	0.0000000000000000E+00	
8.6737321805943526E-02	3.2982246881996580E-02	-9.7337939519904007E-03	6.5548229890555143E-02	2.7303886472509920E-02	2.4463656779583863E-03	1.7483328643143530E-03	0.0000000000000000E+00	0.0000000000000000E+00	0.0000000000000000E+00	0.0000000000000000E+00	0.0000000000000000E+00	0.0000000000000000E+00	0.0000000000000000E+00	0.0000000000000000E+00	0.0000000000000000E+00	
3.9049676119309540E-01	1.2685869541583303E-01	-3.1548180728826786E-02	2.2740056637089046E-01	4.6088182741823747E-02	4.8739802188396773E-03	-2.0425850085725745E-03	4.8082496741246726E-02	0.0000000000000000E+00	0.0000000000000000E+00	0.0000000000000000E+00	0.0000000000000000E+00	0.0000000000000000E+00	0.0000000000000000E+00	0.0000000000000000E+00	0.0000000000000000E+00	
1.8595910492979528E-01	5.8675180026834417E-02	-1.4038258231331393E-02	1.0285571670456282E-01	1.5779371548523442E-02	1.8281506296492776E-03	-1.7685730851004218E-03	3.9926523898546007E-02	9.2698920386762196E-01	0.0000000000000000E+00	0.0000000000000000E+00	0.0000000000000000E+00	0.0000000000000000E+00	0.0000000000000000E+00	0.0000000000000000E+00	0.0000000000000000E+00	
4.3920781473889170E-01	1.4598508995545428E-01	-3.7357246831224281E-02	2.6610192505922903E-01	6.3566777398779611E-02	6.4192365628191386E-03	-7.8398511867193302E-04	2.1698566189201393E-02	3.3889969012583032E-01	-5.9411517646691121E-02	0.0000000000000000E+00	0.0000000000000000E+00	0.0000000000000000E+00	0.0000000000000000E+00	0.0000000000000000E+00	0.0000000000000000E+00	
-1.4411454959467911E+00	-4.7306454790977692E-01	1.1920312660462523E-01	-8.5452829335389680E-01	-1.8745068941292151E-01	-1.9374843383063764E-02	5.2983531505299804E-03	-1.2952394555227850E-01	-2.5986442398947043E+00	4.1740410181876519E-01	4.6222203123622158E-01	0.0000000000000000E+00	0.0000000000000000E+00	0.0000000000000000E+00	0.0000000000000000E+00	0.0000000000000000E+00	
6.7329648525906352E-02	2.2867063952510432E-02	-6.0036280700383245E-03	4.2319885572398866E-02	1.1477684361002487E-02	1.1225369748215734E-03	1.0342019974711138E-04	-1.4580542803859856E-03	-6.9994298716023889E-02	9.1405484983220590E-03	1.0961817842275109E-03	2.1045578321168724E-05	0.0000000000000000E+00	0.0000000000000000E+00	0.0000000000000000E+00	0.0000000000000000E+00	
-3.2341874606027377E-01	-1.0451145946564042E-01	2.5813478320382117E-02	-1.8659844141988463E-01	-3.6196422122934793E-02	-3.8789373981802404E-03	1.9465300411617308E-03	-4.5275241478982077E-02	-9.9629271655479834E-01	1.5549104629244051E-01	1.5270578254529676E-01	-1.9910571780324860E-06	7.8834613352820726E-01	0.0000000000000000E+00	0.0000000000000000E+00	0.0000000000000000E+00	
-3.5968311034871775E-01	-1.1645986374373021E-01	2.8838256647941748E-02	-2.0824043539625500E-01	-4.1071117612046820E-02	-4.3790843191236339E-03	2.0594996675791354E-03	-4.8098976173203786E-02	-1.0505823853546596E+00	1.6433318877920444E-01	1.6302083875781076E-01	-6.4849673345206017E-06	4.5004841211108237E-01	2.1975632196563531E-02	0.0000000000000000E+00	0.0000000000000000E+00	
-2.6112263620648779E-02	-8.1663071190906378E-03	1.9299174874428393E-03	-1.4214987024831233E-02	-1.9570260167039374E-03	-2.3603553463844452E-04	2.8172110505705113E-04	-6.3206651918292223E-03	-1.4837128836949942E-01	2.2719514292694892E-02	2.0382686190760474E-02	4.8915161107382196E-06	5.6843655813080451E-01	1.2512704453346860E-01	-1.2479663693467991E-01	0.0000000000000000E+00	

b
-7.1414533729395946E-01	
-2.3180319088364654E-01	
5.7583591140661826E-02	
-4.1525457710643643E-01	
-8.3584800195997566E-02	
-8.8575135348998180E-03	
3.8260598256657646E-03	
-8.9871454532876094E-02	
-1.9424579260455068E+00	
3.0481399105373119E-01	
3.0666829075318475E-01	
-2.3545028656220909E-05	
-1.7242863690971377E-01	
-2.0215482050392705E-01	
1.7736107625559816E-01	
4.0103287930067797E+00	

c
0.0000000000000000E+00	
4.3807400145105574E-01	
5.8696261339584188E-01	
1.9798147891579029E-01	
9.7139986871885542E-01	
9.1948656697664966E-01	
7.9624581205234235E-01	
2.0703258964128751E-01	
8.1020991694432964E-01	
1.3162064202891013E+00	
1.1843263504336181E+00	
-4.6996044426432908E+00	
7.8022034380809346E-02	
-5.7187098483038390E-01	
-9.9824562975488951E-01	
4.0870712344441751E-01	

alpha
0.0000000000000000E+00	0.0000000000000000E+00	0.0000000000000000E+00	0.0000000000000000E+00	0.0000000000000000E+00	0.0000000000000000E+00	0.0000000000000000E+00	0.0000000000000000E+00	0.0000000000000000E+00	0.0000000000000000E+00	0.0000000000000000E+00	0.0000000000000000E+00	0.0000000000000000E+00	0.0000000000000000E+00	0.0000000000000000E+00	0.0000000000000000E+00	0.0000000000000000E+00	
0.0000000000000000E+00	0.0000000000000000E+00	0.0000000000000000E+00	0.0000000000000000E+00	0.0000000000000000E+00	0.0000000000000000E+00	0.0000000000000000E+00	0.0000000000000000E+00	0.0000000000000000E+00	0.0000000000000000E+00	0.0000000000000000E+00	0.0000000000000000E+00	0.0000000000000000E+00	0.0000000000000000E+00	0.0000000000000000E+00	0.0000000000000000E+00	0.0000000000000000E+00	
0.0000000000000000E+00	0.0000000000000000E+00	0.0000000000000000E+00	0.0000000000000000E+00	0.0000000000000000E+00	0.0000000000000000E+00	0.0000000000000000E+00	0.0000000000000000E+00	0.0000000000000000E+00	0.0000000000000000E+00	0.0000000000000000E+00	0.0000000000000000E+00	0.0000000000000000E+00	0.0000000000000000E+00	0.0000000000000000E+00	0.0000000000000000E+00	0.0000000000000000E+00	
0.0000000000000000E+00	-0.0000000000000000E+00	0.0000000000000000E+00	0.0000000000000000E+00	0.0000000000000000E+00	0.0000000000000000E+00	0.0000000000000000E+00	0.0000000000000000E+00	0.0000000000000000E+00	0.0000000000000000E+00	0.0000000000000000E+00	0.0000000000000000E+00	0.0000000000000000E+00	0.0000000000000000E+00	0.0000000000000000E+00	0.0000000000000000E+00	0.0000000000000000E+00	
0.0000000000000000E+00	0.0000000000000000E+00	-0.0000000000000000E+00	0.0000000000000000E+00	0.0000000000000000E+00	0.0000000000000000E+00	0.0000000000000000E+00	0.0000000000000000E+00	0.0000000000000000E+00	0.0000000000000000E+00	0.0000000000000000E+00	0.0000000000000000E+00	0.0000000000000000E+00	0.0000000000000000E+00	0.0000000000000000E+00	0.0000000000000000E+00	0.0000000000000000E+00	
0.0000000000000000E+00	0.0000000000000000E+00	-0.0000000000000000E+00	0.0000000000000000E+00	0.0000000000000000E+00	0.0000000000000000E+00	0.0000000000000000E+00	0.0000000000000000E+00	0.0000000000000000E+00	0.0000000000000000E+00	0.0000000000000000E+00	0.0000000000000000E+00	0.0000000000000000E+00	0.0000000000000000E+00	0.0000000000000000E+00	0.0000000000000000E+00	0.0000000000000000E+00	
0.0000000000000000E+00	0.0000000000000000E+00	-0.0000000000000000E+00	0.0000000000000000E+00	0.0000000000000000E+00	0.0000000000000000E+00	0.0000000000000000E+00	0.0000000000000000E+00	0.0000000000000000E+00	0.0000000000000000E+00	0.0000000000000000E+00	0.0000000000000000E+00	0.0000000000000000E+00	0.0000000000000000E+00	0.0000000000000000E+00	0.0000000000000000E+00	0.0000000000000000E+00	
0.0000000000000000E+00	0.0000000000000000E+00	-0.0000000000000000E+00	0.0000000000000000E+00	0.0000000000000000E+00	0.0000000000000000E+00	0.0000000000000000E+00	0.0000000000000000E+00	0.0000000000000000E+00	0.0000000000000000E+00	0.0000000000000000E+00	0.0000000000000000E+00	0.0000000000000000E+00	0.0000000000000000E+00	0.0000000000000000E+00	0.0000000000000000E+00	0.0000000000000000E+00	
0.0000000000000000E+00	0.0000000000000000E+00	-0.0000000000000000E+00	0.0000000000000000E+00	0.0000000000000000E+00	0.0000000000000000E+00	-0.0000000000000000E+00	0.0000000000000000E+00	0.0000000000000000E+00	0.0000000000000000E+00	0.0000000000000000E+00	0.0000000000000000E+00	0.0000000000000000E+00	0.0000000000000000E+00	0.0000000000000000E+00	0.0000000000000000E+00	0.0000000000000000E+00	
0.0000000000000000E+00	0.0000000000000000E+00	-0.0000000000000000E+00	0.0000000000000000E+00	0.0000000000000000E+00	0.0000000000000000E+00	-0.0000000000000000E+00	0.0000000000000000E+00	0.0000000000000000E+00	0.0000000000000000E+00	0.0000000000000000E+00	0.0000000000000000E+00	0.0000000000000000E+00	0.0000000000000000E+00	0.0000000000000000E+00	0.0000000000000000E+00	0.0000000000000000E+00	
0.0000000000000000E+00	0.0000000000000000E+00	-0.0000000000000000E+00	0.0000000000000000E+00	0.0000000000000000E+00	0.0000000000000000E+00	-0.0000000000000000E+00	0.0000000000000000E+00	0.0000000000000000E+00	-0.0000000000000000E+00	0.0000000000000000E+00	0.0000000000000000E+00	0.0000000000000000E+00	0.0000000000000000E+00	0.0000000000000000E+00	0.0000000000000000E+00	0.0000000000000000E+00	
-0.0000000000000000E+00	-0.0000000000000000E+00	0.0000000000000000E+00	-0.0000000000000000E+00	-0.0000000000000000E+00	-0.0000000000000000E+00	0.0000000000000000E+00	-0.0000000000000000E+00	-0.0000000000000000E+00	0.0000000000000000E+00	0.0000000000000000E+00	0.0000000000000000E+00	0.0000000000000000E+00	0.0000000000000000E+00	0.0000000000000000E+00	0.0000000000000000E+00	0.0000000000000000E+00	
0.0000000000000000E+00	0.0000000000000000E+00	-0.0000000000000000E+00	0.0000000000000000E+00	0.0000000000000000E+00	0.0000000000000000E+00	0.0000000000000000E+00	-0.0000000000000000E+00	-0.0000000000000000E+00	0.0000000000000000E+00	0.0000000000000000E+00	0.0000000000000000E+00	0.0000000000000000E+00	0.0000000000000000E+00	0.0000000000000000E+00	0.0000000000000000E+00	0.0000000000000000E+00	
-0.0000000000000000E+00	-0.0000000000000000E+00	0.0000000000000000E+00	-0.0000000000000000E+00	-0.0000000000000000E+00	-0.0000000000000000E+00	0.0000000000000000E+00	-0.0000000000000000E+00	-0.0000000000000000E+00	0.0000000000000000E+00	0.0000000000000000E+00	-0.0000000000000000E+00	0.0000000000000000E+00	0.0000000000000000E+00	0.0000000000000000E+00	0.0000000000000000E+00	0.0000000000000000E+00	
-0.0000000000000000E+00	-0.0000000000000000E+00	0.0000000000000000E+00	-0.0000000000000000E+00	-0.0000000000000000E+00	-0.0000000000000000E+00	0.0000000000000000E+00	-0.0000000000000000E+00	-0.0000000000000000E+00	0.0000000000000000E+00	0.0000000000000000E+00	-0.0000000000000000E+00	0.0000000000000000E+00	0.0000000000000000E+00	0.0000000000000000E+00	0.0000000000000000E+00	0.0000000000000000E+00	
-0.0000000000000000E+00	-0.0000000000000000E+00	0.0000000000000000E+00	-0.0000000000000000E+00	-0.0000000000000000E+00	-0.0000000000000000E+00	0.0000000000000000E+00	-0.0000000000000000E+00	-0.0000000000000000E+00	0.0000000000000000E+00	0.0000000000000000E+00	0.0000000000000000E+00	0.0000000000000000E+00	0.0000000000000000E+00	-0.0000000000000000E+00	0.0000000000000000E+00	0.0000000000000000E+00	
-0.0000000000000000E+00	-0.0000000000000000E+00	0.0000000000000000E+00	-0.0000000000000000E+00	-0.0000000000000000E+00	-0.0000000000000000E+00	0.0000000000000000E+00	-0.0000000000000000E+00	-0.0000000000000000E+00	0.0000000000000000E+00	0.0000000000000000E+00	-0.0000000000000000E+00	-0.0000000000000000E+00	-0.0000000000000000E+00	0.0000000000000000E+00	0.0000000000000000E+00	0.0000000000000000E+00	

beta
0.0000000000000000E+00	0.0000000000000000E+00	0.0000000000000000E+00	0.0000000000000000E+00	0.0000000000000000E+00	0.0000000000000000E+00	0.0000000000000000E+00	0.0000000000000000E+00	0.0000000000000000E+00	0.0000000000000000E+00	0.0000000000000000E+00	0.0000000000000000E+00	0.0000000000000000E+00	0.0000000000000000E+00	0.0000000000000000E+00	0.0000000000000000E+00	0.0000000000000000E+00	
4.3807400145105574E-01	0.0000000000000000E+00	0.0000000000000000E+00	0.0000000000000000E+00	0.0000000000000000E+00	0.0000000000000000E+00	0.0000000000000000E+00	0.0000000000000000E+00	0.0000000000000000E+00	0.0000000000000000E+00	0.0000000000000000E+00	0.0000000000000000E+00	0.0000000000000000E+00	0.0000000000000000E+00	0.0000000000000000E+00	0.0000000000000000E+00	0.0000000000000000E+00	
3.6005642648332981E-01	2.2690618691251202E-01	0.0000000000000000E+00	0.0000000000000000E+00	0.0000000000000000E+00	0.0000000000000000E+00	0.0000000000000000E+00	0.0000000000000000E+00	0.0000000000000000E+00	0.0000000000000000E+00	0.0000000000000000E+00	0.0000000000000000E+00	0.0000000000000000E+00	0.0000000000000000E+00	0.0000000000000000E+00	0.0000000000000000E+00	0.0000000000000000E+00	
1.9693878197989867E-01	-4.4741658752162849E-02	4.5784355688054466E-02	0.0000000000000000E+00	0.0000000000000000E+00	0.0000000000000000E+00	0.0000000000000000E+00	0.0000000000000000E+00	0.0000000000000000E+00	0.0000000000000000E+00	0.0000000000000000E+00	0.0000000000000000E+00	0.0000000000000000E+00	0.0000000000000000E+00	0.0000000000000000E+00	0.0000000000000000E+00	0.0000000000000000E+00	
2.6976664019822244E-01	2.2200425107534788E-01	-9.8042875565410303E-02	5.7767185301069535E-01	0.0000000000000000E+00	0.0000000000000000E+00	0.0000000000000000E+00	0.0000000000000000E+00	0.0000000000000000E+00	0.0000000000000000E+00	0.0000000000000000E+00	0.0000000000000000E+00	0.0000000000000000E+00	0.0000000000000000E+00	0.0000000000000000E+00	0.0000000000000000E+00	0.0000000000000000E+00	
1.8060299465122118E-01	1.3854758634020470E-01	-5.9917826443805201E-02	3.5518935952780245E-01	3.0506445290122652E-01	0.0000000000000000E+00	0.0000000000000000E+00	0.0000000000000000E+00	0.0000000000000000E+00	0.0000000000000000E+00	0.0000000000000000E+00	0.0000000000000000E+00	0.0000000000000000E+00	0.0000000000000000E+00	0.0000000000000000E+00	0.0000000000000000E+00	0.0000000000000000E+00	
9.7221258126540144E-02	1.1348749769382410E-01	-5.4332085021368687E-02	3.1298000303845641E-01	3.0242654115219003E-01	2.4462597062700382E-02	0.0000000000000000E+00	0.0000000000000000E+00	0.0000000000000000E+00	0.0000000000000000E+00	0.0000000000000000E+00	0.0000000000000000E+00	0.0000000000000000E+00	0.0000000000000000E+00	0.0000000000000000E+00	0.0000000000000000E+00	0.0000000000000000E+00	
8.6737321805943526E-02	3.2982246881996580E-02	-9.7337939519904007E-03	6.5548229890555143E-02	2.7303886472509920E-02	2.4463656779583863E-03	1.7483328643143530E-03	0.0000000000000000E+00	0.0000000000000000E+00	0.0000000000000000E+00	0.0000000000000000E+00	0.0000000000000000E+00	0.0000000000000000E+00	0.0000000000000000E+00	0.0000000000000000E+00	0.0000000000000000E+00	0.0000000000000000E+00	
3.9049676119309540E-01	1.2685869541583303E-01	-3.1548180728826786E-02	2.2740056637089046E-01	4.6088182741823747E-02	4.8739802188396773E-03	-2.0425850085725745E-03	4.8082496741246726E-02	0.0000000000000000E+00	0.0000000000000000E+00	0.0000000000000000E+00	0.0000000000000000E+00	0.0000000000000000E+00	0.0000000000000000E+00	0.0000000000000000E+00	0.0000000000000000E+00	0.0000000000000000E+00	
1.8595910492979528E-01	5.8675180026834417E-02	-1.4038258231331393E-02	1.0285571670456282E-01	1.5779371548523442E-02	1.8281506296492776E-03	-1.7685730851004218E-03	3.9926523898546007E-02	9.2698920386762196E-01	0.0000000000000000E+00	0.0000000000000000E+00	0.0000000000000000E+00	0.0000000000000000E+00	0.0000000000000000E+00	0.0000000000000000E+00	0.0000000000000000E+00	0.0000000000000000E+00	
4.3920781473889170E-01	1.4598508995545428E-01	-3.7357246831224281E-02	2.6610192505922903E-01	6.3566777398779611E-02	6.4192365628191386E-03	-7.8398511867193302E-04	2.1698566189201393E-02	3.3889969012583032E-01	-5.9411517646691121E-02	0.0000000000000000E+00	0.0000000000000000E+00	0.0000000000000000E+00	0.0000000000000000E+00	0.0000000000000000E+00	0.0000000000000000E+00	0.0000000000000000E+00	
-1.4411454959467911E+00	-4.7306454790977692E-01	1.1920312660462523E-01	-8.5452829335389680E-01	-1.8745068941292151E-01	-1.9374843383063764E-02	5.2983531505299804E-03	-1.2952394555227850E-01	-2.5986442398947043E+00	4.1740410181876519E-01	4.6222203123622158E-01	0.0000000000000000E+00	0.0000000000000000E+00	0.0000000000000000E+00	0.0000000000000000E+00	0.0000000000000000E+00	0.0000000000000000E+00	
6.7329648525906352E-02	2.2867063952510432E-02	-6.0036280700383245E-03	4.2319885572398866E-02	1.1477684361002487E-02	1.1225369748215734E-03	1.0342019974711138E-04	-1.4580542803859856E-03	-6.9994298716023889E-02	9.1405484983220590E-03	1.0961817842275109E-03	2.1045578321168724E-05	0.0000000000000000E+00	0.0000000000000000E+00	0.0000000000000000E+00	0.0000000000000000E+00	0.0000000000000000E+00	
-3.2341874606027377E-01	-1.0451145946564042E-01	2.5813478320382117E-02	-1.8659844141988463E-01	-3.6196422122934793E-02	-3.8789373981802404E-03	1.9465300411617308E-03	-4.5275241478982077E-02	-9.9629271655479834E-01	1.5549104629244051E-01	1.5270578254529676E-01	-1.9910571780324860E-06	7.8834613352820726E-01	0.0000000000000000E+00	0.0000000000000000E+00	0.0000000000000000E+00	0.0000000000000000E+00	
-3.5968311034871775E-01	-1.1645986374373021E-01	2.8838256647941748E-02	-2.0824043539625500E-01	-4.1071117612046820E-02	-4.3790843191236339E-03	2.0594996675791354E-03	-4.8098976173203786E-02	-1.0505823853546596E+00	1.6433318877920444E-01	1.6302083875781076E-01	-6.4849673345206017E-06	4.5004841211108237E-01	2.1975632196563531E-02	0.0000000000000000E+00	0.0000000000000000E+00	0.0000000000000000E+00	
-2.6112263620648779E-02	-8.1663071190906378E-03	1.9299174874428393E-03	-1.4214987024831233E-02	-1.9570260167039374E-03	-2.3603553463844452E-04	2.8172110505705113E-04	-6.3206651918292223E-03	-1.4837128836949942E-01	2.2719514292694892E-02	2.0382686190760474E-02	4.8915161107382196E-06	5.6843655813080451E-01	1.2512704453346860E-01	-1.2479663693467991E-01	0.0000000000000000E+00	0.0000000000000000E+00	
-7.1414533729395946E-01	-2.3180319088364654E-01	5.7583591140661826E-02	-4.1525457710643643E-01	-8.3584800195997566E-02	-8.8575135348998180E-03	3.8260598256657646E-03	-8.9871454532876094E-02	-1.9424579260455068E+00	3.0481399105373119E-01	3.0666829075318475E-01	-2.3545028656220909E-05	-1.7242863690971377E-01	-2.0215482050392705E-01	1.7736107625559816E-01	4.0103287930067797E+00	0.0000000000000000E+00	

gamma1
0.0000000000000000E+00	0.0000000000000000E+00	6.3588956193814639E-01	-5.0051687796682343E-01	-2.5604069850931426E+00	5.9915446845017273E-01	9.8134033546776633E-01	4.7212104805996746E-02	-1.3196298377702453E+00	8.9552299893678378E-01	4.1722132495579989E-01	-5.3033936706334082E+00	-1.4436833260488768E-01	4.1553322630193501E-01	2.0305717152742953E-01	3.7467897059332174E+00	-1.4212007680017140E+00	

gamma2
0.0000000000000000E+00	1.0000000000000000E+00	1.7809222804664093E-01	5.8556049002832189E-01	1.0735975857014122E+00	2.0435988294239558E-02	-8.8137904981719181E-02	8.4836556017237261E-02	5.0793346269075568E-01	-1.3911476427940092E-01	3.1539417711320206E-01	1.4343396214833981E+00	1.1425569627719984E-01	2.5741235094284565E-01	1.2823197882920417E-01	-8.8184097177366239E-01	5.0129852519765561E-01	

gamma3
0.0000000000000000E+00	0.0000000000000000E+00	0.0000000000000000E+00	0.0000000000000000E+00	3.9027855818584428E-01	3.2479289507533649E-01	3.3665273439048660E-01	5.9391354716105038E-01	1.9651774959372113E-02	7.9955138059032949E-01	-9.4143041696652674E-01	1.0938931121106588E+00	5.8265343157102178E-01	-1.7090857594656336E-01	5.2827187343376721E-02	4.2332357092394102E-01	6.1909226855008537E-01	

delta
1.0000000000000000E+00	1.0445049290219224E+00	5.1802601956418826E-01	3.9027787767085431E-01	7.6869636250497420E-01	-1.1360153001025426E-01	6.2228159252178739E-01	2.9792370738193480E-01	4.6830089854071061E-01	-1.6369827716065730E-01	-1.2007261837629455E+00	1.2843112903370459E+00	-1.9818013258475300E+00	2.8683913132422942E+00	-2.2080057619946993E+00	0.0000000000000000E+00	

r
0.0000000000000000E+00	

errcoeff
2.8845526090138492E-03	

v
1.0000000000000000E+00	
1.0000000000000000E+00	
1.0000000000000000E+00	
1.0000000000000000E+00	
1.0000000000000000E+00	
1.0000000000000000E+00	
1.0000000000000000E+00	
1.0000000000000000E+00	
1.0000000000000000E+00	
1.0000000000000000E+00	
1.0000000000000000E+00	
1.0000000000000000E+00	
1.0000000000000000E+00	
1.0000000000000000E+00	
1.0000000000000000E+00	
1.0000000000000000E+00	
1.0000000000000000E+00	

==============================================================

