#stage		 order
9	 		2


A
0.0000000000000000E+00	0.0000000000000000E+00	0.0000000000000000E+00	0.0000000000000000E+00	0.0000000000000000E+00	0.0000000000000000E+00	0.0000000000000000E+00	0.0000000000000000E+00	0.0000000000000000E+00	
3.9876027742651166E-01	0.0000000000000000E+00	0.0000000000000000E+00	0.0000000000000000E+00	0.0000000000000000E+00	0.0000000000000000E+00	0.0000000000000000E+00	0.0000000000000000E+00	0.0000000000000000E+00	
4.1383980024851963E-01	3.5140491637088317E-01	0.0000000000000000E+00	0.0000000000000000E+00	0.0000000000000000E+00	0.0000000000000000E+00	0.0000000000000000E+00	0.0000000000000000E+00	0.0000000000000000E+00	
2.8940465839955420E-01	2.0272967911894169E-01	7.3200071929028276E-02	0.0000000000000000E+00	0.0000000000000000E+00	0.0000000000000000E+00	0.0000000000000000E+00	0.0000000000000000E+00	0.0000000000000000E+00	
2.9879085910068848E-01	2.2883215027454229E-01	8.6349849232195242E-02	2.7523289010022511E-01	0.0000000000000000E+00	0.0000000000000000E+00	0.0000000000000000E+00	0.0000000000000000E+00	0.0000000000000000E+00	
2.7149822877385099E-01	1.9233552524500805E-01	6.9857035591477670E-02	2.1040677469622676E-01	1.8748312482864507E-01	0.0000000000000000E+00	0.0000000000000000E+00	0.0000000000000000E+00	0.0000000000000000E+00	
1.8234468524792402E-01	9.4540532749570083E-02	2.7804318223635632E-02	5.3168685200218890E-02	2.6488688224146184E-02	4.1018059145543656E-02	0.0000000000000000E+00	0.0000000000000000E+00	0.0000000000000000E+00	
2.3951667234259477E-01	1.2193150935501756E-01	3.5279830656148897E-02	6.4110407984206544E-02	2.8331862674610811E-02	1.2498566084876893E-02	1.7446870119865652E-02	0.0000000000000000E+00	0.0000000000000000E+00	
1.5882418252086980E-01	8.0211328740353499E-02	2.3039994358277086E-02	4.0878497627423391E-02	1.6944557221031969E-02	-3.5100139872875098E-03	-6.7977854045482636E-03	6.0457420040066501E-01	0.0000000000000000E+00	

b
1.8467480793499419E-01	
9.3371054853781166E-02	
2.6847612583443765E-02	
4.7797484828862813E-02	
2.0001983647584591E-02	
-2.1635184910603119E-03	
-4.9185939481674332E-03	
4.5162411238039635E-01	
1.8276505621016517E-01	

c
0.0000000000000000E+00	
3.9876027742651166E-01	
7.6524471661940274E-01	
5.6533440944752411E-01	
8.8920574870765112E-01	
9.3158068913520853E-01	
4.2536496879103847E-01	
5.1911571921732114E-01	
9.1416496147678494E-01	

alpha
0.0000000000000000E+00	0.0000000000000000E+00	0.0000000000000000E+00	0.0000000000000000E+00	0.0000000000000000E+00	0.0000000000000000E+00	0.0000000000000000E+00	0.0000000000000000E+00	0.0000000000000000E+00	0.0000000000000000E+00	
0.0000000000000000E+00	0.0000000000000000E+00	0.0000000000000000E+00	0.0000000000000000E+00	0.0000000000000000E+00	0.0000000000000000E+00	0.0000000000000000E+00	0.0000000000000000E+00	0.0000000000000000E+00	0.0000000000000000E+00	
0.0000000000000000E+00	0.0000000000000000E+00	0.0000000000000000E+00	0.0000000000000000E+00	0.0000000000000000E+00	0.0000000000000000E+00	0.0000000000000000E+00	0.0000000000000000E+00	0.0000000000000000E+00	0.0000000000000000E+00	
0.0000000000000000E+00	0.0000000000000000E+00	0.0000000000000000E+00	0.0000000000000000E+00	0.0000000000000000E+00	0.0000000000000000E+00	0.0000000000000000E+00	0.0000000000000000E+00	0.0000000000000000E+00	0.0000000000000000E+00	
0.0000000000000000E+00	0.0000000000000000E+00	0.0000000000000000E+00	0.0000000000000000E+00	0.0000000000000000E+00	0.0000000000000000E+00	0.0000000000000000E+00	0.0000000000000000E+00	0.0000000000000000E+00	0.0000000000000000E+00	
0.0000000000000000E+00	0.0000000000000000E+00	0.0000000000000000E+00	0.0000000000000000E+00	0.0000000000000000E+00	0.0000000000000000E+00	0.0000000000000000E+00	0.0000000000000000E+00	0.0000000000000000E+00	0.0000000000000000E+00	
0.0000000000000000E+00	0.0000000000000000E+00	0.0000000000000000E+00	0.0000000000000000E+00	0.0000000000000000E+00	0.0000000000000000E+00	0.0000000000000000E+00	0.0000000000000000E+00	0.0000000000000000E+00	0.0000000000000000E+00	
0.0000000000000000E+00	0.0000000000000000E+00	0.0000000000000000E+00	0.0000000000000000E+00	0.0000000000000000E+00	0.0000000000000000E+00	0.0000000000000000E+00	0.0000000000000000E+00	0.0000000000000000E+00	0.0000000000000000E+00	
0.0000000000000000E+00	0.0000000000000000E+00	0.0000000000000000E+00	0.0000000000000000E+00	0.0000000000000000E+00	-0.0000000000000000E+00	-0.0000000000000000E+00	0.0000000000000000E+00	0.0000000000000000E+00	0.0000000000000000E+00	
0.0000000000000000E+00	0.0000000000000000E+00	0.0000000000000000E+00	0.0000000000000000E+00	0.0000000000000000E+00	-0.0000000000000000E+00	-0.0000000000000000E+00	0.0000000000000000E+00	0.0000000000000000E+00	0.0000000000000000E+00	

beta
0.0000000000000000E+00	0.0000000000000000E+00	0.0000000000000000E+00	0.0000000000000000E+00	0.0000000000000000E+00	0.0000000000000000E+00	0.0000000000000000E+00	0.0000000000000000E+00	0.0000000000000000E+00	0.0000000000000000E+00	
3.9876027742651166E-01	0.0000000000000000E+00	0.0000000000000000E+00	0.0000000000000000E+00	0.0000000000000000E+00	0.0000000000000000E+00	0.0000000000000000E+00	0.0000000000000000E+00	0.0000000000000000E+00	0.0000000000000000E+00	
4.1383980024851963E-01	3.5140491637088317E-01	0.0000000000000000E+00	0.0000000000000000E+00	0.0000000000000000E+00	0.0000000000000000E+00	0.0000000000000000E+00	0.0000000000000000E+00	0.0000000000000000E+00	0.0000000000000000E+00	
2.8940465839955420E-01	2.0272967911894169E-01	7.3200071929028276E-02	0.0000000000000000E+00	0.0000000000000000E+00	0.0000000000000000E+00	0.0000000000000000E+00	0.0000000000000000E+00	0.0000000000000000E+00	0.0000000000000000E+00	
2.9879085910068848E-01	2.2883215027454229E-01	8.6349849232195242E-02	2.7523289010022511E-01	0.0000000000000000E+00	0.0000000000000000E+00	0.0000000000000000E+00	0.0000000000000000E+00	0.0000000000000000E+00	0.0000000000000000E+00	
2.7149822877385099E-01	1.9233552524500805E-01	6.9857035591477670E-02	2.1040677469622676E-01	1.8748312482864507E-01	0.0000000000000000E+00	0.0000000000000000E+00	0.0000000000000000E+00	0.0000000000000000E+00	0.0000000000000000E+00	
1.8234468524792402E-01	9.4540532749570083E-02	2.7804318223635632E-02	5.3168685200218890E-02	2.6488688224146184E-02	4.1018059145543656E-02	0.0000000000000000E+00	0.0000000000000000E+00	0.0000000000000000E+00	0.0000000000000000E+00	
2.3951667234259477E-01	1.2193150935501756E-01	3.5279830656148897E-02	6.4110407984206544E-02	2.8331862674610811E-02	1.2498566084876893E-02	1.7446870119865652E-02	0.0000000000000000E+00	0.0000000000000000E+00	0.0000000000000000E+00	
1.5882418252086980E-01	8.0211328740353499E-02	2.3039994358277086E-02	4.0878497627423391E-02	1.6944557221031969E-02	-3.5100139872875098E-03	-6.7977854045482636E-03	6.0457420040066501E-01	0.0000000000000000E+00	0.0000000000000000E+00	
1.8467480793499419E-01	9.3371054853781166E-02	2.6847612583443765E-02	4.7797484828862813E-02	2.0001983647584591E-02	-2.1635184910603119E-03	-4.9185939481674332E-03	4.5162411238039635E-01	1.8276505621016517E-01	0.0000000000000000E+00	

gamma1
0.0000000000000000E+00	0.0000000000000000E+00	1.0540422442099788E+00	5.2808063976336150E-01	1.2599166556744139E+00	7.3351401594047538E-01	4.0648902180764446E-02	2.7992962206695349E-01	-4.2571908204520903E-01	7.4701188386982897E-01	

gamma2
0.0000000000000000E+00	1.0000000000000000E+00	-3.7816010459534879E-02	2.9605550482703891E-01	-1.7798669977164872E-01	1.1647391569397372E-01	3.2047189227116818E-01	3.4412922328806006E-01	4.6038951873532641E-01	1.1656881637527031E-01	

gamma3
0.0000000000000000E+00	0.0000000000000000E+00	0.0000000000000000E+00	0.0000000000000000E+00	1.0407334906634207E-01	-2.6620085323467912E-03	1.1816764396788157E-01	-2.0798872926670497E-01	1.4803405820100871E-01	-7.0516709390304577E-02	

delta
1.0000000000000000E+00	4.2908370167199189E-01	1.6493955593418697E-01	4.5101721568617142E-01	2.6576011230002472E-01	3.1402697070259078E-01	7.2005622626609478E-02	7.8392954275278356E-02	0.0000000000000000E+00	

r
0.0000000000000000E+00	

errcoeff
8.9583952824004928E-03	

v
1.0000000000000000E+00	
1.0000000000000000E+00	
1.0000000000000000E+00	
1.0000000000000000E+00	
1.0000000000000000E+00	
1.0000000000000000E+00	
1.0000000000000000E+00	
1.0000000000000000E+00	
1.0000000000000000E+00	
1.0000000000000000E+00	

==============================================================

