#stage		 order
18	 		2


A
0.0000000000000000E+00	0.0000000000000000E+00	0.0000000000000000E+00	0.0000000000000000E+00	0.0000000000000000E+00	0.0000000000000000E+00	0.0000000000000000E+00	0.0000000000000000E+00	0.0000000000000000E+00	0.0000000000000000E+00	0.0000000000000000E+00	0.0000000000000000E+00	0.0000000000000000E+00	0.0000000000000000E+00	0.0000000000000000E+00	0.0000000000000000E+00	0.0000000000000000E+00	0.0000000000000000E+00	
6.1116677195722358E-01	0.0000000000000000E+00	0.0000000000000000E+00	0.0000000000000000E+00	0.0000000000000000E+00	0.0000000000000000E+00	0.0000000000000000E+00	0.0000000000000000E+00	0.0000000000000000E+00	0.0000000000000000E+00	0.0000000000000000E+00	0.0000000000000000E+00	0.0000000000000000E+00	0.0000000000000000E+00	0.0000000000000000E+00	0.0000000000000000E+00	0.0000000000000000E+00	0.0000000000000000E+00	
1.0875087261409944E-01	6.8409027977340142E-01	0.0000000000000000E+00	0.0000000000000000E+00	0.0000000000000000E+00	0.0000000000000000E+00	0.0000000000000000E+00	0.0000000000000000E+00	0.0000000000000000E+00	0.0000000000000000E+00	0.0000000000000000E+00	0.0000000000000000E+00	0.0000000000000000E+00	0.0000000000000000E+00	0.0000000000000000E+00	0.0000000000000000E+00	0.0000000000000000E+00	0.0000000000000000E+00	
9.5300568447005768E-02	7.7017510808040957E-01	4.2530698821227253E-01	0.0000000000000000E+00	0.0000000000000000E+00	0.0000000000000000E+00	0.0000000000000000E+00	0.0000000000000000E+00	0.0000000000000000E+00	0.0000000000000000E+00	0.0000000000000000E+00	0.0000000000000000E+00	0.0000000000000000E+00	0.0000000000000000E+00	0.0000000000000000E+00	0.0000000000000000E+00	0.0000000000000000E+00	0.0000000000000000E+00	
4.9936959822109564E-02	1.9438468428678468E-01	9.2514611545215175E-02	1.7824091924427715E-01	0.0000000000000000E+00	0.0000000000000000E+00	0.0000000000000000E+00	0.0000000000000000E+00	0.0000000000000000E+00	0.0000000000000000E+00	0.0000000000000000E+00	0.0000000000000000E+00	0.0000000000000000E+00	0.0000000000000000E+00	0.0000000000000000E+00	0.0000000000000000E+00	0.0000000000000000E+00	0.0000000000000000E+00	
1.5685727295196164E-01	1.4689140151796509E-01	1.6673952200838560E-03	-1.9321901935286678E-01	2.9621324550527750E-01	0.0000000000000000E+00	0.0000000000000000E+00	0.0000000000000000E+00	0.0000000000000000E+00	0.0000000000000000E+00	0.0000000000000000E+00	0.0000000000000000E+00	0.0000000000000000E+00	0.0000000000000000E+00	0.0000000000000000E+00	0.0000000000000000E+00	0.0000000000000000E+00	0.0000000000000000E+00	
7.4441650152577019E-02	1.3356479739196739E-01	4.0578616709775535E-02	1.2006560091297885E-02	-7.1075245275678406E-03	4.2055331071360047E-01	0.0000000000000000E+00	0.0000000000000000E+00	0.0000000000000000E+00	0.0000000000000000E+00	0.0000000000000000E+00	0.0000000000000000E+00	0.0000000000000000E+00	0.0000000000000000E+00	0.0000000000000000E+00	0.0000000000000000E+00	0.0000000000000000E+00	0.0000000000000000E+00	
1.5778240556352863E-01	2.5012285751962454E-01	6.5461948618974183E-02	-2.8104952628419732E-02	6.1200131559657700E-02	-4.7073982983983798E-02	2.7032108992162953E-03	0.0000000000000000E+00	0.0000000000000000E+00	0.0000000000000000E+00	0.0000000000000000E+00	0.0000000000000000E+00	0.0000000000000000E+00	0.0000000000000000E+00	0.0000000000000000E+00	0.0000000000000000E+00	0.0000000000000000E+00	0.0000000000000000E+00	
2.1913272541622852E-02	4.0015410366016781E-02	1.2380087860516897E-02	4.6682333862128247E-03	-3.7069794192040283E-03	1.4366745396024655E-01	-6.6799874374259566E-03	5.5374936549941556E-01	0.0000000000000000E+00	0.0000000000000000E+00	0.0000000000000000E+00	0.0000000000000000E+00	0.0000000000000000E+00	0.0000000000000000E+00	0.0000000000000000E+00	0.0000000000000000E+00	0.0000000000000000E+00	0.0000000000000000E+00	
2.0517151385016346E-02	3.2944168682381973E-02	8.7737515246591995E-03	-2.9731695944084356E-03	6.9876905195455684E-03	5.8201869242530549E-03	-2.0940032860275400E-04	2.2149689622706418E-02	7.5068425271510161E-03	0.0000000000000000E+00	0.0000000000000000E+00	0.0000000000000000E+00	0.0000000000000000E+00	0.0000000000000000E+00	0.0000000000000000E+00	0.0000000000000000E+00	0.0000000000000000E+00	0.0000000000000000E+00	
5.2731807292920307E-01	8.4439827022971903E-01	2.2405727816941867E-01	-8.0167230628548872E-02	1.8493728913216284E-01	8.3823142290865280E-02	-2.2928383387181691E-03	3.1565426403749142E-01	-3.2008930579423084E-02	-2.4911129216328955E-02	0.0000000000000000E+00	0.0000000000000000E+00	0.0000000000000000E+00	0.0000000000000000E+00	0.0000000000000000E+00	0.0000000000000000E+00	0.0000000000000000E+00	0.0000000000000000E+00	
1.5448888217456999E-01	2.4749266035264494E-01	6.5709876080621607E-02	-2.3310472035667346E-02	5.3930332672190689E-02	2.7645402488546394E-02	-8.1676796186483294E-04	1.0438534379298769E-01	1.1836896491599358E-03	7.3850034254432061E-05	-4.7988079151601332E-05	0.0000000000000000E+00	0.0000000000000000E+00	0.0000000000000000E+00	0.0000000000000000E+00	0.0000000000000000E+00	0.0000000000000000E+00	0.0000000000000000E+00	
1.4990364567342562E-01	2.3980856946390305E-01	6.3548682492405972E-02	-2.3168379677933233E-02	5.3112590692226763E-02	1.7190976610711950E-02	-3.4000372560127152E-04	6.4133183025345403E-02	-3.1804382840778744E-02	-2.2930263414110447E-02	3.1946712986184560E-04	1.8600298398400070E-01	0.0000000000000000E+00	0.0000000000000000E+00	0.0000000000000000E+00	0.0000000000000000E+00	0.0000000000000000E+00	0.0000000000000000E+00	
2.6609762556042682E-01	4.2788125148129419E-01	1.1417217711577760E-01	-3.7567978730876569E-02	8.9213437633911236E-02	9.2879214769033575E-02	-3.5328586767000231E-03	3.5435300921850882E-01	1.5685721697405844E-01	1.0819404757701936E-01	-1.8023305432335120E-03	-1.0453863637470366E+00	4.3583812417967432E-01	0.0000000000000000E+00	0.0000000000000000E+00	0.0000000000000000E+00	0.0000000000000000E+00	0.0000000000000000E+00	
-3.2176429574794263E-01	-5.2368804214272902E-01	-1.4197941744545667E-01	3.5202283999192396E-02	-9.3315561297453498E-02	-2.9148558182264189E-01	1.2688165396336638E-02	-1.1194914645930281E+00	-8.0254681966252173E-01	-5.5862935168189098E-01	8.9870018306748688E-03	5.2162340546444232E+00	-2.1310609041051514E+00	5.8169098572412758E-01	0.0000000000000000E+00	0.0000000000000000E+00	0.0000000000000000E+00	0.0000000000000000E+00	
5.7415425394918373E-01	9.2760106151847077E-01	2.4906974739398796E-01	-7.3963865760227190E-02	1.8238907569753648E-01	3.2475079380698590E-01	-1.3463592738718271E-02	1.2441359460237162E+00	7.6377872343289432E-01	5.3033912415308160E-01	-8.6132964678832524E-03	-4.9983760617934987E+00	2.0535957325729175E+00	-5.5564809500766110E-01	4.6146614442840894E-01	0.0000000000000000E+00	0.0000000000000000E+00	0.0000000000000000E+00	
1.1937480454062732E-01	1.9111935830123766E-01	5.0699643550037685E-02	-1.8207434258568217E-02	4.1950448662494366E-02	1.7940410204796975E-02	-4.7041299187545928E-04	6.7464414789236815E-02	-1.0788358713766988E-02	-8.1119062808849840E-03	9.2912533601097885E-05	5.4367794462896413E-02	-1.6884093061288130E-02	6.8700336201245604E-03	2.9335662588202915E-02	6.8529541257863048E-04	0.0000000000000000E+00	0.0000000000000000E+00	
2.1428897943868941E-01	3.4280271935268569E-01	9.0839595102788911E-02	-3.3129824535060338E-02	7.5939811036209851E-02	2.4393147484715411E-02	-4.7751145514100693E-04	9.0978954638095161E-02	-4.6085726476308778E-02	-3.3212544540501904E-02	4.6357975995845320E-04	2.6989792303734567E-01	-1.0024035468256269E-01	3.1616673649078358E-02	4.2165559008311475E-02	-2.6519944723746034E-03	7.5766757177322466E-02	0.0000000000000000E+00	

b
1.8381370434554911E-01	
2.9406362150365839E-01	
7.7928783769136145E-02	
-2.8397355239436591E-02	
6.5110228707515608E-02	
2.1290046161164474E-02	
-4.2679298161484502E-04	
7.9451780376206205E-02	
-3.8279736669959513E-02	
-2.7615360548463530E-02	
3.8374599872242714E-04	
2.2344142381012544E-01	
-8.2708135402535937E-02	
2.6216771179203010E-02	
3.6660651047290681E-02	
-2.0929511314286375E-03	
5.9887029734753260E-02	
1.1127254534011519E-01	

c
0.0000000000000000E+00	
6.1116677195722358E-01	
7.9284115238750086E-01	
1.2907826647396878E+00	
5.1507717489838656E-01	
4.0841029584242128E-01	
6.7403741053165045E-01	
4.6209161854859787E-01	
7.6600685675740143E-01	
1.0151691126270238E-01	
2.0408081880258409E+00	
6.3073480916829194E-01	
6.9577706941345774E-01	
9.5719657281185744E-01	
-1.2915894690406093E-01	
1.6612156912091938E+00	
5.2543857335945077E-01	
1.0433557435232517E+00	

alpha
0.0000000000000000E+00	0.0000000000000000E+00	0.0000000000000000E+00	0.0000000000000000E+00	0.0000000000000000E+00	0.0000000000000000E+00	0.0000000000000000E+00	0.0000000000000000E+00	0.0000000000000000E+00	0.0000000000000000E+00	0.0000000000000000E+00	0.0000000000000000E+00	0.0000000000000000E+00	0.0000000000000000E+00	0.0000000000000000E+00	0.0000000000000000E+00	0.0000000000000000E+00	0.0000000000000000E+00	0.0000000000000000E+00	
0.0000000000000000E+00	0.0000000000000000E+00	0.0000000000000000E+00	0.0000000000000000E+00	0.0000000000000000E+00	0.0000000000000000E+00	0.0000000000000000E+00	0.0000000000000000E+00	0.0000000000000000E+00	0.0000000000000000E+00	0.0000000000000000E+00	0.0000000000000000E+00	0.0000000000000000E+00	0.0000000000000000E+00	0.0000000000000000E+00	0.0000000000000000E+00	0.0000000000000000E+00	0.0000000000000000E+00	0.0000000000000000E+00	
0.0000000000000000E+00	0.0000000000000000E+00	0.0000000000000000E+00	0.0000000000000000E+00	0.0000000000000000E+00	0.0000000000000000E+00	0.0000000000000000E+00	0.0000000000000000E+00	0.0000000000000000E+00	0.0000000000000000E+00	0.0000000000000000E+00	0.0000000000000000E+00	0.0000000000000000E+00	0.0000000000000000E+00	0.0000000000000000E+00	0.0000000000000000E+00	0.0000000000000000E+00	0.0000000000000000E+00	0.0000000000000000E+00	
0.0000000000000000E+00	0.0000000000000000E+00	0.0000000000000000E+00	0.0000000000000000E+00	0.0000000000000000E+00	0.0000000000000000E+00	0.0000000000000000E+00	0.0000000000000000E+00	0.0000000000000000E+00	0.0000000000000000E+00	0.0000000000000000E+00	0.0000000000000000E+00	0.0000000000000000E+00	0.0000000000000000E+00	0.0000000000000000E+00	0.0000000000000000E+00	0.0000000000000000E+00	0.0000000000000000E+00	0.0000000000000000E+00	
0.0000000000000000E+00	0.0000000000000000E+00	0.0000000000000000E+00	0.0000000000000000E+00	0.0000000000000000E+00	0.0000000000000000E+00	0.0000000000000000E+00	0.0000000000000000E+00	0.0000000000000000E+00	0.0000000000000000E+00	0.0000000000000000E+00	0.0000000000000000E+00	0.0000000000000000E+00	0.0000000000000000E+00	0.0000000000000000E+00	0.0000000000000000E+00	0.0000000000000000E+00	0.0000000000000000E+00	0.0000000000000000E+00	
0.0000000000000000E+00	0.0000000000000000E+00	0.0000000000000000E+00	-0.0000000000000000E+00	0.0000000000000000E+00	0.0000000000000000E+00	0.0000000000000000E+00	0.0000000000000000E+00	0.0000000000000000E+00	0.0000000000000000E+00	0.0000000000000000E+00	0.0000000000000000E+00	0.0000000000000000E+00	0.0000000000000000E+00	0.0000000000000000E+00	0.0000000000000000E+00	0.0000000000000000E+00	0.0000000000000000E+00	0.0000000000000000E+00	
0.0000000000000000E+00	0.0000000000000000E+00	0.0000000000000000E+00	0.0000000000000000E+00	-0.0000000000000000E+00	0.0000000000000000E+00	0.0000000000000000E+00	0.0000000000000000E+00	0.0000000000000000E+00	0.0000000000000000E+00	0.0000000000000000E+00	0.0000000000000000E+00	0.0000000000000000E+00	0.0000000000000000E+00	0.0000000000000000E+00	0.0000000000000000E+00	0.0000000000000000E+00	0.0000000000000000E+00	0.0000000000000000E+00	
0.0000000000000000E+00	0.0000000000000000E+00	0.0000000000000000E+00	-0.0000000000000000E+00	0.0000000000000000E+00	-0.0000000000000000E+00	0.0000000000000000E+00	0.0000000000000000E+00	0.0000000000000000E+00	0.0000000000000000E+00	0.0000000000000000E+00	0.0000000000000000E+00	0.0000000000000000E+00	0.0000000000000000E+00	0.0000000000000000E+00	0.0000000000000000E+00	0.0000000000000000E+00	0.0000000000000000E+00	0.0000000000000000E+00	
0.0000000000000000E+00	0.0000000000000000E+00	0.0000000000000000E+00	0.0000000000000000E+00	-0.0000000000000000E+00	0.0000000000000000E+00	-0.0000000000000000E+00	0.0000000000000000E+00	0.0000000000000000E+00	0.0000000000000000E+00	0.0000000000000000E+00	0.0000000000000000E+00	0.0000000000000000E+00	0.0000000000000000E+00	0.0000000000000000E+00	0.0000000000000000E+00	0.0000000000000000E+00	0.0000000000000000E+00	0.0000000000000000E+00	
0.0000000000000000E+00	0.0000000000000000E+00	0.0000000000000000E+00	-0.0000000000000000E+00	0.0000000000000000E+00	0.0000000000000000E+00	-0.0000000000000000E+00	0.0000000000000000E+00	0.0000000000000000E+00	0.0000000000000000E+00	0.0000000000000000E+00	0.0000000000000000E+00	0.0000000000000000E+00	0.0000000000000000E+00	0.0000000000000000E+00	0.0000000000000000E+00	0.0000000000000000E+00	0.0000000000000000E+00	0.0000000000000000E+00	
0.0000000000000000E+00	0.0000000000000000E+00	0.0000000000000000E+00	-0.0000000000000000E+00	0.0000000000000000E+00	0.0000000000000000E+00	-0.0000000000000000E+00	0.0000000000000000E+00	-0.0000000000000000E+00	-0.0000000000000000E+00	0.0000000000000000E+00	0.0000000000000000E+00	0.0000000000000000E+00	0.0000000000000000E+00	0.0000000000000000E+00	0.0000000000000000E+00	0.0000000000000000E+00	0.0000000000000000E+00	0.0000000000000000E+00	
0.0000000000000000E+00	0.0000000000000000E+00	0.0000000000000000E+00	-0.0000000000000000E+00	0.0000000000000000E+00	0.0000000000000000E+00	-0.0000000000000000E+00	0.0000000000000000E+00	0.0000000000000000E+00	0.0000000000000000E+00	-0.0000000000000000E+00	0.0000000000000000E+00	0.0000000000000000E+00	0.0000000000000000E+00	0.0000000000000000E+00	0.0000000000000000E+00	0.0000000000000000E+00	0.0000000000000000E+00	0.0000000000000000E+00	
0.0000000000000000E+00	0.0000000000000000E+00	0.0000000000000000E+00	-0.0000000000000000E+00	0.0000000000000000E+00	0.0000000000000000E+00	-0.0000000000000000E+00	0.0000000000000000E+00	-0.0000000000000000E+00	-0.0000000000000000E+00	0.0000000000000000E+00	0.0000000000000000E+00	0.0000000000000000E+00	0.0000000000000000E+00	0.0000000000000000E+00	0.0000000000000000E+00	0.0000000000000000E+00	0.0000000000000000E+00	0.0000000000000000E+00	
0.0000000000000000E+00	0.0000000000000000E+00	0.0000000000000000E+00	-0.0000000000000000E+00	0.0000000000000000E+00	0.0000000000000000E+00	-0.0000000000000000E+00	0.0000000000000000E+00	0.0000000000000000E+00	0.0000000000000000E+00	-0.0000000000000000E+00	-0.0000000000000000E+00	0.0000000000000000E+00	0.0000000000000000E+00	0.0000000000000000E+00	0.0000000000000000E+00	0.0000000000000000E+00	0.0000000000000000E+00	0.0000000000000000E+00	
-0.0000000000000000E+00	-0.0000000000000000E+00	-0.0000000000000000E+00	0.0000000000000000E+00	-0.0000000000000000E+00	-0.0000000000000000E+00	0.0000000000000000E+00	-0.0000000000000000E+00	-0.0000000000000000E+00	-0.0000000000000000E+00	0.0000000000000000E+00	0.0000000000000000E+00	-0.0000000000000000E+00	0.0000000000000000E+00	0.0000000000000000E+00	0.0000000000000000E+00	0.0000000000000000E+00	0.0000000000000000E+00	0.0000000000000000E+00	
0.0000000000000000E+00	0.0000000000000000E+00	0.0000000000000000E+00	-0.0000000000000000E+00	0.0000000000000000E+00	0.0000000000000000E+00	-0.0000000000000000E+00	0.0000000000000000E+00	0.0000000000000000E+00	0.0000000000000000E+00	-0.0000000000000000E+00	-0.0000000000000000E+00	0.0000000000000000E+00	-0.0000000000000000E+00	0.0000000000000000E+00	0.0000000000000000E+00	0.0000000000000000E+00	0.0000000000000000E+00	0.0000000000000000E+00	
0.0000000000000000E+00	0.0000000000000000E+00	0.0000000000000000E+00	-0.0000000000000000E+00	0.0000000000000000E+00	0.0000000000000000E+00	-0.0000000000000000E+00	0.0000000000000000E+00	-0.0000000000000000E+00	-0.0000000000000000E+00	0.0000000000000000E+00	0.0000000000000000E+00	-0.0000000000000000E+00	0.0000000000000000E+00	0.0000000000000000E+00	0.0000000000000000E+00	0.0000000000000000E+00	0.0000000000000000E+00	0.0000000000000000E+00	
0.0000000000000000E+00	0.0000000000000000E+00	0.0000000000000000E+00	-0.0000000000000000E+00	0.0000000000000000E+00	0.0000000000000000E+00	-0.0000000000000000E+00	0.0000000000000000E+00	-0.0000000000000000E+00	-0.0000000000000000E+00	0.0000000000000000E+00	0.0000000000000000E+00	-0.0000000000000000E+00	0.0000000000000000E+00	0.0000000000000000E+00	-0.0000000000000000E+00	0.0000000000000000E+00	0.0000000000000000E+00	0.0000000000000000E+00	
0.0000000000000000E+00	0.0000000000000000E+00	0.0000000000000000E+00	-0.0000000000000000E+00	0.0000000000000000E+00	0.0000000000000000E+00	-0.0000000000000000E+00	0.0000000000000000E+00	-0.0000000000000000E+00	-0.0000000000000000E+00	0.0000000000000000E+00	0.0000000000000000E+00	-0.0000000000000000E+00	0.0000000000000000E+00	0.0000000000000000E+00	-0.0000000000000000E+00	0.0000000000000000E+00	0.0000000000000000E+00	0.0000000000000000E+00	

beta
0.0000000000000000E+00	0.0000000000000000E+00	0.0000000000000000E+00	0.0000000000000000E+00	0.0000000000000000E+00	0.0000000000000000E+00	0.0000000000000000E+00	0.0000000000000000E+00	0.0000000000000000E+00	0.0000000000000000E+00	0.0000000000000000E+00	0.0000000000000000E+00	0.0000000000000000E+00	0.0000000000000000E+00	0.0000000000000000E+00	0.0000000000000000E+00	0.0000000000000000E+00	0.0000000000000000E+00	0.0000000000000000E+00	
6.1116677195722358E-01	0.0000000000000000E+00	0.0000000000000000E+00	0.0000000000000000E+00	0.0000000000000000E+00	0.0000000000000000E+00	0.0000000000000000E+00	0.0000000000000000E+00	0.0000000000000000E+00	0.0000000000000000E+00	0.0000000000000000E+00	0.0000000000000000E+00	0.0000000000000000E+00	0.0000000000000000E+00	0.0000000000000000E+00	0.0000000000000000E+00	0.0000000000000000E+00	0.0000000000000000E+00	0.0000000000000000E+00	
1.0875087261409944E-01	6.8409027977340142E-01	0.0000000000000000E+00	0.0000000000000000E+00	0.0000000000000000E+00	0.0000000000000000E+00	0.0000000000000000E+00	0.0000000000000000E+00	0.0000000000000000E+00	0.0000000000000000E+00	0.0000000000000000E+00	0.0000000000000000E+00	0.0000000000000000E+00	0.0000000000000000E+00	0.0000000000000000E+00	0.0000000000000000E+00	0.0000000000000000E+00	0.0000000000000000E+00	0.0000000000000000E+00	
9.5300568447005768E-02	7.7017510808040957E-01	4.2530698821227253E-01	0.0000000000000000E+00	0.0000000000000000E+00	0.0000000000000000E+00	0.0000000000000000E+00	0.0000000000000000E+00	0.0000000000000000E+00	0.0000000000000000E+00	0.0000000000000000E+00	0.0000000000000000E+00	0.0000000000000000E+00	0.0000000000000000E+00	0.0000000000000000E+00	0.0000000000000000E+00	0.0000000000000000E+00	0.0000000000000000E+00	0.0000000000000000E+00	
4.9936959822109564E-02	1.9438468428678468E-01	9.2514611545215175E-02	1.7824091924427715E-01	0.0000000000000000E+00	0.0000000000000000E+00	0.0000000000000000E+00	0.0000000000000000E+00	0.0000000000000000E+00	0.0000000000000000E+00	0.0000000000000000E+00	0.0000000000000000E+00	0.0000000000000000E+00	0.0000000000000000E+00	0.0000000000000000E+00	0.0000000000000000E+00	0.0000000000000000E+00	0.0000000000000000E+00	0.0000000000000000E+00	
1.5685727295196164E-01	1.4689140151796509E-01	1.6673952200838560E-03	-1.9321901935286678E-01	2.9621324550527750E-01	0.0000000000000000E+00	0.0000000000000000E+00	0.0000000000000000E+00	0.0000000000000000E+00	0.0000000000000000E+00	0.0000000000000000E+00	0.0000000000000000E+00	0.0000000000000000E+00	0.0000000000000000E+00	0.0000000000000000E+00	0.0000000000000000E+00	0.0000000000000000E+00	0.0000000000000000E+00	0.0000000000000000E+00	
7.4441650152577019E-02	1.3356479739196739E-01	4.0578616709775535E-02	1.2006560091297885E-02	-7.1075245275678406E-03	4.2055331071360047E-01	0.0000000000000000E+00	0.0000000000000000E+00	0.0000000000000000E+00	0.0000000000000000E+00	0.0000000000000000E+00	0.0000000000000000E+00	0.0000000000000000E+00	0.0000000000000000E+00	0.0000000000000000E+00	0.0000000000000000E+00	0.0000000000000000E+00	0.0000000000000000E+00	0.0000000000000000E+00	
1.5778240556352863E-01	2.5012285751962454E-01	6.5461948618974183E-02	-2.8104952628419732E-02	6.1200131559657700E-02	-4.7073982983983798E-02	2.7032108992162953E-03	0.0000000000000000E+00	0.0000000000000000E+00	0.0000000000000000E+00	0.0000000000000000E+00	0.0000000000000000E+00	0.0000000000000000E+00	0.0000000000000000E+00	0.0000000000000000E+00	0.0000000000000000E+00	0.0000000000000000E+00	0.0000000000000000E+00	0.0000000000000000E+00	
2.1913272541622852E-02	4.0015410366016781E-02	1.2380087860516897E-02	4.6682333862128247E-03	-3.7069794192040283E-03	1.4366745396024655E-01	-6.6799874374259566E-03	5.5374936549941556E-01	0.0000000000000000E+00	0.0000000000000000E+00	0.0000000000000000E+00	0.0000000000000000E+00	0.0000000000000000E+00	0.0000000000000000E+00	0.0000000000000000E+00	0.0000000000000000E+00	0.0000000000000000E+00	0.0000000000000000E+00	0.0000000000000000E+00	
2.0517151385016346E-02	3.2944168682381973E-02	8.7737515246591995E-03	-2.9731695944084356E-03	6.9876905195455684E-03	5.8201869242530549E-03	-2.0940032860275400E-04	2.2149689622706418E-02	7.5068425271510161E-03	0.0000000000000000E+00	0.0000000000000000E+00	0.0000000000000000E+00	0.0000000000000000E+00	0.0000000000000000E+00	0.0000000000000000E+00	0.0000000000000000E+00	0.0000000000000000E+00	0.0000000000000000E+00	0.0000000000000000E+00	
5.2731807292920307E-01	8.4439827022971903E-01	2.2405727816941867E-01	-8.0167230628548872E-02	1.8493728913216284E-01	8.3823142290865280E-02	-2.2928383387181691E-03	3.1565426403749142E-01	-3.2008930579423084E-02	-2.4911129216328955E-02	0.0000000000000000E+00	0.0000000000000000E+00	0.0000000000000000E+00	0.0000000000000000E+00	0.0000000000000000E+00	0.0000000000000000E+00	0.0000000000000000E+00	0.0000000000000000E+00	0.0000000000000000E+00	
1.5448888217456999E-01	2.4749266035264494E-01	6.5709876080621607E-02	-2.3310472035667346E-02	5.3930332672190689E-02	2.7645402488546394E-02	-8.1676796186483294E-04	1.0438534379298769E-01	1.1836896491599358E-03	7.3850034254432061E-05	-4.7988079151601332E-05	0.0000000000000000E+00	0.0000000000000000E+00	0.0000000000000000E+00	0.0000000000000000E+00	0.0000000000000000E+00	0.0000000000000000E+00	0.0000000000000000E+00	0.0000000000000000E+00	
1.4990364567342562E-01	2.3980856946390305E-01	6.3548682492405972E-02	-2.3168379677933233E-02	5.3112590692226763E-02	1.7190976610711950E-02	-3.4000372560127152E-04	6.4133183025345403E-02	-3.1804382840778744E-02	-2.2930263414110447E-02	3.1946712986184560E-04	1.8600298398400070E-01	0.0000000000000000E+00	0.0000000000000000E+00	0.0000000000000000E+00	0.0000000000000000E+00	0.0000000000000000E+00	0.0000000000000000E+00	0.0000000000000000E+00	
2.6609762556042682E-01	4.2788125148129419E-01	1.1417217711577760E-01	-3.7567978730876569E-02	8.9213437633911236E-02	9.2879214769033575E-02	-3.5328586767000231E-03	3.5435300921850882E-01	1.5685721697405844E-01	1.0819404757701936E-01	-1.8023305432335120E-03	-1.0453863637470366E+00	4.3583812417967432E-01	0.0000000000000000E+00	0.0000000000000000E+00	0.0000000000000000E+00	0.0000000000000000E+00	0.0000000000000000E+00	0.0000000000000000E+00	
-3.2176429574794263E-01	-5.2368804214272902E-01	-1.4197941744545667E-01	3.5202283999192396E-02	-9.3315561297453498E-02	-2.9148558182264189E-01	1.2688165396336638E-02	-1.1194914645930281E+00	-8.0254681966252173E-01	-5.5862935168189098E-01	8.9870018306748688E-03	5.2162340546444232E+00	-2.1310609041051514E+00	5.8169098572412758E-01	0.0000000000000000E+00	0.0000000000000000E+00	0.0000000000000000E+00	0.0000000000000000E+00	0.0000000000000000E+00	
5.7415425394918373E-01	9.2760106151847077E-01	2.4906974739398796E-01	-7.3963865760227190E-02	1.8238907569753648E-01	3.2475079380698590E-01	-1.3463592738718271E-02	1.2441359460237162E+00	7.6377872343289432E-01	5.3033912415308160E-01	-8.6132964678832524E-03	-4.9983760617934987E+00	2.0535957325729175E+00	-5.5564809500766110E-01	4.6146614442840894E-01	0.0000000000000000E+00	0.0000000000000000E+00	0.0000000000000000E+00	0.0000000000000000E+00	
1.1937480454062732E-01	1.9111935830123766E-01	5.0699643550037685E-02	-1.8207434258568217E-02	4.1950448662494366E-02	1.7940410204796975E-02	-4.7041299187545928E-04	6.7464414789236815E-02	-1.0788358713766988E-02	-8.1119062808849840E-03	9.2912533601097885E-05	5.4367794462896413E-02	-1.6884093061288130E-02	6.8700336201245604E-03	2.9335662588202915E-02	6.8529541257863048E-04	0.0000000000000000E+00	0.0000000000000000E+00	0.0000000000000000E+00	
2.1428897943868941E-01	3.4280271935268569E-01	9.0839595102788911E-02	-3.3129824535060338E-02	7.5939811036209851E-02	2.4393147484715411E-02	-4.7751145514100693E-04	9.0978954638095161E-02	-4.6085726476308778E-02	-3.3212544540501904E-02	4.6357975995845320E-04	2.6989792303734567E-01	-1.0024035468256269E-01	3.1616673649078358E-02	4.2165559008311475E-02	-2.6519944723746034E-03	7.5766757177322466E-02	0.0000000000000000E+00	0.0000000000000000E+00	
1.8381370434554911E-01	2.9406362150365839E-01	7.7928783769136145E-02	-2.8397355239436591E-02	6.5110228707515608E-02	2.1290046161164474E-02	-4.2679298161484502E-04	7.9451780376206205E-02	-3.8279736669959513E-02	-2.7615360548463530E-02	3.8374599872242714E-04	2.2344142381012544E-01	-8.2708135402535937E-02	2.6216771179203010E-02	3.6660651047290681E-02	-2.0929511314286375E-03	5.9887029734753260E-02	1.1127254534011519E-01	0.0000000000000000E+00	

gamma1
0.0000000000000000E+00	0.0000000000000000E+00	-2.7023342821526208E-01	1.1685506310136429E+00	1.8031061488650546E-01	-1.1986179080692114E+00	-1.4289462414096765E-01	-1.3846988098762170E-01	-3.0123893793315992E+00	1.5699050096603329E-02	-4.8464963272652115E+00	-2.0280186814611967E-01	-6.8117974965317707E+00	-6.3178548880804364E+00	-5.0471757152572776E+00	-1.1374260738915956E+00	5.6260970452363113E-03	-4.0988320824019011E+00	7.9041299860036618E-01	

gamma2
0.0000000000000000E+00	1.0000000000000000E+00	8.2206023363176051E-01	-8.1439162805188342E-02	7.4844239483900787E-02	4.8213312376435852E-01	1.7398805306214099E-01	2.9840275299591396E-01	7.3107414978436325E-01	2.8878350533819618E-02	8.8010535442142268E-01	2.1913261088078492E-01	9.8771869676077839E-01	9.1077605123892280E-01	7.3523106639537750E-01	1.9206976208640883E-01	7.6465333224211229E-02	4.4521978717284599E-01	9.1354794367130652E-03	

gamma3
0.0000000000000000E+00	0.0000000000000000E+00	0.0000000000000000E+00	0.0000000000000000E+00	6.2757424188775401E-01	8.4646170837846446E-01	5.3604012652800503E-01	7.1131799738795007E-02	8.5619744984999258E-01	8.3532695464920659E-01	7.2379065120760189E-01	-2.7250988371167884E-01	1.0073958747593081E+00	3.4592347783855432E-01	2.6142376777424664E-01	4.4377490702254996E-01	2.6216608900755284E-01	6.0657218777654520E-01	1.1741017306880241E-01	

delta
1.0000000000000000E+00	5.4518291512962225E-01	5.2446791633625223E-01	4.9721529678257992E-01	2.3766260674800302E-01	6.8338027330896001E-01	8.8928237775357563E-02	7.4036085265182605E-01	8.4147587330488371E-01	6.6188563519868870E-01	9.1194700566780273E-01	1.5650100038458817E-01	7.6592731913308587E-01	2.1436250606782586E-01	9.4859845762300732E-01	7.5778739817507523E-01	5.1429928072621189E-01	0.0000000000000000E+00	

r
0.0000000000000000E+00	

errcoeff
2.2803492279806175E-03	

v
1.0000000000000000E+00	
1.0000000000000000E+00	
1.0000000000000000E+00	
1.0000000000000000E+00	
1.0000000000000000E+00	
1.0000000000000000E+00	
1.0000000000000000E+00	
1.0000000000000000E+00	
1.0000000000000000E+00	
1.0000000000000000E+00	
1.0000000000000000E+00	
1.0000000000000000E+00	
1.0000000000000000E+00	
1.0000000000000000E+00	
1.0000000000000000E+00	
1.0000000000000000E+00	
1.0000000000000000E+00	
1.0000000000000000E+00	
1.0000000000000000E+00	

==============================================================

