#stage		 order
5	 		2


A
0.0000000000000000E+00	0.0000000000000000E+00	0.0000000000000000E+00	0.0000000000000000E+00	0.0000000000000000E+00	
5.4265101426386897E-01	0.0000000000000000E+00	0.0000000000000000E+00	0.0000000000000000E+00	0.0000000000000000E+00	
3.6555252441057251E-01	8.5548194829603741E-01	0.0000000000000000E+00	0.0000000000000000E+00	0.0000000000000000E+00	
3.7113828966854701E-01	8.6996222234578791E-01	4.6920048814338039E-01	0.0000000000000000E+00	0.0000000000000000E+00	
1.2246456760047941E-01	2.8225745503288469E-01	1.4039552745393569E-01	2.3915687596246481E-02	0.0000000000000000E+00	

b
1.9692681204987883E-01	
4.1799677536214253E-01	
1.1800818547332326E-01	
-2.0055884643241345E-02	
2.8712411175789565E-01	

c
0.0000000000000000E+00	
5.4265101426386897E-01	
1.2210344727066098E+00	
1.7103010001577152E+00	
5.6903323768354630E-01	

alpha
0.0000000000000000E+00	0.0000000000000000E+00	0.0000000000000000E+00	0.0000000000000000E+00	0.0000000000000000E+00	0.0000000000000000E+00	
0.0000000000000000E+00	0.0000000000000000E+00	0.0000000000000000E+00	0.0000000000000000E+00	0.0000000000000000E+00	0.0000000000000000E+00	
0.0000000000000000E+00	0.0000000000000000E+00	0.0000000000000000E+00	0.0000000000000000E+00	0.0000000000000000E+00	0.0000000000000000E+00	
0.0000000000000000E+00	0.0000000000000000E+00	0.0000000000000000E+00	0.0000000000000000E+00	0.0000000000000000E+00	0.0000000000000000E+00	
0.0000000000000000E+00	0.0000000000000000E+00	0.0000000000000000E+00	0.0000000000000000E+00	0.0000000000000000E+00	0.0000000000000000E+00	
0.0000000000000000E+00	0.0000000000000000E+00	0.0000000000000000E+00	-0.0000000000000000E+00	0.0000000000000000E+00	0.0000000000000000E+00	

beta
0.0000000000000000E+00	0.0000000000000000E+00	0.0000000000000000E+00	0.0000000000000000E+00	0.0000000000000000E+00	0.0000000000000000E+00	
5.4265101426386897E-01	0.0000000000000000E+00	0.0000000000000000E+00	0.0000000000000000E+00	0.0000000000000000E+00	0.0000000000000000E+00	
3.6555252441057251E-01	8.5548194829603741E-01	0.0000000000000000E+00	0.0000000000000000E+00	0.0000000000000000E+00	0.0000000000000000E+00	
3.7113828966854701E-01	8.6996222234578791E-01	4.6920048814338039E-01	0.0000000000000000E+00	0.0000000000000000E+00	0.0000000000000000E+00	
1.2246456760047941E-01	2.8225745503288469E-01	1.4039552745393569E-01	2.3915687596246481E-02	0.0000000000000000E+00	0.0000000000000000E+00	
1.9692681204987883E-01	4.1799677536214253E-01	1.1800818547332326E-01	-2.0055884643241345E-02	2.8712411175789565E-01	0.0000000000000000E+00	

gamma1
0.0000000000000000E+00	0.0000000000000000E+00	6.5076262713394284E-01	1.0245141456412830E+00	2.4855129750230079E-01	-8.3860790380909223E-01	

gamma2
0.0000000000000000E+00	1.0000000000000000E+00	3.2635798183025366E-01	-1.5817558803988992E-02	5.3475059233364028E-02	5.3023782066724912E-01	

gamma3
0.0000000000000000E+00	0.0000000000000000E+00	0.0000000000000000E+00	0.0000000000000000E+00	6.1790114577946487E-01	5.1440244345250796E-01	

delta
1.0000000000000000E+00	7.0105198308597003E-02	4.7970068166706786E-01	9.4757436855170241E-01	0.0000000000000000E+00	

r
0.0000000000000000E+00	

errcoeff
2.7898945085735708E-02	

v
1.0000000000000000E+00	
1.0000000000000000E+00	
1.0000000000000000E+00	
1.0000000000000000E+00	
1.0000000000000000E+00	
1.0000000000000000E+00	

==============================================================

