#stage		 order
15	 		2


A
0.0000000000000000E+00	0.0000000000000000E+00	0.0000000000000000E+00	0.0000000000000000E+00	0.0000000000000000E+00	0.0000000000000000E+00	0.0000000000000000E+00	0.0000000000000000E+00	0.0000000000000000E+00	0.0000000000000000E+00	0.0000000000000000E+00	0.0000000000000000E+00	0.0000000000000000E+00	0.0000000000000000E+00	0.0000000000000000E+00	
-5.9685813682507562E-02	0.0000000000000000E+00	0.0000000000000000E+00	0.0000000000000000E+00	0.0000000000000000E+00	0.0000000000000000E+00	0.0000000000000000E+00	0.0000000000000000E+00	0.0000000000000000E+00	0.0000000000000000E+00	0.0000000000000000E+00	0.0000000000000000E+00	0.0000000000000000E+00	0.0000000000000000E+00	0.0000000000000000E+00	
1.3036587707839560E-02	-9.5866447092416585E-01	0.0000000000000000E+00	0.0000000000000000E+00	0.0000000000000000E+00	0.0000000000000000E+00	0.0000000000000000E+00	0.0000000000000000E+00	0.0000000000000000E+00	0.0000000000000000E+00	0.0000000000000000E+00	0.0000000000000000E+00	0.0000000000000000E+00	0.0000000000000000E+00	0.0000000000000000E+00	
1.2886937446123549E-03	-5.3291394080210219E-02	1.0004682471032036E+00	0.0000000000000000E+00	0.0000000000000000E+00	0.0000000000000000E+00	0.0000000000000000E+00	0.0000000000000000E+00	0.0000000000000000E+00	0.0000000000000000E+00	0.0000000000000000E+00	0.0000000000000000E+00	0.0000000000000000E+00	0.0000000000000000E+00	0.0000000000000000E+00	
-1.0352876773340559E-02	7.9721523118498794E-01	-8.1971694255317507E-01	-1.7475610930006442E+00	0.0000000000000000E+00	0.0000000000000000E+00	0.0000000000000000E+00	0.0000000000000000E+00	0.0000000000000000E+00	0.0000000000000000E+00	0.0000000000000000E+00	0.0000000000000000E+00	0.0000000000000000E+00	0.0000000000000000E+00	0.0000000000000000E+00	
-1.6125952982682597E-02	1.2264627325735615E+00	-1.5760832294393077E+00	-1.3679365698007329E+00	-1.1461525639206898E+00	0.0000000000000000E+00	0.0000000000000000E+00	0.0000000000000000E+00	0.0000000000000000E+00	0.0000000000000000E+00	0.0000000000000000E+00	0.0000000000000000E+00	0.0000000000000000E+00	0.0000000000000000E+00	0.0000000000000000E+00	
-1.2050226875033414E-03	9.1243682601677589E-02	-1.2568532322772089E-01	-6.6422490107456114E-02	-6.0514992836213644E-08	3.3913094425631321E-10	0.0000000000000000E+00	0.0000000000000000E+00	0.0000000000000000E+00	0.0000000000000000E+00	0.0000000000000000E+00	0.0000000000000000E+00	0.0000000000000000E+00	0.0000000000000000E+00	0.0000000000000000E+00	
2.3567939414344957E-04	-1.7828139925545827E-02	2.4921505812217935E-02	1.1453179044986828E-02	-3.6792132622595719E-03	3.4891739654956478E-10	9.6785657192323793E-02	0.0000000000000000E+00	0.0000000000000000E+00	0.0000000000000000E+00	0.0000000000000000E+00	0.0000000000000000E+00	0.0000000000000000E+00	0.0000000000000000E+00	0.0000000000000000E+00	
-6.0673830063240569E-04	4.5943529055536031E-02	-6.3251764921856787E-02	-3.3588008134799660E-02	-3.4400001692152837E-04	2.0957618124655881E-10	6.4171464738359829E-02	1.6216302206623738E+00	0.0000000000000000E+00	0.0000000000000000E+00	0.0000000000000000E+00	0.0000000000000000E+00	0.0000000000000000E+00	0.0000000000000000E+00	0.0000000000000000E+00	
-5.2803039533853707E-03	3.9976172345415251E-01	-5.5191751044286441E-01	-2.8573901081945791E-01	1.2724529651948924E-02	4.9895559093347053E-11	5.6715134980132753E-02	1.1005990021379102E+00	-1.7296800057395487E+00	0.0000000000000000E+00	0.0000000000000000E+00	0.0000000000000000E+00	0.0000000000000000E+00	0.0000000000000000E+00	0.0000000000000000E+00	
-5.0175658584729853E-03	3.7986520108682398E-01	-5.2455530771872261E-01	-2.7106785446229648E-01	1.3175955696802834E-02	-7.4994514487890279E-11	1.9271614676108002E-02	1.4799086884736512E-01	1.5399589796235924E-01	-2.0137643235815128E+00	0.0000000000000000E+00	0.0000000000000000E+00	0.0000000000000000E+00	0.0000000000000000E+00	0.0000000000000000E+00	
3.5126604510093617E-03	-2.6593673189751144E-01	3.6715822085171823E-01	1.9007751368143588E-01	-8.4816437707913445E-03	-3.1296440858326933E-11	-3.7192820037130821E-02	-7.1825369288850860E-01	1.1228057892426091E+00	-1.6999107268892770E+00	-2.1600664449983364E+00	0.0000000000000000E+00	0.0000000000000000E+00	0.0000000000000000E+00	0.0000000000000000E+00	
2.0691357769544505E-02	-1.5664945618275632E+00	2.1629078292950421E+00	1.1189336313747242E+00	-5.1683017184224238E-02	9.9760496227676890E-12	-1.6412124914881310E-01	-2.8055054578756216E+00	3.7600983861715647E+00	-2.8019508593081666E+00	-5.1280754907051289E+00	-4.3186939912946715E-01	0.0000000000000000E+00	0.0000000000000000E+00	0.0000000000000000E+00	
-7.5201790850654392E-03	5.6933316375854726E-01	-7.8614000379671367E-01	-4.0648545086693066E-01	1.9228599048448893E-02	-5.3809129252614956E-11	4.5455337499789958E-02	6.5155859119823156E-01	-6.2962375651369107E-01	-8.4391697631307849E-01	-9.7772232255798563E-02	-5.6764255571217781E-05	-1.2995731169030354E-05	0.0000000000000000E+00	0.0000000000000000E+00	
-7.7151225394113346E-03	5.8409193663809422E-01	-8.0651669832343009E-01	-4.1703255837944952E-01	1.9703367314216378E-02	-5.2530394347164750E-11	4.7389863338934836E-02	6.8805941633370971E-01	-6.8520859824976321E-01	-7.6657750253023738E-01	4.1983781365625694E-03	8.3071773441413116E-03	-1.4225040435516862E-05	-1.8407663472002106E-01	0.0000000000000000E+00	

b
-8.5572582100282291E-04	
6.4782603223029867E-02	
-8.9497771246390911E-02	
-4.6062312792068738E-02	
2.6472049260647390E-03	
-5.7945932930179845E-11	
-9.4851225198658851E-03	
-3.0597437650190429E-01	
6.8939947891344211E-01	
-2.0191467331714943E+00	
-2.0367605220359470E+00	
-1.6215422040746183E-01	
1.5819176860800831E-05	
-7.9948447511881238E-02	
4.9930401258265711E+00	

c
0.0000000000000000E+00	
-5.9685813682507562E-02	
-9.4562788321632629E-01	
9.4846554676760575E-01	
-1.7804156811421719E+00	
-2.8798355835698510E+00	
-1.0206921359686465E-01	
1.1188866860478400E-01	
1.6339547032916355E+00	
-1.0028164406812166E+00	
-2.1001055134265401E+00	
-3.2062878762860798E+00	
-5.8870688305581327E+00	
-1.4859526673668095E+00	
-1.5153912007296197E+00	

alpha
0.0000000000000000E+00	0.0000000000000000E+00	0.0000000000000000E+00	0.0000000000000000E+00	0.0000000000000000E+00	0.0000000000000000E+00	0.0000000000000000E+00	0.0000000000000000E+00	0.0000000000000000E+00	0.0000000000000000E+00	0.0000000000000000E+00	0.0000000000000000E+00	0.0000000000000000E+00	0.0000000000000000E+00	0.0000000000000000E+00	0.0000000000000000E+00	
-0.0000000000000000E+00	0.0000000000000000E+00	0.0000000000000000E+00	0.0000000000000000E+00	0.0000000000000000E+00	0.0000000000000000E+00	0.0000000000000000E+00	0.0000000000000000E+00	0.0000000000000000E+00	0.0000000000000000E+00	0.0000000000000000E+00	0.0000000000000000E+00	0.0000000000000000E+00	0.0000000000000000E+00	0.0000000000000000E+00	0.0000000000000000E+00	
0.0000000000000000E+00	-0.0000000000000000E+00	0.0000000000000000E+00	0.0000000000000000E+00	0.0000000000000000E+00	0.0000000000000000E+00	0.0000000000000000E+00	0.0000000000000000E+00	0.0000000000000000E+00	0.0000000000000000E+00	0.0000000000000000E+00	0.0000000000000000E+00	0.0000000000000000E+00	0.0000000000000000E+00	0.0000000000000000E+00	0.0000000000000000E+00	
0.0000000000000000E+00	-0.0000000000000000E+00	0.0000000000000000E+00	0.0000000000000000E+00	0.0000000000000000E+00	0.0000000000000000E+00	0.0000000000000000E+00	0.0000000000000000E+00	0.0000000000000000E+00	0.0000000000000000E+00	0.0000000000000000E+00	0.0000000000000000E+00	0.0000000000000000E+00	0.0000000000000000E+00	0.0000000000000000E+00	0.0000000000000000E+00	
-0.0000000000000000E+00	0.0000000000000000E+00	-0.0000000000000000E+00	-0.0000000000000000E+00	0.0000000000000000E+00	0.0000000000000000E+00	0.0000000000000000E+00	0.0000000000000000E+00	0.0000000000000000E+00	0.0000000000000000E+00	0.0000000000000000E+00	0.0000000000000000E+00	0.0000000000000000E+00	0.0000000000000000E+00	0.0000000000000000E+00	0.0000000000000000E+00	
-0.0000000000000000E+00	0.0000000000000000E+00	-0.0000000000000000E+00	-0.0000000000000000E+00	-0.0000000000000000E+00	0.0000000000000000E+00	0.0000000000000000E+00	0.0000000000000000E+00	0.0000000000000000E+00	0.0000000000000000E+00	0.0000000000000000E+00	0.0000000000000000E+00	0.0000000000000000E+00	0.0000000000000000E+00	0.0000000000000000E+00	0.0000000000000000E+00	
-0.0000000000000000E+00	0.0000000000000000E+00	-0.0000000000000000E+00	-0.0000000000000000E+00	-0.0000000000000000E+00	0.0000000000000000E+00	0.0000000000000000E+00	0.0000000000000000E+00	0.0000000000000000E+00	0.0000000000000000E+00	0.0000000000000000E+00	0.0000000000000000E+00	0.0000000000000000E+00	0.0000000000000000E+00	0.0000000000000000E+00	0.0000000000000000E+00	
0.0000000000000000E+00	-0.0000000000000000E+00	0.0000000000000000E+00	0.0000000000000000E+00	-0.0000000000000000E+00	0.0000000000000000E+00	0.0000000000000000E+00	0.0000000000000000E+00	0.0000000000000000E+00	0.0000000000000000E+00	0.0000000000000000E+00	0.0000000000000000E+00	0.0000000000000000E+00	0.0000000000000000E+00	0.0000000000000000E+00	0.0000000000000000E+00	
-0.0000000000000000E+00	0.0000000000000000E+00	-0.0000000000000000E+00	-0.0000000000000000E+00	-0.0000000000000000E+00	0.0000000000000000E+00	0.0000000000000000E+00	0.0000000000000000E+00	0.0000000000000000E+00	0.0000000000000000E+00	0.0000000000000000E+00	0.0000000000000000E+00	0.0000000000000000E+00	0.0000000000000000E+00	0.0000000000000000E+00	0.0000000000000000E+00	
-0.0000000000000000E+00	0.0000000000000000E+00	-0.0000000000000000E+00	-0.0000000000000000E+00	0.0000000000000000E+00	0.0000000000000000E+00	0.0000000000000000E+00	0.0000000000000000E+00	-0.0000000000000000E+00	0.0000000000000000E+00	0.0000000000000000E+00	0.0000000000000000E+00	0.0000000000000000E+00	0.0000000000000000E+00	0.0000000000000000E+00	0.0000000000000000E+00	
-0.0000000000000000E+00	0.0000000000000000E+00	-0.0000000000000000E+00	-0.0000000000000000E+00	0.0000000000000000E+00	-0.0000000000000000E+00	0.0000000000000000E+00	0.0000000000000000E+00	0.0000000000000000E+00	-0.0000000000000000E+00	0.0000000000000000E+00	0.0000000000000000E+00	0.0000000000000000E+00	0.0000000000000000E+00	0.0000000000000000E+00	0.0000000000000000E+00	
0.0000000000000000E+00	-0.0000000000000000E+00	0.0000000000000000E+00	0.0000000000000000E+00	-0.0000000000000000E+00	-0.0000000000000000E+00	-0.0000000000000000E+00	-0.0000000000000000E+00	0.0000000000000000E+00	-0.0000000000000000E+00	-0.0000000000000000E+00	0.0000000000000000E+00	0.0000000000000000E+00	0.0000000000000000E+00	0.0000000000000000E+00	0.0000000000000000E+00	
0.0000000000000000E+00	-0.0000000000000000E+00	0.0000000000000000E+00	0.0000000000000000E+00	-0.0000000000000000E+00	0.0000000000000000E+00	-0.0000000000000000E+00	-0.0000000000000000E+00	0.0000000000000000E+00	-0.0000000000000000E+00	-0.0000000000000000E+00	-0.0000000000000000E+00	0.0000000000000000E+00	0.0000000000000000E+00	0.0000000000000000E+00	0.0000000000000000E+00	
-0.0000000000000000E+00	0.0000000000000000E+00	-0.0000000000000000E+00	-0.0000000000000000E+00	0.0000000000000000E+00	-0.0000000000000000E+00	0.0000000000000000E+00	0.0000000000000000E+00	-0.0000000000000000E+00	-0.0000000000000000E+00	-0.0000000000000000E+00	-0.0000000000000000E+00	-0.0000000000000000E+00	0.0000000000000000E+00	0.0000000000000000E+00	0.0000000000000000E+00	
-0.0000000000000000E+00	0.0000000000000000E+00	-0.0000000000000000E+00	-0.0000000000000000E+00	0.0000000000000000E+00	-0.0000000000000000E+00	0.0000000000000000E+00	0.0000000000000000E+00	-0.0000000000000000E+00	-0.0000000000000000E+00	0.0000000000000000E+00	0.0000000000000000E+00	-0.0000000000000000E+00	-0.0000000000000000E+00	0.0000000000000000E+00	0.0000000000000000E+00	
-0.0000000000000000E+00	0.0000000000000000E+00	-0.0000000000000000E+00	-0.0000000000000000E+00	0.0000000000000000E+00	-0.0000000000000000E+00	-0.0000000000000000E+00	-0.0000000000000000E+00	0.0000000000000000E+00	-0.0000000000000000E+00	-0.0000000000000000E+00	-0.0000000000000000E+00	0.0000000000000000E+00	-0.0000000000000000E+00	0.0000000000000000E+00	0.0000000000000000E+00	

beta
0.0000000000000000E+00	0.0000000000000000E+00	0.0000000000000000E+00	0.0000000000000000E+00	0.0000000000000000E+00	0.0000000000000000E+00	0.0000000000000000E+00	0.0000000000000000E+00	0.0000000000000000E+00	0.0000000000000000E+00	0.0000000000000000E+00	0.0000000000000000E+00	0.0000000000000000E+00	0.0000000000000000E+00	0.0000000000000000E+00	0.0000000000000000E+00	
-5.9685813682507562E-02	0.0000000000000000E+00	0.0000000000000000E+00	0.0000000000000000E+00	0.0000000000000000E+00	0.0000000000000000E+00	0.0000000000000000E+00	0.0000000000000000E+00	0.0000000000000000E+00	0.0000000000000000E+00	0.0000000000000000E+00	0.0000000000000000E+00	0.0000000000000000E+00	0.0000000000000000E+00	0.0000000000000000E+00	0.0000000000000000E+00	
1.3036587707839560E-02	-9.5866447092416585E-01	0.0000000000000000E+00	0.0000000000000000E+00	0.0000000000000000E+00	0.0000000000000000E+00	0.0000000000000000E+00	0.0000000000000000E+00	0.0000000000000000E+00	0.0000000000000000E+00	0.0000000000000000E+00	0.0000000000000000E+00	0.0000000000000000E+00	0.0000000000000000E+00	0.0000000000000000E+00	0.0000000000000000E+00	
1.2886937446123549E-03	-5.3291394080210219E-02	1.0004682471032036E+00	0.0000000000000000E+00	0.0000000000000000E+00	0.0000000000000000E+00	0.0000000000000000E+00	0.0000000000000000E+00	0.0000000000000000E+00	0.0000000000000000E+00	0.0000000000000000E+00	0.0000000000000000E+00	0.0000000000000000E+00	0.0000000000000000E+00	0.0000000000000000E+00	0.0000000000000000E+00	
-1.0352876773340559E-02	7.9721523118498794E-01	-8.1971694255317507E-01	-1.7475610930006442E+00	0.0000000000000000E+00	0.0000000000000000E+00	0.0000000000000000E+00	0.0000000000000000E+00	0.0000000000000000E+00	0.0000000000000000E+00	0.0000000000000000E+00	0.0000000000000000E+00	0.0000000000000000E+00	0.0000000000000000E+00	0.0000000000000000E+00	0.0000000000000000E+00	
-1.6125952982682597E-02	1.2264627325735615E+00	-1.5760832294393077E+00	-1.3679365698007329E+00	-1.1461525639206898E+00	0.0000000000000000E+00	0.0000000000000000E+00	0.0000000000000000E+00	0.0000000000000000E+00	0.0000000000000000E+00	0.0000000000000000E+00	0.0000000000000000E+00	0.0000000000000000E+00	0.0000000000000000E+00	0.0000000000000000E+00	0.0000000000000000E+00	
-1.2050226875033414E-03	9.1243682601677589E-02	-1.2568532322772089E-01	-6.6422490107456114E-02	-6.0514992836213644E-08	3.3913094425631321E-10	0.0000000000000000E+00	0.0000000000000000E+00	0.0000000000000000E+00	0.0000000000000000E+00	0.0000000000000000E+00	0.0000000000000000E+00	0.0000000000000000E+00	0.0000000000000000E+00	0.0000000000000000E+00	0.0000000000000000E+00	
2.3567939414344957E-04	-1.7828139925545827E-02	2.4921505812217935E-02	1.1453179044986828E-02	-3.6792132622595719E-03	3.4891739654956478E-10	9.6785657192323793E-02	0.0000000000000000E+00	0.0000000000000000E+00	0.0000000000000000E+00	0.0000000000000000E+00	0.0000000000000000E+00	0.0000000000000000E+00	0.0000000000000000E+00	0.0000000000000000E+00	0.0000000000000000E+00	
-6.0673830063240569E-04	4.5943529055536031E-02	-6.3251764921856787E-02	-3.3588008134799660E-02	-3.4400001692152837E-04	2.0957618124655881E-10	6.4171464738359829E-02	1.6216302206623738E+00	0.0000000000000000E+00	0.0000000000000000E+00	0.0000000000000000E+00	0.0000000000000000E+00	0.0000000000000000E+00	0.0000000000000000E+00	0.0000000000000000E+00	0.0000000000000000E+00	
-5.2803039533853707E-03	3.9976172345415251E-01	-5.5191751044286441E-01	-2.8573901081945791E-01	1.2724529651948924E-02	4.9895559093347053E-11	5.6715134980132753E-02	1.1005990021379102E+00	-1.7296800057395487E+00	0.0000000000000000E+00	0.0000000000000000E+00	0.0000000000000000E+00	0.0000000000000000E+00	0.0000000000000000E+00	0.0000000000000000E+00	0.0000000000000000E+00	
-5.0175658584729853E-03	3.7986520108682398E-01	-5.2455530771872261E-01	-2.7106785446229648E-01	1.3175955696802834E-02	-7.4994514487890279E-11	1.9271614676108002E-02	1.4799086884736512E-01	1.5399589796235924E-01	-2.0137643235815128E+00	0.0000000000000000E+00	0.0000000000000000E+00	0.0000000000000000E+00	0.0000000000000000E+00	0.0000000000000000E+00	0.0000000000000000E+00	
3.5126604510093617E-03	-2.6593673189751144E-01	3.6715822085171823E-01	1.9007751368143588E-01	-8.4816437707913445E-03	-3.1296440858326933E-11	-3.7192820037130821E-02	-7.1825369288850860E-01	1.1228057892426091E+00	-1.6999107268892770E+00	-2.1600664449983364E+00	0.0000000000000000E+00	0.0000000000000000E+00	0.0000000000000000E+00	0.0000000000000000E+00	0.0000000000000000E+00	
2.0691357769544505E-02	-1.5664945618275632E+00	2.1629078292950421E+00	1.1189336313747242E+00	-5.1683017184224238E-02	9.9760496227676890E-12	-1.6412124914881310E-01	-2.8055054578756216E+00	3.7600983861715647E+00	-2.8019508593081666E+00	-5.1280754907051289E+00	-4.3186939912946715E-01	0.0000000000000000E+00	0.0000000000000000E+00	0.0000000000000000E+00	0.0000000000000000E+00	
-7.5201790850654392E-03	5.6933316375854726E-01	-7.8614000379671367E-01	-4.0648545086693066E-01	1.9228599048448893E-02	-5.3809129252614956E-11	4.5455337499789958E-02	6.5155859119823156E-01	-6.2962375651369107E-01	-8.4391697631307849E-01	-9.7772232255798563E-02	-5.6764255571217781E-05	-1.2995731169030354E-05	0.0000000000000000E+00	0.0000000000000000E+00	0.0000000000000000E+00	
-7.7151225394113346E-03	5.8409193663809422E-01	-8.0651669832343009E-01	-4.1703255837944952E-01	1.9703367314216378E-02	-5.2530394347164750E-11	4.7389863338934836E-02	6.8805941633370971E-01	-6.8520859824976321E-01	-7.6657750253023738E-01	4.1983781365625694E-03	8.3071773441413116E-03	-1.4225040435516862E-05	-1.8407663472002106E-01	0.0000000000000000E+00	0.0000000000000000E+00	
-8.5572582100282291E-04	6.4782603223029867E-02	-8.9497771246390911E-02	-4.6062312792068738E-02	2.6472049260647390E-03	-5.7945932930179845E-11	-9.4851225198658851E-03	-3.0597437650190429E-01	6.8939947891344211E-01	-2.0191467331714943E+00	-2.0367605220359470E+00	-1.6215422040746183E-01	1.5819176860800831E-05	-7.9948447511881238E-02	4.9930401258265711E+00	0.0000000000000000E+00	

gamma1
0.0000000000000000E+00	0.0000000000000000E+00	-2.0634983858884026E-01	5.2209582982020541E-01	4.5418654860047747E-01	4.0704715754185911E-01	2.5328051566959574E-03	9.1616987903413483E-01	6.4185321556950670E-01	5.4183216272958956E-01	-7.5673948708907146E-01	1.3557524129370435E+00	2.4463264894857857E+00	-1.5878340941901448E-01	1.0091804015627972E+00	4.3432154022960368E-01	

gamma2
0.0000000000000000E+00	1.0000000000000000E+00	1.2184202057994271E+00	9.5386028213462559E-01	1.6072130050866738E+00	1.1787268158621178E+00	1.1924195460077791E-01	-1.5112681870300448E-01	8.6072303334013472E-02	5.5282125662528447E-01	6.1267751095178669E-01	-5.2667906235593576E-01	-6.3068176454459024E-01	3.9216891762535827E-01	-4.7824008301316667E-02	9.4774923447106862E-01	

gamma3
0.0000000000000000E+00	0.0000000000000000E+00	0.0000000000000000E+00	0.0000000000000000E+00	1.0140855929640071E+00	5.6066090111791500E-01	9.9673324099672211E-01	-2.7927233748628502E-02	4.0062334489205126E-01	5.9411739247095252E-01	1.2397008162556631E+00	6.0031874794376483E-01	-2.2917057278761604E-01	2.4301979045261923E-01	1.7081745722404711E-02	4.5230030849573687E-02	

delta
1.0000000000000000E+00	-9.9065717665665892E-03	-4.8907228380512985E-01	-7.9237775993754123E-01	3.1875222652416801E-01	-2.1240446508954108E-02	-7.4564902584451243E-01	2.4599526984943845E-01	2.4757904051081123E-01	1.0898197457646031E+00	9.7138206952872974E-01	1.1462277674328722E-01	4.0522040567895934E-01	-1.7859839544613523E+00	0.0000000000000000E+00	

r
0.0000000000000000E+00	

errcoeff
3.2777092722897938E-03	

v
1.0000000000000000E+00	
1.0000000000000000E+00	
1.0000000000000000E+00	
1.0000000000000000E+00	
1.0000000000000000E+00	
1.0000000000000000E+00	
1.0000000000000000E+00	
1.0000000000000000E+00	
1.0000000000000000E+00	
1.0000000000000000E+00	
1.0000000000000000E+00	
1.0000000000000000E+00	
1.0000000000000000E+00	
1.0000000000000000E+00	
1.0000000000000000E+00	
1.0000000000000000E+00	

==============================================================

