#stability poly.
17

#stage	 order	 free params.	 h		 h/s		 iter		 poly. coeffs.

4	 3	 1		 0.3345983475446701	 0.0836495868861675	 30		1.0000000000000000E+00	1.0000000000000000E+00	5.0000000000000000E-01	1.6666666666666666E-01	2.4805317640324825E-02	
5	 3	 2		 0.4535968415439129	 0.0907193683087826	 30		1.0000000000000000E+00	1.0000000000000000E+00	5.0000000000000000E-01	1.6666666666666666E-01	3.1737676985346464E-02	2.7477333443275062E-03	
6	 3	 3		 0.5728160217404366	 0.0954693369567394	 31		1.0000000000000000E+00	1.0000000000000000E+00	5.0000000000000000E-01	1.6666666666666666E-01	3.5082168040630600E-02	4.3703194405167118E-03	2.4939301560423138E-04	
7	 3	 4		 0.6915322504937649	 0.0987903214991093	 31		1.0000000000000000E+00	1.0000000000000000E+00	5.0000000000000000E-01	1.6666666666666666E-01	3.7028839892404311E-02	5.4080880858244484E-03	4.7627030399556070E-04	1.9395782139650900E-05	
8	 3	 5		 0.8083578944206238	 0.1010447368025780	 31		1.0000000000000000E+00	1.0000000000000000E+00	5.0000000000000000E-01	1.6666666666666666E-01	3.8154742715316430E-02	6.0642245838992822E-03	6.4789664918239352E-04	4.2337736425477427E-05	1.2909765775992918E-06	
9	 3	 6		 0.9242995362728834	 0.1026999484747648	 31		1.0000000000000000E+00	1.0000000000000000E+00	5.0000000000000000E-01	1.6666666666666666E-01	3.8930049263580208E-02	6.5307491460894242E-03	7.8031145488312705E-04	6.3706074998010097E-05	3.2155877969052707E-06	7.6325910144328203E-08	
10	 3	 7		 1.0390471667051315	 0.1039047166705132	 31		1.0000000000000000E+00	1.0000000000000000E+00	5.0000000000000000E-01	1.6666666666666666E-01	3.9466699264386666E-02	6.8628734780575729E-03	8.8107815581753290E-04	8.2094781384178285E-05	5.2976342234777868E-06	2.1338319100751496E-07	4.0670010866323788E-09	
11	 3	 8		 1.1524990852922201	 0.1047726441174746	 32		1.0000000000000000E+00	1.0000000000000000E+00	5.0000000000000000E-01	1.6666666666666666E-01	3.9870369424762270E-02	7.1160883606723917E-03	9.6057826813941813E-04	9.7650036292580393E-05	7.3057482860383657E-06	3.8239619845558298E-07	1.2586823757329690E-08	1.9718363731126704E-10	
12	 3	 9		 1.2652794085443020	 0.1054399507120252	 32		1.0000000000000000E+00	1.0000000000000000E+00	5.0000000000000000E-01	1.6666666666666666E-01	4.0184154564254046E-02	7.3153629919199617E-03	1.0246383749160750E-03	1.1080292360497652E-04	9.1555368546143453E-06	5.6265983362567795E-07	2.4379890803571672E-08	6.6809622538257893E-10	8.7495988479120668E-12	
13	 3	 10		 1.3778314273804426	 0.1059870328754187	 32		1.0000000000000000E+00	1.0000000000000000E+00	5.0000000000000000E-01	1.6666666666666666E-01	4.0419337503832482E-02	7.4675442419441474E-03	1.0752547130800914E-03	1.2171088740820162E-04	1.0801077923527899E-05	7.4078373478927275E-07	3.8112377642534572E-08	1.3915461116900337E-09	3.2294393478422863E-11	3.5957677702438957E-13	
14	 3	 11		 1.4892721455544233	 0.1063765818253160	 32		1.0000000000000000E+00	1.0000000000000000E+00	5.0000000000000000E-01	1.6666666666666666E-01	4.0587451014065919E-02	7.5817107750551244E-03	1.1145439013108471E-03	1.3052019525654364E-04	1.2204026146512839E-05	9.0493604727064398E-07	5.2305887602432496E-08	2.2827935613295583E-09	7.1054760637877109E-11	1.4110646379138653E-12	1.3481978680084697E-14	
15	 3	 12		 1.6004448523744941	 0.1066963234916329	 32		1.0000000000000000E+00	1.0000000000000000E+00	5.0000000000000000E-01	1.6666666666666666E-01	4.0739066385151276E-02	7.6816937177224933E-03	1.1487272750366514E-03	1.3825747863849800E-04	1.3469473627524350E-05	1.0602115691133658E-06	6.6778890211959357E-08	3.3018179456134491E-09	1.2395233763725909E-10	3.3332772003194154E-12	5.7386904762656446E-14	4.7660705295599001E-16	
16	 3	 13		 1.7116628587245941	 0.1069789286702871	 32		1.0000000000000000E+00	1.0000000000000000E+00	5.0000000000000000E-01	1.6666666666666666E-01	4.0863845214484759E-02	7.7642428069721403E-03	1.1773357760192901E-03	1.4487350006645407E-04	1.4585616260910456E-05	1.2032797914389061E-06	8.0958836292810956E-08	4.3909484765324223E-09	1.8804229696667143E-10	6.1429339398984613E-12	1.4429752619612024E-13	2.1767875255573910E-15	1.5882358193935747E-17	
17	 3	 14		 1.8220776738598943	 0.1071810396388173	 32		1.0000000000000000E+00	1.0000000000000000E+00	5.0000000000000000E-01	1.6666666666666666E-01	4.0955520938708016E-02	7.8277581714590247E-03	1.2000548060924175E-03	1.5028792258720729E-04	1.5530205680353078E-05	1.3294497556515817E-06	9.4146885376481696E-08	5.4780494452233359E-09	2.5846413034579029E-10	9.6742809810714128E-12	2.7726192829265364E-13	5.7308251483600546E-15	7.6247890055814194E-17	4.9153167585702277E-19	
18	 3	 15		 1.9325973931699991	 0.1073665218427777	 32		1.0000000000000000E+00	1.0000000000000000E+00	5.0000000000000000E-01	1.6666666666666666E-01	4.1039261004893517E-02	7.8846561550136359E-03	1.2202286251722476E-03	1.5509980496817964E-04	1.6378856390425264E-05	1.4452919615383800E-06	1.0667637438079981E-07	6.5632246073023581E-09	3.3379923637791346E-10	1.3833656104705904E-11	4.5663518206870232E-13	1.1579208412396156E-14	2.1233065767607005E-16	2.5117985542353081E-18	1.4422464764556490E-20	
19	 3	 16		 2.0428037177771330	 0.1075159851461649	 32		1.0000000000000000E+00	1.0000000000000000E+00	5.0000000000000000E-01	1.6666666666666666E-01	4.1105468144592483E-02	7.9305175092754514E-03	1.2368783088464402E-03	1.5916727876123471E-04	1.7114821611796856E-05	1.5487664667048648E-06	1.1827959455727970E-07	7.6150742325465705E-09	4.1124773679906090E-10	1.8453183710123008E-11	6.7755698583327971E-13	1.9884286420637189E-14	4.4958048608504141E-16	7.3685262046654861E-18	7.8068755235147188E-20	4.0216675349496156E-22	
20	 3	 17		 2.1530115976929665	 0.1076505798846483	 32		1.0000000000000000E+00	1.0000000000000000E+00	5.0000000000000000E-01	1.6666666666666666E-01	4.1164325204564964E-02	7.9710871447344275E-03	1.2515354286500536E-03	1.6275079738034740E-04	1.7768277277298791E-05	1.6420655906238802E-06	1.2899429298383559E-07	8.6196081799476940E-09	4.8865486269897805E-10	2.3357888073160011E-11	9.3167192355795733E-13	3.0517441630149221E-14	8.0134627839165636E-16	1.6252306993947424E-17	2.3944187549451359E-19	2.2844124319250693E-21	1.0612595799350804E-23
