#stage		 order
7	 		2


A
0.0000000000000000E+00	0.0000000000000000E+00	0.0000000000000000E+00	0.0000000000000000E+00	0.0000000000000000E+00	0.0000000000000000E+00	0.0000000000000000E+00	
5.9216143827331169E-01	0.0000000000000000E+00	0.0000000000000000E+00	0.0000000000000000E+00	0.0000000000000000E+00	0.0000000000000000E+00	0.0000000000000000E+00	
3.9715738596771721E-01	5.1019605023206105E-01	0.0000000000000000E+00	0.0000000000000000E+00	0.0000000000000000E+00	0.0000000000000000E+00	0.0000000000000000E+00	
1.4905987262042353E-01	1.8477302569777720E-01	6.5726162886893846E-01	0.0000000000000000E+00	0.0000000000000000E+00	0.0000000000000000E+00	0.0000000000000000E+00	
4.8225809888821282E-02	5.9781169263842547E-02	2.2154080643236804E-01	1.0988974701108243E-02	0.0000000000000000E+00	0.0000000000000000E+00	0.0000000000000000E+00	
1.5261011425149862E-01	1.8911076481914790E-01	9.4577852784601291E-02	-2.6029085951962960E-03	4.4467169718287916E-02	0.0000000000000000E+00	0.0000000000000000E+00	
9.8771433240678996E-02	1.2239741039886719E-01	8.1721208587908267E-02	-4.2067543728576068E-04	1.3829800861810543E-02	1.5338045334382336E-01	0.0000000000000000E+00	

b
1.8634818170867409E-01	
2.3092791868707491E-01	
2.0490235922358560E-01	
2.3323091419671892E-03	
-1.0881508453155039E-02	
-3.2321146221264974E-01	
7.0958220190450405E-01	

c
0.0000000000000000E+00	
5.9216143827331169E-01	
9.0735343619977826E-01	
9.9109452718713920E-01	
3.4053676028614011E-01	
4.7816299297833942E-01	
4.6967963099580257E-01	

alpha
0.0000000000000000E+00	0.0000000000000000E+00	0.0000000000000000E+00	0.0000000000000000E+00	0.0000000000000000E+00	0.0000000000000000E+00	0.0000000000000000E+00	0.0000000000000000E+00	
0.0000000000000000E+00	0.0000000000000000E+00	0.0000000000000000E+00	0.0000000000000000E+00	0.0000000000000000E+00	0.0000000000000000E+00	0.0000000000000000E+00	0.0000000000000000E+00	
0.0000000000000000E+00	0.0000000000000000E+00	0.0000000000000000E+00	0.0000000000000000E+00	0.0000000000000000E+00	0.0000000000000000E+00	0.0000000000000000E+00	0.0000000000000000E+00	
0.0000000000000000E+00	0.0000000000000000E+00	0.0000000000000000E+00	0.0000000000000000E+00	0.0000000000000000E+00	0.0000000000000000E+00	0.0000000000000000E+00	0.0000000000000000E+00	
0.0000000000000000E+00	0.0000000000000000E+00	0.0000000000000000E+00	0.0000000000000000E+00	0.0000000000000000E+00	0.0000000000000000E+00	0.0000000000000000E+00	0.0000000000000000E+00	
0.0000000000000000E+00	0.0000000000000000E+00	0.0000000000000000E+00	-0.0000000000000000E+00	0.0000000000000000E+00	0.0000000000000000E+00	0.0000000000000000E+00	0.0000000000000000E+00	
0.0000000000000000E+00	0.0000000000000000E+00	0.0000000000000000E+00	-0.0000000000000000E+00	0.0000000000000000E+00	0.0000000000000000E+00	0.0000000000000000E+00	0.0000000000000000E+00	
0.0000000000000000E+00	0.0000000000000000E+00	0.0000000000000000E+00	0.0000000000000000E+00	-0.0000000000000000E+00	-0.0000000000000000E+00	0.0000000000000000E+00	0.0000000000000000E+00	

beta
0.0000000000000000E+00	0.0000000000000000E+00	0.0000000000000000E+00	0.0000000000000000E+00	0.0000000000000000E+00	0.0000000000000000E+00	0.0000000000000000E+00	0.0000000000000000E+00	
5.9216143827331169E-01	0.0000000000000000E+00	0.0000000000000000E+00	0.0000000000000000E+00	0.0000000000000000E+00	0.0000000000000000E+00	0.0000000000000000E+00	0.0000000000000000E+00	
3.9715738596771721E-01	5.1019605023206105E-01	0.0000000000000000E+00	0.0000000000000000E+00	0.0000000000000000E+00	0.0000000000000000E+00	0.0000000000000000E+00	0.0000000000000000E+00	
1.4905987262042353E-01	1.8477302569777720E-01	6.5726162886893846E-01	0.0000000000000000E+00	0.0000000000000000E+00	0.0000000000000000E+00	0.0000000000000000E+00	0.0000000000000000E+00	
4.8225809888821282E-02	5.9781169263842547E-02	2.2154080643236804E-01	1.0988974701108243E-02	0.0000000000000000E+00	0.0000000000000000E+00	0.0000000000000000E+00	0.0000000000000000E+00	
1.5261011425149862E-01	1.8911076481914790E-01	9.4577852784601291E-02	-2.6029085951962960E-03	4.4467169718287916E-02	0.0000000000000000E+00	0.0000000000000000E+00	0.0000000000000000E+00	
9.8771433240678996E-02	1.2239741039886719E-01	8.1721208587908267E-02	-4.2067543728576068E-04	1.3829800861810543E-02	1.5338045334382336E-01	0.0000000000000000E+00	0.0000000000000000E+00	
1.8634818170867409E-01	2.3092791868707491E-01	2.0490235922358560E-01	2.3323091419671892E-03	-1.0881508453155039E-02	-3.2321146221264974E-01	7.0958220190450405E-01	0.0000000000000000E+00	

gamma1
0.0000000000000000E+00	0.0000000000000000E+00	6.6607161536585369E-01	3.9675535675782747E-03	3.4052005349383041E-01	-3.5388886149447019E-01	2.4750960947799844E-01	-2.1072532722805732E+00	

gamma2
0.0000000000000000E+00	1.0000000000000000E+00	3.2930893452672017E-01	6.2901552158071528E-01	-8.6035710016675020E-03	5.5735942256981208E-01	1.6853794174981326E-01	1.0899467802067877E+00	

gamma3
0.0000000000000000E+00	0.0000000000000000E+00	0.0000000000000000E+00	0.0000000000000000E+00	6.7655717532815085E-01	1.3056269849208843E-01	3.1907124090419892E-01	3.0430100111097874E-01	

delta
1.0000000000000000E+00	1.4027709615790184E-02	5.6945061843785350E-01	4.0142175804681551E-01	2.0996038178577972E-01	3.7678093889677017E-01	0.0000000000000000E+00	

r
0.0000000000000000E+00	

errcoeff
1.4665765822254987E-02	

v
1.0000000000000000E+00	
1.0000000000000000E+00	
1.0000000000000000E+00	
1.0000000000000000E+00	
1.0000000000000000E+00	
1.0000000000000000E+00	
1.0000000000000000E+00	
1.0000000000000000E+00	

==============================================================

