#stage		 order
11	 		2


A
0.0000000000000000E+00	0.0000000000000000E+00	0.0000000000000000E+00	0.0000000000000000E+00	0.0000000000000000E+00	0.0000000000000000E+00	0.0000000000000000E+00	0.0000000000000000E+00	0.0000000000000000E+00	0.0000000000000000E+00	0.0000000000000000E+00	
1.2857848515078565E-01	0.0000000000000000E+00	0.0000000000000000E+00	0.0000000000000000E+00	0.0000000000000000E+00	0.0000000000000000E+00	0.0000000000000000E+00	0.0000000000000000E+00	0.0000000000000000E+00	0.0000000000000000E+00	0.0000000000000000E+00	
1.9980933792918443E-01	2.3104867552317138E-01	0.0000000000000000E+00	0.0000000000000000E+00	0.0000000000000000E+00	0.0000000000000000E+00	0.0000000000000000E+00	0.0000000000000000E+00	0.0000000000000000E+00	0.0000000000000000E+00	0.0000000000000000E+00	
7.2123897405789894E-02	2.5259505431405205E-02	2.2668249558058545E-02	0.0000000000000000E+00	0.0000000000000000E+00	0.0000000000000000E+00	0.0000000000000000E+00	0.0000000000000000E+00	0.0000000000000000E+00	0.0000000000000000E+00	0.0000000000000000E+00	
1.2038856072419167E-01	6.3463991481272533E-02	5.3765417152583872E-02	3.8107568374309231E-01	0.0000000000000000E+00	0.0000000000000000E+00	0.0000000000000000E+00	0.0000000000000000E+00	0.0000000000000000E+00	0.0000000000000000E+00	0.0000000000000000E+00	
-4.6819751733607862E-02	-8.7112765970710410E-02	-6.7592404930450295E-02	-6.1946462070541253E-01	7.4599870599937756E-01	0.0000000000000000E+00	0.0000000000000000E+00	0.0000000000000000E+00	0.0000000000000000E+00	0.0000000000000000E+00	0.0000000000000000E+00	
6.0117960828074093E-02	1.5744562860973622E-02	1.4924167387906286E-02	6.9918889620772751E-02	-1.5958435832246173E-01	-2.4455150382632598E-01	0.0000000000000000E+00	0.0000000000000000E+00	0.0000000000000000E+00	0.0000000000000000E+00	0.0000000000000000E+00	
3.8640221514573456E-02	2.5480279897149433E-03	3.9307009083434244E-03	-1.2214769311804180E-02	-3.9680982047486310E-02	-1.4674096015942376E-01	2.9541334050869970E-02	0.0000000000000000E+00	0.0000000000000000E+00	0.0000000000000000E+00	0.0000000000000000E+00	
-8.9089709726175026E-03	-8.0695821553415495E-02	-6.0806972265036029E-02	-6.0188121318722398E-01	6.7453191376113630E-01	1.4431082603045930E-01	-1.5559537829723635E-02	-1.9132647293953607E-02	0.0000000000000000E+00	0.0000000000000000E+00	0.0000000000000000E+00	
1.2435022383743869E-02	-4.0704912907634311E-02	-2.9785127707601045E-02	-3.1738148750853462E-01	3.3213752936222385E-01	1.0043746078722146E-02	4.9720312230762363E-03	1.1274089444933313E-02	6.0684488335434605E-02	0.0000000000000000E+00	0.0000000000000000E+00	
5.7342598517854827E-03	-1.7378658960162035E-02	-1.2694249167924034E-02	-1.3584973720836460E-01	1.4159986925746099E-01	2.7119485218307059E-03	2.4447997377766810E-03	5.3389829152561304E-03	2.8320267694033424E-02	5.7543675927790840E-02	0.0000000000000000E+00	

b
-5.6301062270959212E-03	
-1.1180215703452090E-01	
-8.3894743736790289E-02	
-8.3935585690567294E-01	
9.3133105473668465E-01	
1.7505606515986172E-01	
-1.6473425747324355E-02	
-1.8210124981045128E-02	
-5.8945621822246608E-02	
-1.1363038744065612E-01	
1.1415553039988073E+00	

c
0.0000000000000000E+00	
1.2857848515078565E-01	
4.3085801345235580E-01	
1.2005165239525364E-01	
6.1869365310114044E-01	
-7.4990837340803473E-02	
-2.4343028145106096E-01	
-1.2397642705521245E-01	
3.1857576689625390E-02	
4.3675378704364026E-02	
7.7771158569483578E-02	

alpha
0.0000000000000000E+00	0.0000000000000000E+00	0.0000000000000000E+00	0.0000000000000000E+00	0.0000000000000000E+00	0.0000000000000000E+00	0.0000000000000000E+00	0.0000000000000000E+00	0.0000000000000000E+00	0.0000000000000000E+00	0.0000000000000000E+00	0.0000000000000000E+00	
0.0000000000000000E+00	0.0000000000000000E+00	0.0000000000000000E+00	0.0000000000000000E+00	0.0000000000000000E+00	0.0000000000000000E+00	0.0000000000000000E+00	0.0000000000000000E+00	0.0000000000000000E+00	0.0000000000000000E+00	0.0000000000000000E+00	0.0000000000000000E+00	
0.0000000000000000E+00	0.0000000000000000E+00	0.0000000000000000E+00	0.0000000000000000E+00	0.0000000000000000E+00	0.0000000000000000E+00	0.0000000000000000E+00	0.0000000000000000E+00	0.0000000000000000E+00	0.0000000000000000E+00	0.0000000000000000E+00	0.0000000000000000E+00	
0.0000000000000000E+00	0.0000000000000000E+00	0.0000000000000000E+00	0.0000000000000000E+00	0.0000000000000000E+00	0.0000000000000000E+00	0.0000000000000000E+00	0.0000000000000000E+00	0.0000000000000000E+00	0.0000000000000000E+00	0.0000000000000000E+00	0.0000000000000000E+00	
0.0000000000000000E+00	0.0000000000000000E+00	0.0000000000000000E+00	0.0000000000000000E+00	0.0000000000000000E+00	0.0000000000000000E+00	0.0000000000000000E+00	0.0000000000000000E+00	0.0000000000000000E+00	0.0000000000000000E+00	0.0000000000000000E+00	0.0000000000000000E+00	
-0.0000000000000000E+00	-0.0000000000000000E+00	-0.0000000000000000E+00	-0.0000000000000000E+00	0.0000000000000000E+00	0.0000000000000000E+00	0.0000000000000000E+00	0.0000000000000000E+00	0.0000000000000000E+00	0.0000000000000000E+00	0.0000000000000000E+00	0.0000000000000000E+00	
0.0000000000000000E+00	0.0000000000000000E+00	0.0000000000000000E+00	0.0000000000000000E+00	-0.0000000000000000E+00	-0.0000000000000000E+00	0.0000000000000000E+00	0.0000000000000000E+00	0.0000000000000000E+00	0.0000000000000000E+00	0.0000000000000000E+00	0.0000000000000000E+00	
0.0000000000000000E+00	0.0000000000000000E+00	0.0000000000000000E+00	-0.0000000000000000E+00	-0.0000000000000000E+00	-0.0000000000000000E+00	0.0000000000000000E+00	0.0000000000000000E+00	0.0000000000000000E+00	0.0000000000000000E+00	0.0000000000000000E+00	0.0000000000000000E+00	
-0.0000000000000000E+00	-0.0000000000000000E+00	-0.0000000000000000E+00	-0.0000000000000000E+00	0.0000000000000000E+00	0.0000000000000000E+00	-0.0000000000000000E+00	-0.0000000000000000E+00	0.0000000000000000E+00	0.0000000000000000E+00	0.0000000000000000E+00	0.0000000000000000E+00	
0.0000000000000000E+00	-0.0000000000000000E+00	-0.0000000000000000E+00	-0.0000000000000000E+00	0.0000000000000000E+00	0.0000000000000000E+00	0.0000000000000000E+00	0.0000000000000000E+00	0.0000000000000000E+00	0.0000000000000000E+00	0.0000000000000000E+00	0.0000000000000000E+00	
0.0000000000000000E+00	-0.0000000000000000E+00	-0.0000000000000000E+00	-0.0000000000000000E+00	0.0000000000000000E+00	0.0000000000000000E+00	0.0000000000000000E+00	0.0000000000000000E+00	0.0000000000000000E+00	0.0000000000000000E+00	0.0000000000000000E+00	0.0000000000000000E+00	
-0.0000000000000000E+00	-0.0000000000000000E+00	-0.0000000000000000E+00	-0.0000000000000000E+00	0.0000000000000000E+00	0.0000000000000000E+00	-0.0000000000000000E+00	-0.0000000000000000E+00	-0.0000000000000000E+00	-0.0000000000000000E+00	0.0000000000000000E+00	0.0000000000000000E+00	

beta
0.0000000000000000E+00	0.0000000000000000E+00	0.0000000000000000E+00	0.0000000000000000E+00	0.0000000000000000E+00	0.0000000000000000E+00	0.0000000000000000E+00	0.0000000000000000E+00	0.0000000000000000E+00	0.0000000000000000E+00	0.0000000000000000E+00	0.0000000000000000E+00	
1.2857848515078565E-01	0.0000000000000000E+00	0.0000000000000000E+00	0.0000000000000000E+00	0.0000000000000000E+00	0.0000000000000000E+00	0.0000000000000000E+00	0.0000000000000000E+00	0.0000000000000000E+00	0.0000000000000000E+00	0.0000000000000000E+00	0.0000000000000000E+00	
1.9980933792918443E-01	2.3104867552317138E-01	0.0000000000000000E+00	0.0000000000000000E+00	0.0000000000000000E+00	0.0000000000000000E+00	0.0000000000000000E+00	0.0000000000000000E+00	0.0000000000000000E+00	0.0000000000000000E+00	0.0000000000000000E+00	0.0000000000000000E+00	
7.2123897405789894E-02	2.5259505431405205E-02	2.2668249558058545E-02	0.0000000000000000E+00	0.0000000000000000E+00	0.0000000000000000E+00	0.0000000000000000E+00	0.0000000000000000E+00	0.0000000000000000E+00	0.0000000000000000E+00	0.0000000000000000E+00	0.0000000000000000E+00	
1.2038856072419167E-01	6.3463991481272533E-02	5.3765417152583872E-02	3.8107568374309231E-01	0.0000000000000000E+00	0.0000000000000000E+00	0.0000000000000000E+00	0.0000000000000000E+00	0.0000000000000000E+00	0.0000000000000000E+00	0.0000000000000000E+00	0.0000000000000000E+00	
-4.6819751733607862E-02	-8.7112765970710410E-02	-6.7592404930450295E-02	-6.1946462070541253E-01	7.4599870599937756E-01	0.0000000000000000E+00	0.0000000000000000E+00	0.0000000000000000E+00	0.0000000000000000E+00	0.0000000000000000E+00	0.0000000000000000E+00	0.0000000000000000E+00	
6.0117960828074093E-02	1.5744562860973622E-02	1.4924167387906286E-02	6.9918889620772751E-02	-1.5958435832246173E-01	-2.4455150382632598E-01	0.0000000000000000E+00	0.0000000000000000E+00	0.0000000000000000E+00	0.0000000000000000E+00	0.0000000000000000E+00	0.0000000000000000E+00	
3.8640221514573456E-02	2.5480279897149433E-03	3.9307009083434244E-03	-1.2214769311804180E-02	-3.9680982047486310E-02	-1.4674096015942376E-01	2.9541334050869970E-02	0.0000000000000000E+00	0.0000000000000000E+00	0.0000000000000000E+00	0.0000000000000000E+00	0.0000000000000000E+00	
-8.9089709726175026E-03	-8.0695821553415495E-02	-6.0806972265036029E-02	-6.0188121318722398E-01	6.7453191376113630E-01	1.4431082603045930E-01	-1.5559537829723635E-02	-1.9132647293953607E-02	0.0000000000000000E+00	0.0000000000000000E+00	0.0000000000000000E+00	0.0000000000000000E+00	
1.2435022383743869E-02	-4.0704912907634311E-02	-2.9785127707601045E-02	-3.1738148750853462E-01	3.3213752936222385E-01	1.0043746078722146E-02	4.9720312230762363E-03	1.1274089444933313E-02	6.0684488335434605E-02	0.0000000000000000E+00	0.0000000000000000E+00	0.0000000000000000E+00	
5.7342598517854827E-03	-1.7378658960162035E-02	-1.2694249167924034E-02	-1.3584973720836460E-01	1.4159986925746099E-01	2.7119485218307059E-03	2.4447997377766810E-03	5.3389829152561304E-03	2.8320267694033424E-02	5.7543675927790840E-02	0.0000000000000000E+00	0.0000000000000000E+00	
-5.6301062270959212E-03	-1.1180215703452090E-01	-8.3894743736790289E-02	-8.3935585690567294E-01	9.3133105473668465E-01	1.7505606515986172E-01	-1.6473425747324355E-02	-1.8210124981045128E-02	-5.8945621822246608E-02	-1.1363038744065612E-01	1.1415553039988073E+00	0.0000000000000000E+00	

gamma1
0.0000000000000000E+00	0.0000000000000000E+00	1.9875715429399046E+00	1.2370848314347882E-01	2.8875716789121890E+00	-1.2755901483259358E+00	-8.3270390100749958E-01	6.2523925793886614E-01	-3.9844900589517085E-01	-8.6662686234890707E-01	4.6613675841700775E-01	-1.9746807204886756E+00	

gamma2
0.0000000000000000E+00	1.0000000000000000E+00	-5.5398733851052462E-01	4.9963206711802560E-01	-5.3411572126683116E-01	9.0491923331194057E-01	4.2472970232066887E-01	5.1595805493281126E-02	5.6116645694807177E-01	6.2155840193015555E-01	-9.0871931061559386E-03	8.3227910443784336E-01	

gamma3
0.0000000000000000E+00	0.0000000000000000E+00	0.0000000000000000E+00	0.0000000000000000E+00	-4.3506657508884539E-01	1.6467891694922615E-01	2.2315056593886476E-01	2.0443169255954180E-01	-3.2582936046046140E-01	-3.2058352684274338E-01	5.6529654298300047E-01	9.5763145709591921E-02	

delta
1.0000000000000000E+00	7.8266085574290167E-01	-2.8787206457057957E-02	9.6558403748332622E-01	-3.8675090624144981E-01	1.4568876986769157E+00	-4.8837555504668934E-01	-2.2855065433085134E-01	4.4624545155387274E-01	-5.9836640834018344E-02	0.0000000000000000E+00	

r
0.0000000000000000E+00	

errcoeff
6.0553682044457548E-03	

v
1.0000000000000000E+00	
1.0000000000000000E+00	
1.0000000000000000E+00	
1.0000000000000000E+00	
1.0000000000000000E+00	
1.0000000000000000E+00	
1.0000000000000000E+00	
1.0000000000000000E+00	
1.0000000000000000E+00	
1.0000000000000000E+00	
1.0000000000000000E+00	
1.0000000000000000E+00	

==============================================================

