#stage		 order
3	 		2


A
0.0000000000000000E+00	0.0000000000000000E+00	0.0000000000000000E+00	
7.2366074728360086E-01	0.0000000000000000E+00	0.0000000000000000E+00	
2.5018556679364623E-01	3.4217876502651023E-01	0.0000000000000000E+00	

b
2.4259082366691279E-01	
3.9100701390655468E-01	
3.6640216242653251E-01	

c
0.0000000000000000E+00	
7.2366074728360086E-01	
5.9236433182015646E-01	

alpha
0.0000000000000000E+00	0.0000000000000000E+00	0.0000000000000000E+00	0.0000000000000000E+00	
5.8195305764429139E-01	0.0000000000000000E+00	0.0000000000000000E+00	0.0000000000000000E+00	
4.1056243389018587E-02	2.7517311021166363E-01	0.0000000000000000E+00	0.0000000000000000E+00	
3.8463066255123032E-12	2.3335918064869293E-01	2.9465306713400752E-01	0.0000000000000000E+00	

beta
0.0000000000000000E+00	0.0000000000000000E+00	0.0000000000000000E+00	0.0000000000000000E+00	
7.2366074728360086E-01	0.0000000000000000E+00	0.0000000000000000E+00	0.0000000000000000E+00	
5.1053588225521085E-02	3.4217876502651023E-01	0.0000000000000000E+00	0.0000000000000000E+00	
4.7828963012364056E-12	2.9018299128336655E-01	3.6640216242653251E-01	0.0000000000000000E+00	

gamma1
0.0000000000000000E+00	0.0000000000000000E+00	-1.2664395576322218E-01	1.1426980685848858E+00	

gamma2
0.0000000000000000E+00	1.0000000000000000E+00	6.5427782599406470E-01	-8.2869287683723744E-02	

gamma3
0.0000000000000000E+00	0.0000000000000000E+00	0.0000000000000000E+00	0.0000000000000000E+00	

delta
1.0000000000000000E+00	7.2196567116037724E-01	0.0000000000000000E+00	

r
8.0417938906975905E-01	

errcoeff
7.5937671933246770E-02	

v
1.0000000000000000E+00	
4.1804694235570861E-01	
6.8377064639931784E-01	
4.7198775221345324E-01	

==============================================================

