#stage		 order
4	 		2


A
0.0000000000000000E+00	0.0000000000000000E+00	0.0000000000000000E+00	0.0000000000000000E+00	
6.0557332665925900E-01	0.0000000000000000E+00	0.0000000000000000E+00	0.0000000000000000E+00	
5.3217137763272493E-01	2.4049975531889464E-01	0.0000000000000000E+00	0.0000000000000000E+00	
3.5541799336068092E-01	8.5320769153986231E-02	1.8727502831591425E-01	0.0000000000000000E+00	

b
2.4305174405861946E-01	
7.9630084402024251E-02	
1.8259005725087299E-01	
4.9472811428848334E-01	

c
0.0000000000000000E+00	
6.0557332665925900E-01	
7.7267113295161960E-01	
6.2801379083058140E-01	

alpha
0.0000000000000000E+00	0.0000000000000000E+00	0.0000000000000000E+00	0.0000000000000000E+00	0.0000000000000000E+00	
6.4383140867492106E-01	0.0000000000000000E+00	0.0000000000000000E+00	0.0000000000000000E+00	0.0000000000000000E+00	
4.0116852433110139E-01	2.5569371938348784E-01	0.0000000000000000E+00	0.0000000000000000E+00	0.0000000000000000E+00	
2.3959424862343573E-01	3.9800783287599624E-02	1.9910643349408044E-01	0.0000000000000000E+00	0.0000000000000000E+00	
4.7406335971960478E-12	1.4089628233496469E-02	8.9398809000583793E-02	5.2598336933136691E-01	0.0000000000000000E+00	

beta
0.0000000000000000E+00	0.0000000000000000E+00	0.0000000000000000E+00	0.0000000000000000E+00	0.0000000000000000E+00	
6.0557332665925900E-01	0.0000000000000000E+00	0.0000000000000000E+00	0.0000000000000000E+00	0.0000000000000000E+00	
3.7733008137978719E-01	2.4049975531889464E-01	0.0000000000000000E+00	0.0000000000000000E+00	0.0000000000000000E+00	
2.2535695561348168E-01	3.7435720616242112E-02	1.8727502831591425E-01	0.0000000000000000E+00	0.0000000000000000E+00	
4.4589332226507850E-12	1.3252387078025805E-02	8.4086506865641258E-02	4.9472811428848334E-01	0.0000000000000000E+00	

gamma1
0.0000000000000000E+00	0.0000000000000000E+00	7.8867295760844724E-01	3.2899367018424697E-01	9.7498347159698096E-01	

gamma2
0.0000000000000000E+00	1.0000000000000000E+00	1.2121067060774879E-01	3.7008718780569105E-01	-2.1235103458018648E-01	

gamma3
0.0000000000000000E+00	0.0000000000000000E+00	0.0000000000000000E+00	0.0000000000000000E+00	4.1003090620698868E-01	

delta
1.0000000000000000E+00	7.4346896467086321E-01	6.9634411844984229E-02	0.0000000000000000E+00	

r
1.0631766300321033E+00	

errcoeff
4.2924452465078734E-02	

v
1.0000000000000000E+00	
3.5616859132507894E-01	
3.4313775628541077E-01	
5.2149853459488416E-01	
3.7052819342981214E-01	

==============================================================

