#stage		 order
6	 		2


A
0.0000000000000000E+00	0.0000000000000000E+00	0.0000000000000000E+00	0.0000000000000000E+00	0.0000000000000000E+00	0.0000000000000000E+00	
4.0251670280017054E-01	0.0000000000000000E+00	0.0000000000000000E+00	0.0000000000000000E+00	0.0000000000000000E+00	0.0000000000000000E+00	
1.4447705801616573E-01	7.7900854518856866E-01	0.0000000000000000E+00	0.0000000000000000E+00	0.0000000000000000E+00	0.0000000000000000E+00	
1.4318635127872922E-01	7.7257200640474222E-01	4.2080622986244898E-01	0.0000000000000000E+00	0.0000000000000000E+00	0.0000000000000000E+00	
5.2140580055932695E-02	2.9285757714407978E-01	1.1616841267010614E-01	1.0570415904421224E-01	0.0000000000000000E+00	0.0000000000000000E+00	
4.7469080501681284E-02	2.7695243099601752E-01	7.2539996053650663E-02	4.6931862495017546E-02	3.3903682253106776E-02	0.0000000000000000E+00	

b
7.9912144679759378E-02	
4.7094587797828941E-01	
1.0698075847225869E-01	
5.6542920401870547E-02	
-4.4863809565109242E-03	
2.9010467942433543E-01	

c
0.0000000000000000E+00	
4.0251670280017054E-01	
9.2348560320473438E-01	
1.3365645875459204E+00	
5.6687072891433088E-01	
4.7779705229947389E-01	

alpha
0.0000000000000000E+00	0.0000000000000000E+00	0.0000000000000000E+00	0.0000000000000000E+00	0.0000000000000000E+00	0.0000000000000000E+00	0.0000000000000000E+00	
0.0000000000000000E+00	0.0000000000000000E+00	0.0000000000000000E+00	0.0000000000000000E+00	0.0000000000000000E+00	0.0000000000000000E+00	0.0000000000000000E+00	
0.0000000000000000E+00	0.0000000000000000E+00	0.0000000000000000E+00	0.0000000000000000E+00	0.0000000000000000E+00	0.0000000000000000E+00	0.0000000000000000E+00	
0.0000000000000000E+00	0.0000000000000000E+00	0.0000000000000000E+00	0.0000000000000000E+00	0.0000000000000000E+00	0.0000000000000000E+00	0.0000000000000000E+00	
0.0000000000000000E+00	0.0000000000000000E+00	0.0000000000000000E+00	0.0000000000000000E+00	0.0000000000000000E+00	0.0000000000000000E+00	0.0000000000000000E+00	
0.0000000000000000E+00	0.0000000000000000E+00	0.0000000000000000E+00	0.0000000000000000E+00	0.0000000000000000E+00	0.0000000000000000E+00	0.0000000000000000E+00	
0.0000000000000000E+00	0.0000000000000000E+00	0.0000000000000000E+00	0.0000000000000000E+00	-0.0000000000000000E+00	0.0000000000000000E+00	0.0000000000000000E+00	

beta
0.0000000000000000E+00	0.0000000000000000E+00	0.0000000000000000E+00	0.0000000000000000E+00	0.0000000000000000E+00	0.0000000000000000E+00	0.0000000000000000E+00	
4.0251670280017054E-01	0.0000000000000000E+00	0.0000000000000000E+00	0.0000000000000000E+00	0.0000000000000000E+00	0.0000000000000000E+00	0.0000000000000000E+00	
1.4447705801616573E-01	7.7900854518856866E-01	0.0000000000000000E+00	0.0000000000000000E+00	0.0000000000000000E+00	0.0000000000000000E+00	0.0000000000000000E+00	
1.4318635127872922E-01	7.7257200640474222E-01	4.2080622986244898E-01	0.0000000000000000E+00	0.0000000000000000E+00	0.0000000000000000E+00	0.0000000000000000E+00	
5.2140580055932695E-02	2.9285757714407978E-01	1.1616841267010614E-01	1.0570415904421224E-01	0.0000000000000000E+00	0.0000000000000000E+00	0.0000000000000000E+00	
4.7469080501681284E-02	2.7695243099601752E-01	7.2539996053650663E-02	4.6931862495017546E-02	3.3903682253106776E-02	0.0000000000000000E+00	0.0000000000000000E+00	
7.9912144679759378E-02	4.7094587797828941E-01	1.0698075847225869E-01	5.6542920401870547E-02	-4.4863809565109242E-03	2.9010467942433543E-01	0.0000000000000000E+00	

gamma1
0.0000000000000000E+00	0.0000000000000000E+00	3.7709609023989898E-01	9.8712330297391482E-01	2.3950507171681901E-01	1.8263059352049271E-01	-1.3232724761334236E-01	

gamma2
0.0000000000000000E+00	1.0000000000000000E+00	6.4106568246463214E-01	8.5033810493140606E-03	1.8825901672771606E-01	2.5653339621199744E-01	5.8270114583116794E-01	

gamma3
0.0000000000000000E+00	0.0000000000000000E+00	0.0000000000000000E+00	0.0000000000000000E+00	4.3885723849931013E-01	1.1772398100201945E-01	-4.5687788950011093E-01	

delta
1.0000000000000000E+00	-2.8330595758466828E-02	5.4263378309169175E-01	1.9418172549867352E-01	1.0188224701776252E+00	0.0000000000000000E+00	

r
0.0000000000000000E+00	

errcoeff
1.9661613240910786E-02	

v
1.0000000000000000E+00	
1.0000000000000000E+00	
1.0000000000000000E+00	
1.0000000000000000E+00	
1.0000000000000000E+00	
1.0000000000000000E+00	
1.0000000000000000E+00	

==============================================================

