#stage		 order
8	 		2


A
0.0000000000000000E+00	0.0000000000000000E+00	0.0000000000000000E+00	0.0000000000000000E+00	0.0000000000000000E+00	0.0000000000000000E+00	0.0000000000000000E+00	0.0000000000000000E+00	
9.9292229393265474E-01	0.0000000000000000E+00	0.0000000000000000E+00	0.0000000000000000E+00	0.0000000000000000E+00	0.0000000000000000E+00	0.0000000000000000E+00	0.0000000000000000E+00	
5.5215747675644167E-01	5.2108385130005974E-01	0.0000000000000000E+00	0.0000000000000000E+00	0.0000000000000000E+00	0.0000000000000000E+00	0.0000000000000000E+00	0.0000000000000000E+00	
2.3502148781179510E-01	1.1698584577944593E-02	3.8505327083543915E-03	0.0000000000000000E+00	0.0000000000000000E+00	0.0000000000000000E+00	0.0000000000000000E+00	0.0000000000000000E+00	
2.2781861288361127E-01	2.1497281587391337E-02	3.2096062961010797E-03	7.9714199213087467E-01	0.0000000000000000E+00	0.0000000000000000E+00	0.0000000000000000E+00	0.0000000000000000E+00	
1.5506784235205706E-01	9.5621874109832652E-02	-1.9848505663176454E-03	-8.4176277611612615E-01	-8.1822460276649120E-02	0.0000000000000000E+00	0.0000000000000000E+00	0.0000000000000000E+00	
-1.7733843143458605E-01	7.1952319511011248E-02	-7.0641787862480761E-03	-2.1364195055526003E+00	-1.8401446906817526E-01	8.4604310411858186E-01	0.0000000000000000E+00	0.0000000000000000E+00	
6.2778871834213068E-01	6.8599150876693438E-02	8.3626766837729370E-03	2.0366533412186847E+00	1.5641548742201328E-01	-6.8208347667848590E-01	-1.0191166090841246E-01	0.0000000000000000E+00	

b
4.2169245463831673E-01	
9.6040711707163828E-02	
3.0451520769069537E-03	
5.1404563167559880E-01	
2.8572411297251452E-02	
-1.0074038250824524E-01	
-2.5846214925099822E-02	
6.3190236038107500E-02	

c
0.0000000000000000E+00	
9.9292229393265474E-01	
1.0732413280565014E+00	
2.5057060509809409E-01	
1.0496674928979783E+00	
-6.7488037049720317E-01	
-1.5868411612120166E+00	
2.1138242369563969E+00	

alpha
0.0000000000000000E+00	0.0000000000000000E+00	0.0000000000000000E+00	0.0000000000000000E+00	0.0000000000000000E+00	0.0000000000000000E+00	0.0000000000000000E+00	0.0000000000000000E+00	0.0000000000000000E+00	
0.0000000000000000E+00	0.0000000000000000E+00	0.0000000000000000E+00	0.0000000000000000E+00	0.0000000000000000E+00	0.0000000000000000E+00	0.0000000000000000E+00	0.0000000000000000E+00	0.0000000000000000E+00	
0.0000000000000000E+00	0.0000000000000000E+00	0.0000000000000000E+00	0.0000000000000000E+00	0.0000000000000000E+00	0.0000000000000000E+00	0.0000000000000000E+00	0.0000000000000000E+00	0.0000000000000000E+00	
0.0000000000000000E+00	0.0000000000000000E+00	0.0000000000000000E+00	0.0000000000000000E+00	0.0000000000000000E+00	0.0000000000000000E+00	0.0000000000000000E+00	0.0000000000000000E+00	0.0000000000000000E+00	
0.0000000000000000E+00	0.0000000000000000E+00	0.0000000000000000E+00	0.0000000000000000E+00	0.0000000000000000E+00	0.0000000000000000E+00	0.0000000000000000E+00	0.0000000000000000E+00	0.0000000000000000E+00	
0.0000000000000000E+00	0.0000000000000000E+00	-0.0000000000000000E+00	-0.0000000000000000E+00	-0.0000000000000000E+00	0.0000000000000000E+00	0.0000000000000000E+00	0.0000000000000000E+00	0.0000000000000000E+00	
-0.0000000000000000E+00	0.0000000000000000E+00	-0.0000000000000000E+00	-0.0000000000000000E+00	-0.0000000000000000E+00	0.0000000000000000E+00	0.0000000000000000E+00	0.0000000000000000E+00	0.0000000000000000E+00	
0.0000000000000000E+00	0.0000000000000000E+00	0.0000000000000000E+00	0.0000000000000000E+00	0.0000000000000000E+00	-0.0000000000000000E+00	-0.0000000000000000E+00	0.0000000000000000E+00	0.0000000000000000E+00	
0.0000000000000000E+00	0.0000000000000000E+00	0.0000000000000000E+00	0.0000000000000000E+00	0.0000000000000000E+00	-0.0000000000000000E+00	-0.0000000000000000E+00	0.0000000000000000E+00	0.0000000000000000E+00	

beta
0.0000000000000000E+00	0.0000000000000000E+00	0.0000000000000000E+00	0.0000000000000000E+00	0.0000000000000000E+00	0.0000000000000000E+00	0.0000000000000000E+00	0.0000000000000000E+00	0.0000000000000000E+00	
9.9292229393265474E-01	0.0000000000000000E+00	0.0000000000000000E+00	0.0000000000000000E+00	0.0000000000000000E+00	0.0000000000000000E+00	0.0000000000000000E+00	0.0000000000000000E+00	0.0000000000000000E+00	
5.5215747675644167E-01	5.2108385130005974E-01	0.0000000000000000E+00	0.0000000000000000E+00	0.0000000000000000E+00	0.0000000000000000E+00	0.0000000000000000E+00	0.0000000000000000E+00	0.0000000000000000E+00	
2.3502148781179510E-01	1.1698584577944593E-02	3.8505327083543915E-03	0.0000000000000000E+00	0.0000000000000000E+00	0.0000000000000000E+00	0.0000000000000000E+00	0.0000000000000000E+00	0.0000000000000000E+00	
2.2781861288361127E-01	2.1497281587391337E-02	3.2096062961010797E-03	7.9714199213087467E-01	0.0000000000000000E+00	0.0000000000000000E+00	0.0000000000000000E+00	0.0000000000000000E+00	0.0000000000000000E+00	
1.5506784235205706E-01	9.5621874109832652E-02	-1.9848505663176454E-03	-8.4176277611612615E-01	-8.1822460276649120E-02	0.0000000000000000E+00	0.0000000000000000E+00	0.0000000000000000E+00	0.0000000000000000E+00	
-1.7733843143458605E-01	7.1952319511011248E-02	-7.0641787862480761E-03	-2.1364195055526003E+00	-1.8401446906817526E-01	8.4604310411858186E-01	0.0000000000000000E+00	0.0000000000000000E+00	0.0000000000000000E+00	
6.2778871834213068E-01	6.8599150876693438E-02	8.3626766837729370E-03	2.0366533412186847E+00	1.5641548742201328E-01	-6.8208347667848590E-01	-1.0191166090841246E-01	0.0000000000000000E+00	0.0000000000000000E+00	
4.2169245463831673E-01	9.6040711707163828E-02	3.0451520769069537E-03	5.1404563167559880E-01	2.8572411297251452E-02	-1.0074038250824524E-01	-2.5846214925099822E-02	6.3190236038107500E-02	0.0000000000000000E+00	

gamma1
0.0000000000000000E+00	0.0000000000000000E+00	4.2397552118208004E-01	-2.3528852074619033E-01	7.9598685017877846E-01	-1.3205224623823271E+00	2.1452956294251941E+00	-9.5532770501880648E-01	2.5361391125131094E-01	

gamma2
0.0000000000000000E+00	1.0000000000000000E+00	4.4390665802303775E-01	7.5333732286056154E-01	6.5885460813015481E-02	6.3976199384289623E-01	-7.3823030755143193E-01	7.0177211879534529E-01	4.0185379950224559E-01	

gamma3
0.0000000000000000E+00	0.0000000000000000E+00	0.0000000000000000E+00	0.0000000000000000E+00	5.8415358412023582E-02	6.4219008773865116E-01	6.8770305706885126E-01	6.3729822311671305E-02	-3.3679429978131387E-01	

delta
1.0000000000000000E+00	2.9762522910396538E-01	3.4212961014330662E-01	5.7010739154759105E-01	4.1350769551529132E-01	-1.4040672669058066E-01	2.1249567092409008E-01	0.0000000000000000E+00	

r
0.0000000000000000E+00	

errcoeff
1.1293974197035480E-02	

v
1.0000000000000000E+00	
1.0000000000000000E+00	
1.0000000000000000E+00	
1.0000000000000000E+00	
1.0000000000000000E+00	
1.0000000000000000E+00	
1.0000000000000000E+00	
1.0000000000000000E+00	
1.0000000000000000E+00	

==============================================================

