#stage		 order
19	 		2


A
0.0000000000000000E+00	0.0000000000000000E+00	0.0000000000000000E+00	0.0000000000000000E+00	0.0000000000000000E+00	0.0000000000000000E+00	0.0000000000000000E+00	0.0000000000000000E+00	0.0000000000000000E+00	0.0000000000000000E+00	0.0000000000000000E+00	0.0000000000000000E+00	0.0000000000000000E+00	0.0000000000000000E+00	0.0000000000000000E+00	0.0000000000000000E+00	0.0000000000000000E+00	0.0000000000000000E+00	0.0000000000000000E+00	
1.2031315774538784E+00	0.0000000000000000E+00	0.0000000000000000E+00	0.0000000000000000E+00	0.0000000000000000E+00	0.0000000000000000E+00	0.0000000000000000E+00	0.0000000000000000E+00	0.0000000000000000E+00	0.0000000000000000E+00	0.0000000000000000E+00	0.0000000000000000E+00	0.0000000000000000E+00	0.0000000000000000E+00	0.0000000000000000E+00	0.0000000000000000E+00	0.0000000000000000E+00	0.0000000000000000E+00	0.0000000000000000E+00	
3.2701152078871720E-01	9.2230468922363484E-01	0.0000000000000000E+00	0.0000000000000000E+00	0.0000000000000000E+00	0.0000000000000000E+00	0.0000000000000000E+00	0.0000000000000000E+00	0.0000000000000000E+00	0.0000000000000000E+00	0.0000000000000000E+00	0.0000000000000000E+00	0.0000000000000000E+00	0.0000000000000000E+00	0.0000000000000000E+00	0.0000000000000000E+00	0.0000000000000000E+00	0.0000000000000000E+00	0.0000000000000000E+00	
2.9117961605582510E-01	2.6281588185610205E-01	2.1617392168475424E-01	0.0000000000000000E+00	0.0000000000000000E+00	0.0000000000000000E+00	0.0000000000000000E+00	0.0000000000000000E+00	0.0000000000000000E+00	0.0000000000000000E+00	0.0000000000000000E+00	0.0000000000000000E+00	0.0000000000000000E+00	0.0000000000000000E+00	0.0000000000000000E+00	0.0000000000000000E+00	0.0000000000000000E+00	0.0000000000000000E+00	0.0000000000000000E+00	
1.4770927451418536E-01	1.0714338931470892E-01	-2.8938918896116175E-02	2.3930394033295618E-01	0.0000000000000000E+00	0.0000000000000000E+00	0.0000000000000000E+00	0.0000000000000000E+00	0.0000000000000000E+00	0.0000000000000000E+00	0.0000000000000000E+00	0.0000000000000000E+00	0.0000000000000000E+00	0.0000000000000000E+00	0.0000000000000000E+00	0.0000000000000000E+00	0.0000000000000000E+00	0.0000000000000000E+00	0.0000000000000000E+00	
1.2688914758505146E-01	9.6440735034470051E-02	-1.5659580086781616E-03	4.4786006099328673E-02	-4.6206250193264103E-02	0.0000000000000000E+00	0.0000000000000000E+00	0.0000000000000000E+00	0.0000000000000000E+00	0.0000000000000000E+00	0.0000000000000000E+00	0.0000000000000000E+00	0.0000000000000000E+00	0.0000000000000000E+00	0.0000000000000000E+00	0.0000000000000000E+00	0.0000000000000000E+00	0.0000000000000000E+00	0.0000000000000000E+00	
9.1686839666381623E-02	7.0047788185657170E-02	7.8612316924593162E-04	1.9124601888486113E-02	8.2830177744747102E-04	-1.5438710055824500E-04	0.0000000000000000E+00	0.0000000000000000E+00	0.0000000000000000E+00	0.0000000000000000E+00	0.0000000000000000E+00	0.0000000000000000E+00	0.0000000000000000E+00	0.0000000000000000E+00	0.0000000000000000E+00	0.0000000000000000E+00	0.0000000000000000E+00	0.0000000000000000E+00	0.0000000000000000E+00	
1.1740717692240675E-01	8.9695330393462322E-02	9.9327047951415048E-04	2.4581855696630531E-02	8.2194545507538767E-04	-1.9132427991591053E-04	1.6056774341829547E-02	0.0000000000000000E+00	0.0000000000000000E+00	0.0000000000000000E+00	0.0000000000000000E+00	0.0000000000000000E+00	0.0000000000000000E+00	0.0000000000000000E+00	0.0000000000000000E+00	0.0000000000000000E+00	0.0000000000000000E+00	0.0000000000000000E+00	0.0000000000000000E+00	
9.9677454977473046E-02	7.6108992603887815E-02	6.2409648432589643E-04	2.2382632743875919E-02	-3.2129114854804706E-03	-5.8042064264620871E-05	4.5258573020548476E-03	3.7972974256659703E-01	0.0000000000000000E+00	0.0000000000000000E+00	0.0000000000000000E+00	0.0000000000000000E+00	0.0000000000000000E+00	0.0000000000000000E+00	0.0000000000000000E+00	0.0000000000000000E+00	0.0000000000000000E+00	0.0000000000000000E+00	0.0000000000000000E+00	
-2.5371205942251701E-02	-1.9341654157545553E-02	3.1576821548637887E-06	-6.8154060767402925E-03	3.7084865062995531E-03	-6.2388417282126983E-05	5.5790233890414672E-03	5.9518862614515822E-01	1.7785652159464149E-02	0.0000000000000000E+00	0.0000000000000000E+00	0.0000000000000000E+00	0.0000000000000000E+00	0.0000000000000000E+00	0.0000000000000000E+00	0.0000000000000000E+00	0.0000000000000000E+00	0.0000000000000000E+00	0.0000000000000000E+00	
5.4912648181011013E-02	4.1930447332018943E-02	3.5305617541313847E-04	1.2266893659808169E-02	-1.6051506596952796E-03	-3.6376038048266501E-05	2.8771720170642913E-03	2.4864942869513543E-01	7.4637732325695677E-03	-9.7461063427733141E-03	0.0000000000000000E+00	0.0000000000000000E+00	0.0000000000000000E+00	0.0000000000000000E+00	0.0000000000000000E+00	0.0000000000000000E+00	0.0000000000000000E+00	0.0000000000000000E+00	0.0000000000000000E+00	
1.6752423332840524E-01	1.2788304950329291E-01	8.8722179997259641E-04	3.8733630550939792E-02	-8.2845099037618664E-03	-2.0547459815465439E-05	8.8942487035200118E-04	-5.2206978792583514E-02	-1.4754492073033969E-03	4.4406595012231008E-03	-1.7163591637695309E-02	0.0000000000000000E+00	0.0000000000000000E+00	0.0000000000000000E+00	0.0000000000000000E+00	0.0000000000000000E+00	0.0000000000000000E+00	0.0000000000000000E+00	0.0000000000000000E+00	
-2.3162513021250650E-02	-1.7670238699553122E-02	-6.2633586164110666E-05	-5.7698607940380956E-03	2.2166615849561122E-03	-2.5753246515134497E-05	2.3713569601018824E-03	2.6359683872761797E-01	7.8707954576359533E-03	-1.1420167504926727E-02	3.4960216644717837E-02	1.0101860950806256E+00	0.0000000000000000E+00	0.0000000000000000E+00	0.0000000000000000E+00	0.0000000000000000E+00	0.0000000000000000E+00	0.0000000000000000E+00	0.0000000000000000E+00	
2.1621956681566357E-01	1.6505830798569465E-01	1.1593046871519312E-03	4.9894644477973600E-02	-1.0439461571920571E-02	-3.3277770758554731E-05	1.7374433880493092E-03	-6.7925610496434932E-03	-9.2439297327348872E-05	3.1776360032852919E-03	-1.4451351899397322E-02	-2.9557989028567200E-01	-1.3221500593263905E-01	0.0000000000000000E+00	0.0000000000000000E+00	0.0000000000000000E+00	0.0000000000000000E+00	0.0000000000000000E+00	0.0000000000000000E+00	
1.2553856572888875E-01	9.5837563522553904E-02	6.9203425259491841E-04	2.8838480705537409E-02	-5.7233915962136639E-03	-2.8339124565433141E-05	1.7954147645138602E-03	7.6910867829977816E-02	2.3642235534820444E-03	-1.5630141222379452E-03	1.8865187854065508E-03	1.2936322044065160E-01	-6.6984381022344719E-06	-1.2957867843376407E-05	0.0000000000000000E+00	0.0000000000000000E+00	0.0000000000000000E+00	0.0000000000000000E+00	0.0000000000000000E+00	
1.2781302747404705E-01	9.7573236331729138E-02	7.0098753067969997E-04	2.9385709580515274E-02	-5.8910470663361570E-03	-2.7145230977131154E-05	1.6790093934844501E-03	6.2996210053561180E-02	1.9492811733958699E-03	-9.4610585881521267E-04	-2.5045566498523237E-05	7.4723062159695264E-02	-1.4539348625800827E-02	2.5468839112812374E-05	1.2046902771122400E-01	0.0000000000000000E+00	0.0000000000000000E+00	0.0000000000000000E+00	0.0000000000000000E+00	
1.3978223871779161E-01	1.0671360825695908E-01	7.8253651072203575E-04	3.2027792354762219E-02	-6.1589506982220564E-03	-3.7262047922742594E-05	2.4970049158932464E-03	1.3681167673634081E-01	4.1628009678912796E-03	-3.8973244133210325E-03	8.6051189983041149E-03	3.3453612846672165E-01	4.8574291715028424E-02	-1.4367206480835442E-04	-6.4082185053753404E-01	3.4463184119370965E-01	0.0000000000000000E+00	0.0000000000000000E+00	0.0000000000000000E+00	
5.6644776972886390E-02	4.3227807210724278E-02	2.3041531367397425E-04	1.3577236672576792E-02	-4.0427192704976106E-03	2.6191651020276351E-05	-2.5900726329821794E-03	-3.1478324608182995E-01	-9.3843438652832078E-03	1.4025372876087436E-02	-4.3570430373319202E-02	-1.2425818339954571E+00	-3.3178310360962254E-01	8.7680116468916223E-04	3.9517619372553612E+00	-2.1166619150970885E+00	5.0657370346881792E-01	0.0000000000000000E+00	0.0000000000000000E+00	
5.7908858181056289E-01	4.4217961799911099E-01	3.7049307598141295E-03	1.2948825446366535E-01	-1.7253308063558102E-02	-3.7490684919680797E-04	2.9582550869414130E-02	2.5441472138549570E+00	7.6377135180171390E-02	-9.9490436822129685E-02	2.8698315761226384E-01	8.7465911695991192E+00	2.0784166659829442E+00	-5.5891504214518137E-03	-2.5148093599684906E+01	1.3478721846653166E+01	-3.2179928431881977E+00	5.8576698143340988E-01	0.0000000000000000E+00	

b
-1.6922761627932947E-02	
-1.2913784637331055E-02	
-6.5525810072675464E-05	
-4.0790881601028266E-03	
1.2668543856403727E-03	
-9.4019195796996548E-06	
9.1136417198369910E-04	
1.0818268963967470E-01	
3.2264537909923860E-03	
-4.7861240124323556E-03	
1.4814098000022972E-02	
4.2386163525150305E-01	
1.1254502372633819E-01	
-2.9765892846557571E-04	
-1.3414513956279313E+00	
7.1853625020128620E-01	
-1.7194570419497057E-01	
2.8058843670125400E-02	
1.1410682320812526E+00	

c
0.0000000000000000E+00	
1.2031315774538784E+00	
1.2493162100123520E+00	
7.7016941959668139E-01	
4.6521768526573426E-01	
2.2034368051690797E-01	
1.8231926758666006E-01	
2.4936502900900276E-01	
5.7977782312846948E-01	
5.7067429128829861E-01	
3.5706578625250374E-01	
2.6120714255302607E-01	
1.2630907976032075E+00	
-2.2357084449539960E-02	
4.5589248843464419E-01	
4.9588632789901699E-01	
5.0806597907231588E-01	
5.2154657765975732E-01	
4.9225386118915782E-01	

alpha
0.0000000000000000E+00	0.0000000000000000E+00	0.0000000000000000E+00	0.0000000000000000E+00	0.0000000000000000E+00	0.0000000000000000E+00	0.0000000000000000E+00	0.0000000000000000E+00	0.0000000000000000E+00	0.0000000000000000E+00	0.0000000000000000E+00	0.0000000000000000E+00	0.0000000000000000E+00	0.0000000000000000E+00	0.0000000000000000E+00	0.0000000000000000E+00	0.0000000000000000E+00	0.0000000000000000E+00	0.0000000000000000E+00	0.0000000000000000E+00	
0.0000000000000000E+00	0.0000000000000000E+00	0.0000000000000000E+00	0.0000000000000000E+00	0.0000000000000000E+00	0.0000000000000000E+00	0.0000000000000000E+00	0.0000000000000000E+00	0.0000000000000000E+00	0.0000000000000000E+00	0.0000000000000000E+00	0.0000000000000000E+00	0.0000000000000000E+00	0.0000000000000000E+00	0.0000000000000000E+00	0.0000000000000000E+00	0.0000000000000000E+00	0.0000000000000000E+00	0.0000000000000000E+00	0.0000000000000000E+00	
0.0000000000000000E+00	0.0000000000000000E+00	0.0000000000000000E+00	0.0000000000000000E+00	0.0000000000000000E+00	0.0000000000000000E+00	0.0000000000000000E+00	0.0000000000000000E+00	0.0000000000000000E+00	0.0000000000000000E+00	0.0000000000000000E+00	0.0000000000000000E+00	0.0000000000000000E+00	0.0000000000000000E+00	0.0000000000000000E+00	0.0000000000000000E+00	0.0000000000000000E+00	0.0000000000000000E+00	0.0000000000000000E+00	0.0000000000000000E+00	
0.0000000000000000E+00	0.0000000000000000E+00	0.0000000000000000E+00	0.0000000000000000E+00	0.0000000000000000E+00	0.0000000000000000E+00	0.0000000000000000E+00	0.0000000000000000E+00	0.0000000000000000E+00	0.0000000000000000E+00	0.0000000000000000E+00	0.0000000000000000E+00	0.0000000000000000E+00	0.0000000000000000E+00	0.0000000000000000E+00	0.0000000000000000E+00	0.0000000000000000E+00	0.0000000000000000E+00	0.0000000000000000E+00	0.0000000000000000E+00	
0.0000000000000000E+00	0.0000000000000000E+00	-0.0000000000000000E+00	0.0000000000000000E+00	0.0000000000000000E+00	0.0000000000000000E+00	0.0000000000000000E+00	0.0000000000000000E+00	0.0000000000000000E+00	0.0000000000000000E+00	0.0000000000000000E+00	0.0000000000000000E+00	0.0000000000000000E+00	0.0000000000000000E+00	0.0000000000000000E+00	0.0000000000000000E+00	0.0000000000000000E+00	0.0000000000000000E+00	0.0000000000000000E+00	0.0000000000000000E+00	
0.0000000000000000E+00	0.0000000000000000E+00	-0.0000000000000000E+00	0.0000000000000000E+00	-0.0000000000000000E+00	0.0000000000000000E+00	0.0000000000000000E+00	0.0000000000000000E+00	0.0000000000000000E+00	0.0000000000000000E+00	0.0000000000000000E+00	0.0000000000000000E+00	0.0000000000000000E+00	0.0000000000000000E+00	0.0000000000000000E+00	0.0000000000000000E+00	0.0000000000000000E+00	0.0000000000000000E+00	0.0000000000000000E+00	0.0000000000000000E+00	
0.0000000000000000E+00	0.0000000000000000E+00	0.0000000000000000E+00	0.0000000000000000E+00	0.0000000000000000E+00	-0.0000000000000000E+00	0.0000000000000000E+00	0.0000000000000000E+00	0.0000000000000000E+00	0.0000000000000000E+00	0.0000000000000000E+00	0.0000000000000000E+00	0.0000000000000000E+00	0.0000000000000000E+00	0.0000000000000000E+00	0.0000000000000000E+00	0.0000000000000000E+00	0.0000000000000000E+00	0.0000000000000000E+00	0.0000000000000000E+00	
0.0000000000000000E+00	0.0000000000000000E+00	0.0000000000000000E+00	0.0000000000000000E+00	0.0000000000000000E+00	-0.0000000000000000E+00	0.0000000000000000E+00	0.0000000000000000E+00	0.0000000000000000E+00	0.0000000000000000E+00	0.0000000000000000E+00	0.0000000000000000E+00	0.0000000000000000E+00	0.0000000000000000E+00	0.0000000000000000E+00	0.0000000000000000E+00	0.0000000000000000E+00	0.0000000000000000E+00	0.0000000000000000E+00	0.0000000000000000E+00	
0.0000000000000000E+00	0.0000000000000000E+00	0.0000000000000000E+00	0.0000000000000000E+00	-0.0000000000000000E+00	-0.0000000000000000E+00	0.0000000000000000E+00	0.0000000000000000E+00	0.0000000000000000E+00	0.0000000000000000E+00	0.0000000000000000E+00	0.0000000000000000E+00	0.0000000000000000E+00	0.0000000000000000E+00	0.0000000000000000E+00	0.0000000000000000E+00	0.0000000000000000E+00	0.0000000000000000E+00	0.0000000000000000E+00	0.0000000000000000E+00	
-0.0000000000000000E+00	-0.0000000000000000E+00	0.0000000000000000E+00	-0.0000000000000000E+00	0.0000000000000000E+00	-0.0000000000000000E+00	0.0000000000000000E+00	0.0000000000000000E+00	0.0000000000000000E+00	0.0000000000000000E+00	0.0000000000000000E+00	0.0000000000000000E+00	0.0000000000000000E+00	0.0000000000000000E+00	0.0000000000000000E+00	0.0000000000000000E+00	0.0000000000000000E+00	0.0000000000000000E+00	0.0000000000000000E+00	0.0000000000000000E+00	
0.0000000000000000E+00	0.0000000000000000E+00	0.0000000000000000E+00	0.0000000000000000E+00	-0.0000000000000000E+00	-0.0000000000000000E+00	0.0000000000000000E+00	0.0000000000000000E+00	0.0000000000000000E+00	-0.0000000000000000E+00	0.0000000000000000E+00	0.0000000000000000E+00	0.0000000000000000E+00	0.0000000000000000E+00	0.0000000000000000E+00	0.0000000000000000E+00	0.0000000000000000E+00	0.0000000000000000E+00	0.0000000000000000E+00	0.0000000000000000E+00	
0.0000000000000000E+00	0.0000000000000000E+00	0.0000000000000000E+00	0.0000000000000000E+00	-0.0000000000000000E+00	-0.0000000000000000E+00	0.0000000000000000E+00	-0.0000000000000000E+00	-0.0000000000000000E+00	0.0000000000000000E+00	-0.0000000000000000E+00	0.0000000000000000E+00	0.0000000000000000E+00	0.0000000000000000E+00	0.0000000000000000E+00	0.0000000000000000E+00	0.0000000000000000E+00	0.0000000000000000E+00	0.0000000000000000E+00	0.0000000000000000E+00	
-0.0000000000000000E+00	-0.0000000000000000E+00	-0.0000000000000000E+00	-0.0000000000000000E+00	0.0000000000000000E+00	-0.0000000000000000E+00	0.0000000000000000E+00	0.0000000000000000E+00	0.0000000000000000E+00	-0.0000000000000000E+00	0.0000000000000000E+00	0.0000000000000000E+00	0.0000000000000000E+00	0.0000000000000000E+00	0.0000000000000000E+00	0.0000000000000000E+00	0.0000000000000000E+00	0.0000000000000000E+00	0.0000000000000000E+00	0.0000000000000000E+00	
0.0000000000000000E+00	0.0000000000000000E+00	0.0000000000000000E+00	0.0000000000000000E+00	-0.0000000000000000E+00	-0.0000000000000000E+00	0.0000000000000000E+00	-0.0000000000000000E+00	-0.0000000000000000E+00	0.0000000000000000E+00	-0.0000000000000000E+00	-0.0000000000000000E+00	-0.0000000000000000E+00	0.0000000000000000E+00	0.0000000000000000E+00	0.0000000000000000E+00	0.0000000000000000E+00	0.0000000000000000E+00	0.0000000000000000E+00	0.0000000000000000E+00	
0.0000000000000000E+00	0.0000000000000000E+00	0.0000000000000000E+00	0.0000000000000000E+00	-0.0000000000000000E+00	-0.0000000000000000E+00	0.0000000000000000E+00	0.0000000000000000E+00	0.0000000000000000E+00	-0.0000000000000000E+00	0.0000000000000000E+00	0.0000000000000000E+00	-0.0000000000000000E+00	-0.0000000000000000E+00	0.0000000000000000E+00	0.0000000000000000E+00	0.0000000000000000E+00	0.0000000000000000E+00	0.0000000000000000E+00	0.0000000000000000E+00	
0.0000000000000000E+00	0.0000000000000000E+00	0.0000000000000000E+00	0.0000000000000000E+00	-0.0000000000000000E+00	-0.0000000000000000E+00	0.0000000000000000E+00	0.0000000000000000E+00	0.0000000000000000E+00	-0.0000000000000000E+00	-0.0000000000000000E+00	0.0000000000000000E+00	-0.0000000000000000E+00	0.0000000000000000E+00	0.0000000000000000E+00	0.0000000000000000E+00	0.0000000000000000E+00	0.0000000000000000E+00	0.0000000000000000E+00	0.0000000000000000E+00	
0.0000000000000000E+00	0.0000000000000000E+00	0.0000000000000000E+00	0.0000000000000000E+00	-0.0000000000000000E+00	-0.0000000000000000E+00	0.0000000000000000E+00	0.0000000000000000E+00	0.0000000000000000E+00	-0.0000000000000000E+00	0.0000000000000000E+00	0.0000000000000000E+00	0.0000000000000000E+00	-0.0000000000000000E+00	-0.0000000000000000E+00	0.0000000000000000E+00	0.0000000000000000E+00	0.0000000000000000E+00	0.0000000000000000E+00	0.0000000000000000E+00	
0.0000000000000000E+00	0.0000000000000000E+00	0.0000000000000000E+00	0.0000000000000000E+00	-0.0000000000000000E+00	0.0000000000000000E+00	-0.0000000000000000E+00	-0.0000000000000000E+00	-0.0000000000000000E+00	0.0000000000000000E+00	-0.0000000000000000E+00	-0.0000000000000000E+00	-0.0000000000000000E+00	0.0000000000000000E+00	0.0000000000000000E+00	-0.0000000000000000E+00	0.0000000000000000E+00	0.0000000000000000E+00	0.0000000000000000E+00	0.0000000000000000E+00	
0.0000000000000000E+00	0.0000000000000000E+00	0.0000000000000000E+00	0.0000000000000000E+00	-0.0000000000000000E+00	-0.0000000000000000E+00	0.0000000000000000E+00	0.0000000000000000E+00	0.0000000000000000E+00	-0.0000000000000000E+00	0.0000000000000000E+00	0.0000000000000000E+00	0.0000000000000000E+00	-0.0000000000000000E+00	-0.0000000000000000E+00	0.0000000000000000E+00	-0.0000000000000000E+00	0.0000000000000000E+00	0.0000000000000000E+00	0.0000000000000000E+00	
-0.0000000000000000E+00	-0.0000000000000000E+00	-0.0000000000000000E+00	-0.0000000000000000E+00	0.0000000000000000E+00	-0.0000000000000000E+00	0.0000000000000000E+00	0.0000000000000000E+00	0.0000000000000000E+00	-0.0000000000000000E+00	0.0000000000000000E+00	0.0000000000000000E+00	0.0000000000000000E+00	-0.0000000000000000E+00	-0.0000000000000000E+00	0.0000000000000000E+00	-0.0000000000000000E+00	0.0000000000000000E+00	0.0000000000000000E+00	0.0000000000000000E+00	

beta
0.0000000000000000E+00	0.0000000000000000E+00	0.0000000000000000E+00	0.0000000000000000E+00	0.0000000000000000E+00	0.0000000000000000E+00	0.0000000000000000E+00	0.0000000000000000E+00	0.0000000000000000E+00	0.0000000000000000E+00	0.0000000000000000E+00	0.0000000000000000E+00	0.0000000000000000E+00	0.0000000000000000E+00	0.0000000000000000E+00	0.0000000000000000E+00	0.0000000000000000E+00	0.0000000000000000E+00	0.0000000000000000E+00	0.0000000000000000E+00	
1.2031315774538784E+00	0.0000000000000000E+00	0.0000000000000000E+00	0.0000000000000000E+00	0.0000000000000000E+00	0.0000000000000000E+00	0.0000000000000000E+00	0.0000000000000000E+00	0.0000000000000000E+00	0.0000000000000000E+00	0.0000000000000000E+00	0.0000000000000000E+00	0.0000000000000000E+00	0.0000000000000000E+00	0.0000000000000000E+00	0.0000000000000000E+00	0.0000000000000000E+00	0.0000000000000000E+00	0.0000000000000000E+00	0.0000000000000000E+00	
3.2701152078871720E-01	9.2230468922363484E-01	0.0000000000000000E+00	0.0000000000000000E+00	0.0000000000000000E+00	0.0000000000000000E+00	0.0000000000000000E+00	0.0000000000000000E+00	0.0000000000000000E+00	0.0000000000000000E+00	0.0000000000000000E+00	0.0000000000000000E+00	0.0000000000000000E+00	0.0000000000000000E+00	0.0000000000000000E+00	0.0000000000000000E+00	0.0000000000000000E+00	0.0000000000000000E+00	0.0000000000000000E+00	0.0000000000000000E+00	
2.9117961605582510E-01	2.6281588185610205E-01	2.1617392168475424E-01	0.0000000000000000E+00	0.0000000000000000E+00	0.0000000000000000E+00	0.0000000000000000E+00	0.0000000000000000E+00	0.0000000000000000E+00	0.0000000000000000E+00	0.0000000000000000E+00	0.0000000000000000E+00	0.0000000000000000E+00	0.0000000000000000E+00	0.0000000000000000E+00	0.0000000000000000E+00	0.0000000000000000E+00	0.0000000000000000E+00	0.0000000000000000E+00	0.0000000000000000E+00	
1.4770927451418536E-01	1.0714338931470892E-01	-2.8938918896116175E-02	2.3930394033295618E-01	0.0000000000000000E+00	0.0000000000000000E+00	0.0000000000000000E+00	0.0000000000000000E+00	0.0000000000000000E+00	0.0000000000000000E+00	0.0000000000000000E+00	0.0000000000000000E+00	0.0000000000000000E+00	0.0000000000000000E+00	0.0000000000000000E+00	0.0000000000000000E+00	0.0000000000000000E+00	0.0000000000000000E+00	0.0000000000000000E+00	0.0000000000000000E+00	
1.2688914758505146E-01	9.6440735034470051E-02	-1.5659580086781616E-03	4.4786006099328673E-02	-4.6206250193264103E-02	0.0000000000000000E+00	0.0000000000000000E+00	0.0000000000000000E+00	0.0000000000000000E+00	0.0000000000000000E+00	0.0000000000000000E+00	0.0000000000000000E+00	0.0000000000000000E+00	0.0000000000000000E+00	0.0000000000000000E+00	0.0000000000000000E+00	0.0000000000000000E+00	0.0000000000000000E+00	0.0000000000000000E+00	0.0000000000000000E+00	
9.1686839666381623E-02	7.0047788185657170E-02	7.8612316924593162E-04	1.9124601888486113E-02	8.2830177744747102E-04	-1.5438710055824500E-04	0.0000000000000000E+00	0.0000000000000000E+00	0.0000000000000000E+00	0.0000000000000000E+00	0.0000000000000000E+00	0.0000000000000000E+00	0.0000000000000000E+00	0.0000000000000000E+00	0.0000000000000000E+00	0.0000000000000000E+00	0.0000000000000000E+00	0.0000000000000000E+00	0.0000000000000000E+00	0.0000000000000000E+00	
1.1740717692240675E-01	8.9695330393462322E-02	9.9327047951415048E-04	2.4581855696630531E-02	8.2194545507538767E-04	-1.9132427991591053E-04	1.6056774341829547E-02	0.0000000000000000E+00	0.0000000000000000E+00	0.0000000000000000E+00	0.0000000000000000E+00	0.0000000000000000E+00	0.0000000000000000E+00	0.0000000000000000E+00	0.0000000000000000E+00	0.0000000000000000E+00	0.0000000000000000E+00	0.0000000000000000E+00	0.0000000000000000E+00	0.0000000000000000E+00	
9.9677454977473046E-02	7.6108992603887815E-02	6.2409648432589643E-04	2.2382632743875919E-02	-3.2129114854804706E-03	-5.8042064264620871E-05	4.5258573020548476E-03	3.7972974256659703E-01	0.0000000000000000E+00	0.0000000000000000E+00	0.0000000000000000E+00	0.0000000000000000E+00	0.0000000000000000E+00	0.0000000000000000E+00	0.0000000000000000E+00	0.0000000000000000E+00	0.0000000000000000E+00	0.0000000000000000E+00	0.0000000000000000E+00	0.0000000000000000E+00	
-2.5371205942251701E-02	-1.9341654157545553E-02	3.1576821548637887E-06	-6.8154060767402925E-03	3.7084865062995531E-03	-6.2388417282126983E-05	5.5790233890414672E-03	5.9518862614515822E-01	1.7785652159464149E-02	0.0000000000000000E+00	0.0000000000000000E+00	0.0000000000000000E+00	0.0000000000000000E+00	0.0000000000000000E+00	0.0000000000000000E+00	0.0000000000000000E+00	0.0000000000000000E+00	0.0000000000000000E+00	0.0000000000000000E+00	0.0000000000000000E+00	
5.4912648181011013E-02	4.1930447332018943E-02	3.5305617541313847E-04	1.2266893659808169E-02	-1.6051506596952796E-03	-3.6376038048266501E-05	2.8771720170642913E-03	2.4864942869513543E-01	7.4637732325695677E-03	-9.7461063427733141E-03	0.0000000000000000E+00	0.0000000000000000E+00	0.0000000000000000E+00	0.0000000000000000E+00	0.0000000000000000E+00	0.0000000000000000E+00	0.0000000000000000E+00	0.0000000000000000E+00	0.0000000000000000E+00	0.0000000000000000E+00	
1.6752423332840524E-01	1.2788304950329291E-01	8.8722179997259641E-04	3.8733630550939792E-02	-8.2845099037618664E-03	-2.0547459815465439E-05	8.8942487035200118E-04	-5.2206978792583514E-02	-1.4754492073033969E-03	4.4406595012231008E-03	-1.7163591637695309E-02	0.0000000000000000E+00	0.0000000000000000E+00	0.0000000000000000E+00	0.0000000000000000E+00	0.0000000000000000E+00	0.0000000000000000E+00	0.0000000000000000E+00	0.0000000000000000E+00	0.0000000000000000E+00	
-2.3162513021250650E-02	-1.7670238699553122E-02	-6.2633586164110666E-05	-5.7698607940380956E-03	2.2166615849561122E-03	-2.5753246515134497E-05	2.3713569601018824E-03	2.6359683872761797E-01	7.8707954576359533E-03	-1.1420167504926727E-02	3.4960216644717837E-02	1.0101860950806256E+00	0.0000000000000000E+00	0.0000000000000000E+00	0.0000000000000000E+00	0.0000000000000000E+00	0.0000000000000000E+00	0.0000000000000000E+00	0.0000000000000000E+00	0.0000000000000000E+00	
2.1621956681566357E-01	1.6505830798569465E-01	1.1593046871519312E-03	4.9894644477973600E-02	-1.0439461571920571E-02	-3.3277770758554731E-05	1.7374433880493092E-03	-6.7925610496434932E-03	-9.2439297327348872E-05	3.1776360032852919E-03	-1.4451351899397322E-02	-2.9557989028567200E-01	-1.3221500593263905E-01	0.0000000000000000E+00	0.0000000000000000E+00	0.0000000000000000E+00	0.0000000000000000E+00	0.0000000000000000E+00	0.0000000000000000E+00	0.0000000000000000E+00	
1.2553856572888875E-01	9.5837563522553904E-02	6.9203425259491841E-04	2.8838480705537409E-02	-5.7233915962136639E-03	-2.8339124565433141E-05	1.7954147645138602E-03	7.6910867829977816E-02	2.3642235534820444E-03	-1.5630141222379452E-03	1.8865187854065508E-03	1.2936322044065160E-01	-6.6984381022344719E-06	-1.2957867843376407E-05	0.0000000000000000E+00	0.0000000000000000E+00	0.0000000000000000E+00	0.0000000000000000E+00	0.0000000000000000E+00	0.0000000000000000E+00	
1.2781302747404705E-01	9.7573236331729138E-02	7.0098753067969997E-04	2.9385709580515274E-02	-5.8910470663361570E-03	-2.7145230977131154E-05	1.6790093934844501E-03	6.2996210053561180E-02	1.9492811733958699E-03	-9.4610585881521267E-04	-2.5045566498523237E-05	7.4723062159695264E-02	-1.4539348625800827E-02	2.5468839112812374E-05	1.2046902771122400E-01	0.0000000000000000E+00	0.0000000000000000E+00	0.0000000000000000E+00	0.0000000000000000E+00	0.0000000000000000E+00	
1.3978223871779161E-01	1.0671360825695908E-01	7.8253651072203575E-04	3.2027792354762219E-02	-6.1589506982220564E-03	-3.7262047922742594E-05	2.4970049158932464E-03	1.3681167673634081E-01	4.1628009678912796E-03	-3.8973244133210325E-03	8.6051189983041149E-03	3.3453612846672165E-01	4.8574291715028424E-02	-1.4367206480835442E-04	-6.4082185053753404E-01	3.4463184119370965E-01	0.0000000000000000E+00	0.0000000000000000E+00	0.0000000000000000E+00	0.0000000000000000E+00	
5.6644776972886390E-02	4.3227807210724278E-02	2.3041531367397425E-04	1.3577236672576792E-02	-4.0427192704976106E-03	2.6191651020276351E-05	-2.5900726329821794E-03	-3.1478324608182995E-01	-9.3843438652832078E-03	1.4025372876087436E-02	-4.3570430373319202E-02	-1.2425818339954571E+00	-3.3178310360962254E-01	8.7680116468916223E-04	3.9517619372553612E+00	-2.1166619150970885E+00	5.0657370346881792E-01	0.0000000000000000E+00	0.0000000000000000E+00	0.0000000000000000E+00	
5.7908858181056289E-01	4.4217961799911099E-01	3.7049307598141295E-03	1.2948825446366535E-01	-1.7253308063558102E-02	-3.7490684919680797E-04	2.9582550869414130E-02	2.5441472138549570E+00	7.6377135180171390E-02	-9.9490436822129685E-02	2.8698315761226384E-01	8.7465911695991192E+00	2.0784166659829442E+00	-5.5891504214518137E-03	-2.5148093599684906E+01	1.3478721846653166E+01	-3.2179928431881977E+00	5.8576698143340988E-01	0.0000000000000000E+00	0.0000000000000000E+00	
-1.6922761627932947E-02	-1.2913784637331055E-02	-6.5525810072675464E-05	-4.0790881601028266E-03	1.2668543856403727E-03	-9.4019195796996548E-06	9.1136417198369910E-04	1.0818268963967470E-01	3.2264537909923860E-03	-4.7861240124323556E-03	1.4814098000022972E-02	4.2386163525150305E-01	1.1254502372633819E-01	-2.9765892846557571E-04	-1.3414513956279313E+00	7.1853625020128620E-01	-1.7194570419497057E-01	2.8058843670125400E-02	1.1410682320812526E+00	0.0000000000000000E+00	

gamma1
0.0000000000000000E+00	0.0000000000000000E+00	5.4102500422439803E-02	6.0667424361158684E-02	-1.6921740366847648E-01	8.5947852465052765E-02	-1.4698890875386356E-01	1.2376781701152983E+00	2.4502992414471492E-01	1.5592502466902842E+00	3.8331142409684271E-01	-6.0963660453295709E-01	-2.5019478332768665E+00	-5.0135627969566510E-01	-3.9339171996751188E-02	-2.2854363170995597E+00	-5.4402743801114699E+00	-6.2356032438634585E+00	-7.1256540716538392E+00	4.7901033276856242E-02	

gamma2
0.0000000000000000E+00	1.0000000000000000E+00	7.2819970241263732E-01	5.5047732219984769E-01	3.7874204426275310E-01	1.9082118224683056E-01	1.5701230753928072E-01	5.3849868670343259E-03	9.1273312832863399E-02	-2.3376033793437259E-01	8.4766745465200910E-02	2.5250510984562241E-01	3.9956492297739060E-01	2.1134136995733901E-01	1.2965925361651864E-01	3.6230693297689187E-01	7.1607243630773820E-01	7.8470259878020898E-01	7.9370655257333222E-01	-3.6071615880990206E-02	

gamma3
0.0000000000000000E+00	0.0000000000000000E+00	0.0000000000000000E+00	0.0000000000000000E+00	4.8758458771217494E-01	4.6942255407571115E-01	6.5207414648159590E-01	-2.5622431367395798E-01	4.0378458432903103E-01	3.3202154953016050E-01	2.5715347492462015E-01	3.8464287554993631E-01	1.0984481988098829E+00	2.1319419101772572E-02	9.1937456718150540E-02	3.1818636377960391E-01	4.5484427554555440E-01	5.8271740895018664E-01	6.2324382639013887E-01	1.2930613282802561E+00	

delta
1.0000000000000000E+00	2.9895342780786183E-01	4.0744307166105176E-01	9.3331907455503266E-02	5.3035669276907471E-01	8.2199112941645769E-01	2.9196997129859381E-01	4.0357892271296547E-01	-3.4866277475647793E-02	4.2870517429974614E-01	6.0989811578290265E-01	1.1639297386360126E+00	9.8777080518870541E-01	3.0379501747350640E-01	8.8302133437786079E-01	1.6881458823590048E-01	1.1953220152402845E-01	9.7414699967159657E-01	0.0000000000000000E+00	

r
0.0000000000000000E+00	

errcoeff
2.0475771921221733E-03	

v
1.0000000000000000E+00	
1.0000000000000000E+00	
1.0000000000000000E+00	
1.0000000000000000E+00	
1.0000000000000000E+00	
1.0000000000000000E+00	
1.0000000000000000E+00	
1.0000000000000000E+00	
1.0000000000000000E+00	
1.0000000000000000E+00	
1.0000000000000000E+00	
1.0000000000000000E+00	
1.0000000000000000E+00	
1.0000000000000000E+00	
1.0000000000000000E+00	
1.0000000000000000E+00	
1.0000000000000000E+00	
1.0000000000000000E+00	
1.0000000000000000E+00	
1.0000000000000000E+00	

==============================================================

