#stage		 order
17	 		4


A
0.0000000000000000E+00	0.0000000000000000E+00	0.0000000000000000E+00	0.0000000000000000E+00	0.0000000000000000E+00	0.0000000000000000E+00	0.0000000000000000E+00	0.0000000000000000E+00	0.0000000000000000E+00	0.0000000000000000E+00	0.0000000000000000E+00	0.0000000000000000E+00	0.0000000000000000E+00	0.0000000000000000E+00	0.0000000000000000E+00	0.0000000000000000E+00	0.0000000000000000E+00	
2.7486298367128753E-01	0.0000000000000000E+00	0.0000000000000000E+00	0.0000000000000000E+00	0.0000000000000000E+00	0.0000000000000000E+00	0.0000000000000000E+00	0.0000000000000000E+00	0.0000000000000000E+00	0.0000000000000000E+00	0.0000000000000000E+00	0.0000000000000000E+00	0.0000000000000000E+00	0.0000000000000000E+00	0.0000000000000000E+00	0.0000000000000000E+00	0.0000000000000000E+00	
9.0265743032540285E-02	1.3864415734940636E-01	0.0000000000000000E+00	0.0000000000000000E+00	0.0000000000000000E+00	0.0000000000000000E+00	0.0000000000000000E+00	0.0000000000000000E+00	0.0000000000000000E+00	0.0000000000000000E+00	0.0000000000000000E+00	0.0000000000000000E+00	0.0000000000000000E+00	0.0000000000000000E+00	0.0000000000000000E+00	0.0000000000000000E+00	0.0000000000000000E+00	
3.9271016832778144E-02	7.1502387258877698E-03	2.5228917960511460E-01	0.0000000000000000E+00	0.0000000000000000E+00	0.0000000000000000E+00	0.0000000000000000E+00	0.0000000000000000E+00	0.0000000000000000E+00	0.0000000000000000E+00	0.0000000000000000E+00	0.0000000000000000E+00	0.0000000000000000E+00	0.0000000000000000E+00	0.0000000000000000E+00	0.0000000000000000E+00	0.0000000000000000E+00	
2.7479783727407336E-02	-5.4659060982278657E-02	6.6722178663609988E-01	2.0416998056302502E-01	0.0000000000000000E+00	0.0000000000000000E+00	0.0000000000000000E+00	0.0000000000000000E+00	0.0000000000000000E+00	0.0000000000000000E+00	0.0000000000000000E+00	0.0000000000000000E+00	0.0000000000000000E+00	0.0000000000000000E+00	0.0000000000000000E+00	0.0000000000000000E+00	0.0000000000000000E+00	
3.4347068791043562E-03	-2.7986626392968315E-02	2.5737999339763468E-01	7.6073788627694358E-02	8.4291882195762849E-03	0.0000000000000000E+00	0.0000000000000000E+00	0.0000000000000000E+00	0.0000000000000000E+00	0.0000000000000000E+00	0.0000000000000000E+00	0.0000000000000000E+00	0.0000000000000000E+00	0.0000000000000000E+00	0.0000000000000000E+00	0.0000000000000000E+00	0.0000000000000000E+00	
1.2318667778284935E-01	1.0822537295565593E-01	8.5773068182706247E-02	7.1074079387112077E-02	-1.5100508312703070E-02	1.1086564301669959E-01	0.0000000000000000E+00	0.0000000000000000E+00	0.0000000000000000E+00	0.0000000000000000E+00	0.0000000000000000E+00	0.0000000000000000E+00	0.0000000000000000E+00	0.0000000000000000E+00	0.0000000000000000E+00	0.0000000000000000E+00	0.0000000000000000E+00	
8.6385715057506349E-02	6.5515634186512572E-02	1.4550392140407720E-01	7.4642890638988477E-02	-7.6268380859787471E-03	6.1472723619800530E-02	4.6148540079734379E-01	0.0000000000000000E+00	0.0000000000000000E+00	0.0000000000000000E+00	0.0000000000000000E+00	0.0000000000000000E+00	0.0000000000000000E+00	0.0000000000000000E+00	0.0000000000000000E+00	0.0000000000000000E+00	0.0000000000000000E+00	
6.7119744462611264E-02	3.4035844560243708E-02	2.5178379676363605E-01	9.8306822292280410E-02	-1.1107755017109970E-03	2.1314157929466143E-02	1.8475047707304271E-01	1.5856538977820833E-01	0.0000000000000000E+00	0.0000000000000000E+00	0.0000000000000000E+00	0.0000000000000000E+00	0.0000000000000000E+00	0.0000000000000000E+00	0.0000000000000000E+00	0.0000000000000000E+00	0.0000000000000000E+00	
6.2048706200745263E-02	2.6730183953510078E-02	2.7169644151723454E-01	1.0219302043542043E-01	3.2452993708792575E-04	1.2280848700889456E-02	1.2201061110138854E-01	7.2398018117095786E-02	5.7520766775549026E-01	0.0000000000000000E+00	0.0000000000000000E+00	0.0000000000000000E+00	0.0000000000000000E+00	0.0000000000000000E+00	0.0000000000000000E+00	0.0000000000000000E+00	0.0000000000000000E+00	
3.1757010826681989E-02	1.2985321090423349E-02	1.4477550927771810E-01	5.3965000530537016E-02	3.6459926561724484E-04	5.1950860983594194E-03	5.5280544037413309E-02	2.6156614902031958E-02	1.1053962207005302E-01	5.4029678618381156E-02	0.0000000000000000E+00	0.0000000000000000E+00	0.0000000000000000E+00	0.0000000000000000E+00	0.0000000000000000E+00	0.0000000000000000E+00	0.0000000000000000E+00	
5.5727566252612840E-02	2.2128520905266950E-02	2.5946754176358566E-01	9.6271496672956897E-02	8.2770760479960494E-04	8.0842604105785219E-03	9.0224044910788698E-02	3.5584457701635458E-02	1.9935801168260325E-02	-4.5704943166686579E-02	-7.3163074483619722E-02	0.0000000000000000E+00	0.0000000000000000E+00	0.0000000000000000E+00	0.0000000000000000E+00	0.0000000000000000E+00	0.0000000000000000E+00	
3.0700330614246405E-02	1.2091804865486033E-02	1.4375332368281488E-01	5.3272106346156277E-02	4.8418790350387639E-04	4.2987025350389096E-03	4.8686371342331877E-02	1.8055185188993177E-02	-1.5139977031130679E-02	-4.6269758266157826E-02	-6.7740163427726374E-02	1.5260367507805220E-01	0.0000000000000000E+00	0.0000000000000000E+00	0.0000000000000000E+00	0.0000000000000000E+00	0.0000000000000000E+00	
4.1382583550483534E-02	1.6613424753495323E-02	1.9118815898480429E-01	7.1057290367753184E-02	5.6295943236897800E-04	6.2871723161693708E-03	6.8864956322474774E-02	2.9261977267092676E-02	6.2676255283608512E-02	4.7111617201124889E-03	-4.0534383614841824E-03	-2.4606936139726088E-04	-3.6061821095046717E-05	0.0000000000000000E+00	0.0000000000000000E+00	0.0000000000000000E+00	0.0000000000000000E+00	
4.6919233594158373E-02	1.8788215652237251E-02	2.1716191356459619E-01	8.0678758491901648E-02	6.5196594406502462E-04	7.0531625514751103E-03	7.7584450097692284E-02	3.2425600640179977E-02	5.8384549210024318E-02	-4.8939094440600302E-03	-1.7909737872319330E-02	3.1145342779563757E-02	1.9996569900705512E-04	-4.6009605944225984E-01	0.0000000000000000E+00	0.0000000000000000E+00	0.0000000000000000E+00	
3.8887297036905223E-02	1.5611831493306038E-02	1.7965855863376193E-01	6.6772289646770386E-02	5.2896763374158903E-04	5.9083237733185976E-03	6.4714215762431804E-02	2.7500090425490589E-02	5.8940051633975893E-02	4.4618446090287965E-03	-3.7638136853937929E-03	-3.3793997788059572E-04	-3.4705231763514237E-05	7.1753241778472768E-02	-4.8183903283825977E-03	0.0000000000000000E+00	0.0000000000000000E+00	
4.1863055306810427E-02	1.6788120877768598E-02	1.9355757705319104E-01	7.1925778213308533E-02	5.7468911561699750E-04	6.3316424475469875E-03	6.9477041049349389E-02	2.9316616066467929E-02	5.8593694799853546E-02	8.8214820025244952E-04	-9.1523551415496514E-03	1.1674715471699166E-02	5.4908420998374356E-05	-1.3132800479276152E-01	6.5905457813415572E-03	2.6455901754575700E-01	0.0000000000000000E+00	

b
6.9217536089606096E-02	
2.7819401147656478E-02	
3.1952802326896085E-01	
1.1877720957664274E-01	
9.3266393595183982E-04	
1.0565274473428438E-02	
1.1550852314946507E-01	
4.9435968952187610E-02	
1.1312903665900624E-01	
1.4577371083721256E-02	
1.9319152825939927E-03	
-2.0973604508112594E-02	
-2.1791583864948244E-04	
4.8067174126395124E-01	
-2.8507148392491757E-02	
-1.1171984943551938E+00	
8.4480249821127629E-01	

c
0.0000000000000000E+00	
2.7486298367128753E-01	
2.2890990038194664E-01	
2.9871043516378049E-01	
8.4421248994425357E-01	
3.1733105073104134E-01	
4.8402433301232012E-01	
8.8737944761825016E-01	
8.1476545735777761E-01	
1.2448900277188621E+00	
4.9504898671721653E-01	
4.6938337974017863E-01	
3.3479578883160876E-01	
4.8827037045438665E-01	
8.8093451466261796E-02	
5.2578186320378306E-01	
6.3170919041565077E-01	

alpha
0.0000000000000000E+00	0.0000000000000000E+00	0.0000000000000000E+00	0.0000000000000000E+00	0.0000000000000000E+00	0.0000000000000000E+00	0.0000000000000000E+00	0.0000000000000000E+00	0.0000000000000000E+00	0.0000000000000000E+00	0.0000000000000000E+00	0.0000000000000000E+00	0.0000000000000000E+00	0.0000000000000000E+00	0.0000000000000000E+00	0.0000000000000000E+00	0.0000000000000000E+00	0.0000000000000000E+00	
0.0000000000000000E+00	0.0000000000000000E+00	0.0000000000000000E+00	0.0000000000000000E+00	0.0000000000000000E+00	0.0000000000000000E+00	0.0000000000000000E+00	0.0000000000000000E+00	0.0000000000000000E+00	0.0000000000000000E+00	0.0000000000000000E+00	0.0000000000000000E+00	0.0000000000000000E+00	0.0000000000000000E+00	0.0000000000000000E+00	0.0000000000000000E+00	0.0000000000000000E+00	0.0000000000000000E+00	
0.0000000000000000E+00	0.0000000000000000E+00	0.0000000000000000E+00	0.0000000000000000E+00	0.0000000000000000E+00	0.0000000000000000E+00	0.0000000000000000E+00	0.0000000000000000E+00	0.0000000000000000E+00	0.0000000000000000E+00	0.0000000000000000E+00	0.0000000000000000E+00	0.0000000000000000E+00	0.0000000000000000E+00	0.0000000000000000E+00	0.0000000000000000E+00	0.0000000000000000E+00	0.0000000000000000E+00	
0.0000000000000000E+00	0.0000000000000000E+00	0.0000000000000000E+00	0.0000000000000000E+00	0.0000000000000000E+00	0.0000000000000000E+00	0.0000000000000000E+00	0.0000000000000000E+00	0.0000000000000000E+00	0.0000000000000000E+00	0.0000000000000000E+00	0.0000000000000000E+00	0.0000000000000000E+00	0.0000000000000000E+00	0.0000000000000000E+00	0.0000000000000000E+00	0.0000000000000000E+00	0.0000000000000000E+00	
0.0000000000000000E+00	-0.0000000000000000E+00	0.0000000000000000E+00	0.0000000000000000E+00	0.0000000000000000E+00	0.0000000000000000E+00	0.0000000000000000E+00	0.0000000000000000E+00	0.0000000000000000E+00	0.0000000000000000E+00	0.0000000000000000E+00	0.0000000000000000E+00	0.0000000000000000E+00	0.0000000000000000E+00	0.0000000000000000E+00	0.0000000000000000E+00	0.0000000000000000E+00	0.0000000000000000E+00	
0.0000000000000000E+00	-0.0000000000000000E+00	0.0000000000000000E+00	0.0000000000000000E+00	0.0000000000000000E+00	0.0000000000000000E+00	0.0000000000000000E+00	0.0000000000000000E+00	0.0000000000000000E+00	0.0000000000000000E+00	0.0000000000000000E+00	0.0000000000000000E+00	0.0000000000000000E+00	0.0000000000000000E+00	0.0000000000000000E+00	0.0000000000000000E+00	0.0000000000000000E+00	0.0000000000000000E+00	
0.0000000000000000E+00	0.0000000000000000E+00	0.0000000000000000E+00	0.0000000000000000E+00	-0.0000000000000000E+00	0.0000000000000000E+00	0.0000000000000000E+00	0.0000000000000000E+00	0.0000000000000000E+00	0.0000000000000000E+00	0.0000000000000000E+00	0.0000000000000000E+00	0.0000000000000000E+00	0.0000000000000000E+00	0.0000000000000000E+00	0.0000000000000000E+00	0.0000000000000000E+00	0.0000000000000000E+00	
0.0000000000000000E+00	0.0000000000000000E+00	0.0000000000000000E+00	0.0000000000000000E+00	-0.0000000000000000E+00	0.0000000000000000E+00	0.0000000000000000E+00	0.0000000000000000E+00	0.0000000000000000E+00	0.0000000000000000E+00	0.0000000000000000E+00	0.0000000000000000E+00	0.0000000000000000E+00	0.0000000000000000E+00	0.0000000000000000E+00	0.0000000000000000E+00	0.0000000000000000E+00	0.0000000000000000E+00	
0.0000000000000000E+00	0.0000000000000000E+00	0.0000000000000000E+00	0.0000000000000000E+00	-0.0000000000000000E+00	0.0000000000000000E+00	0.0000000000000000E+00	0.0000000000000000E+00	0.0000000000000000E+00	0.0000000000000000E+00	0.0000000000000000E+00	0.0000000000000000E+00	0.0000000000000000E+00	0.0000000000000000E+00	0.0000000000000000E+00	0.0000000000000000E+00	0.0000000000000000E+00	0.0000000000000000E+00	
0.0000000000000000E+00	0.0000000000000000E+00	0.0000000000000000E+00	0.0000000000000000E+00	0.0000000000000000E+00	0.0000000000000000E+00	0.0000000000000000E+00	0.0000000000000000E+00	0.0000000000000000E+00	0.0000000000000000E+00	0.0000000000000000E+00	0.0000000000000000E+00	0.0000000000000000E+00	0.0000000000000000E+00	0.0000000000000000E+00	0.0000000000000000E+00	0.0000000000000000E+00	0.0000000000000000E+00	
0.0000000000000000E+00	0.0000000000000000E+00	0.0000000000000000E+00	0.0000000000000000E+00	0.0000000000000000E+00	0.0000000000000000E+00	0.0000000000000000E+00	0.0000000000000000E+00	0.0000000000000000E+00	0.0000000000000000E+00	0.0000000000000000E+00	0.0000000000000000E+00	0.0000000000000000E+00	0.0000000000000000E+00	0.0000000000000000E+00	0.0000000000000000E+00	0.0000000000000000E+00	0.0000000000000000E+00	
0.0000000000000000E+00	0.0000000000000000E+00	0.0000000000000000E+00	0.0000000000000000E+00	0.0000000000000000E+00	0.0000000000000000E+00	0.0000000000000000E+00	0.0000000000000000E+00	0.0000000000000000E+00	-0.0000000000000000E+00	-0.0000000000000000E+00	0.0000000000000000E+00	0.0000000000000000E+00	0.0000000000000000E+00	0.0000000000000000E+00	0.0000000000000000E+00	0.0000000000000000E+00	0.0000000000000000E+00	
0.0000000000000000E+00	0.0000000000000000E+00	0.0000000000000000E+00	0.0000000000000000E+00	0.0000000000000000E+00	0.0000000000000000E+00	0.0000000000000000E+00	0.0000000000000000E+00	-0.0000000000000000E+00	-0.0000000000000000E+00	-0.0000000000000000E+00	0.0000000000000000E+00	0.0000000000000000E+00	0.0000000000000000E+00	0.0000000000000000E+00	0.0000000000000000E+00	0.0000000000000000E+00	0.0000000000000000E+00	
0.0000000000000000E+00	0.0000000000000000E+00	0.0000000000000000E+00	0.0000000000000000E+00	0.0000000000000000E+00	0.0000000000000000E+00	0.0000000000000000E+00	0.0000000000000000E+00	0.0000000000000000E+00	0.0000000000000000E+00	-0.0000000000000000E+00	-0.0000000000000000E+00	-0.0000000000000000E+00	0.0000000000000000E+00	0.0000000000000000E+00	0.0000000000000000E+00	0.0000000000000000E+00	0.0000000000000000E+00	
0.0000000000000000E+00	0.0000000000000000E+00	0.0000000000000000E+00	0.0000000000000000E+00	0.0000000000000000E+00	0.0000000000000000E+00	0.0000000000000000E+00	0.0000000000000000E+00	0.0000000000000000E+00	-0.0000000000000000E+00	-0.0000000000000000E+00	0.0000000000000000E+00	0.0000000000000000E+00	-0.0000000000000000E+00	0.0000000000000000E+00	0.0000000000000000E+00	0.0000000000000000E+00	0.0000000000000000E+00	
0.0000000000000000E+00	0.0000000000000000E+00	0.0000000000000000E+00	0.0000000000000000E+00	0.0000000000000000E+00	0.0000000000000000E+00	0.0000000000000000E+00	0.0000000000000000E+00	0.0000000000000000E+00	0.0000000000000000E+00	-0.0000000000000000E+00	-0.0000000000000000E+00	-0.0000000000000000E+00	0.0000000000000000E+00	-0.0000000000000000E+00	0.0000000000000000E+00	0.0000000000000000E+00	0.0000000000000000E+00	
0.0000000000000000E+00	0.0000000000000000E+00	0.0000000000000000E+00	0.0000000000000000E+00	0.0000000000000000E+00	0.0000000000000000E+00	0.0000000000000000E+00	0.0000000000000000E+00	0.0000000000000000E+00	0.0000000000000000E+00	-0.0000000000000000E+00	0.0000000000000000E+00	0.0000000000000000E+00	-0.0000000000000000E+00	0.0000000000000000E+00	0.0000000000000000E+00	0.0000000000000000E+00	0.0000000000000000E+00	
0.0000000000000000E+00	0.0000000000000000E+00	0.0000000000000000E+00	0.0000000000000000E+00	0.0000000000000000E+00	0.0000000000000000E+00	0.0000000000000000E+00	0.0000000000000000E+00	0.0000000000000000E+00	0.0000000000000000E+00	0.0000000000000000E+00	-0.0000000000000000E+00	-0.0000000000000000E+00	0.0000000000000000E+00	-0.0000000000000000E+00	-0.0000000000000000E+00	0.0000000000000000E+00	0.0000000000000000E+00	

beta
0.0000000000000000E+00	0.0000000000000000E+00	0.0000000000000000E+00	0.0000000000000000E+00	0.0000000000000000E+00	0.0000000000000000E+00	0.0000000000000000E+00	0.0000000000000000E+00	0.0000000000000000E+00	0.0000000000000000E+00	0.0000000000000000E+00	0.0000000000000000E+00	0.0000000000000000E+00	0.0000000000000000E+00	0.0000000000000000E+00	0.0000000000000000E+00	0.0000000000000000E+00	0.0000000000000000E+00	
2.7486298367128753E-01	0.0000000000000000E+00	0.0000000000000000E+00	0.0000000000000000E+00	0.0000000000000000E+00	0.0000000000000000E+00	0.0000000000000000E+00	0.0000000000000000E+00	0.0000000000000000E+00	0.0000000000000000E+00	0.0000000000000000E+00	0.0000000000000000E+00	0.0000000000000000E+00	0.0000000000000000E+00	0.0000000000000000E+00	0.0000000000000000E+00	0.0000000000000000E+00	0.0000000000000000E+00	
9.0265743032540285E-02	1.3864415734940636E-01	0.0000000000000000E+00	0.0000000000000000E+00	0.0000000000000000E+00	0.0000000000000000E+00	0.0000000000000000E+00	0.0000000000000000E+00	0.0000000000000000E+00	0.0000000000000000E+00	0.0000000000000000E+00	0.0000000000000000E+00	0.0000000000000000E+00	0.0000000000000000E+00	0.0000000000000000E+00	0.0000000000000000E+00	0.0000000000000000E+00	0.0000000000000000E+00	
3.9271016832778144E-02	7.1502387258877698E-03	2.5228917960511460E-01	0.0000000000000000E+00	0.0000000000000000E+00	0.0000000000000000E+00	0.0000000000000000E+00	0.0000000000000000E+00	0.0000000000000000E+00	0.0000000000000000E+00	0.0000000000000000E+00	0.0000000000000000E+00	0.0000000000000000E+00	0.0000000000000000E+00	0.0000000000000000E+00	0.0000000000000000E+00	0.0000000000000000E+00	0.0000000000000000E+00	
2.7479783727407336E-02	-5.4659060982278657E-02	6.6722178663609988E-01	2.0416998056302502E-01	0.0000000000000000E+00	0.0000000000000000E+00	0.0000000000000000E+00	0.0000000000000000E+00	0.0000000000000000E+00	0.0000000000000000E+00	0.0000000000000000E+00	0.0000000000000000E+00	0.0000000000000000E+00	0.0000000000000000E+00	0.0000000000000000E+00	0.0000000000000000E+00	0.0000000000000000E+00	0.0000000000000000E+00	
3.4347068791043562E-03	-2.7986626392968315E-02	2.5737999339763468E-01	7.6073788627694358E-02	8.4291882195762849E-03	0.0000000000000000E+00	0.0000000000000000E+00	0.0000000000000000E+00	0.0000000000000000E+00	0.0000000000000000E+00	0.0000000000000000E+00	0.0000000000000000E+00	0.0000000000000000E+00	0.0000000000000000E+00	0.0000000000000000E+00	0.0000000000000000E+00	0.0000000000000000E+00	0.0000000000000000E+00	
1.2318667778284935E-01	1.0822537295565593E-01	8.5773068182706247E-02	7.1074079387112077E-02	-1.5100508312703070E-02	1.1086564301669959E-01	0.0000000000000000E+00	0.0000000000000000E+00	0.0000000000000000E+00	0.0000000000000000E+00	0.0000000000000000E+00	0.0000000000000000E+00	0.0000000000000000E+00	0.0000000000000000E+00	0.0000000000000000E+00	0.0000000000000000E+00	0.0000000000000000E+00	0.0000000000000000E+00	
8.6385715057506349E-02	6.5515634186512572E-02	1.4550392140407720E-01	7.4642890638988477E-02	-7.6268380859787471E-03	6.1472723619800530E-02	4.6148540079734379E-01	0.0000000000000000E+00	0.0000000000000000E+00	0.0000000000000000E+00	0.0000000000000000E+00	0.0000000000000000E+00	0.0000000000000000E+00	0.0000000000000000E+00	0.0000000000000000E+00	0.0000000000000000E+00	0.0000000000000000E+00	0.0000000000000000E+00	
6.7119744462611264E-02	3.4035844560243708E-02	2.5178379676363605E-01	9.8306822292280410E-02	-1.1107755017109970E-03	2.1314157929466143E-02	1.8475047707304271E-01	1.5856538977820833E-01	0.0000000000000000E+00	0.0000000000000000E+00	0.0000000000000000E+00	0.0000000000000000E+00	0.0000000000000000E+00	0.0000000000000000E+00	0.0000000000000000E+00	0.0000000000000000E+00	0.0000000000000000E+00	0.0000000000000000E+00	
6.2048706200745263E-02	2.6730183953510078E-02	2.7169644151723454E-01	1.0219302043542043E-01	3.2452993708792575E-04	1.2280848700889456E-02	1.2201061110138854E-01	7.2398018117095786E-02	5.7520766775549026E-01	0.0000000000000000E+00	0.0000000000000000E+00	0.0000000000000000E+00	0.0000000000000000E+00	0.0000000000000000E+00	0.0000000000000000E+00	0.0000000000000000E+00	0.0000000000000000E+00	0.0000000000000000E+00	
3.1757010826681989E-02	1.2985321090423349E-02	1.4477550927771810E-01	5.3965000530537016E-02	3.6459926561724484E-04	5.1950860983594194E-03	5.5280544037413309E-02	2.6156614902031958E-02	1.1053962207005302E-01	5.4029678618381156E-02	0.0000000000000000E+00	0.0000000000000000E+00	0.0000000000000000E+00	0.0000000000000000E+00	0.0000000000000000E+00	0.0000000000000000E+00	0.0000000000000000E+00	0.0000000000000000E+00	
5.5727566252612840E-02	2.2128520905266950E-02	2.5946754176358566E-01	9.6271496672956897E-02	8.2770760479960494E-04	8.0842604105785219E-03	9.0224044910788698E-02	3.5584457701635458E-02	1.9935801168260325E-02	-4.5704943166686579E-02	-7.3163074483619722E-02	0.0000000000000000E+00	0.0000000000000000E+00	0.0000000000000000E+00	0.0000000000000000E+00	0.0000000000000000E+00	0.0000000000000000E+00	0.0000000000000000E+00	
3.0700330614246405E-02	1.2091804865486033E-02	1.4375332368281488E-01	5.3272106346156277E-02	4.8418790350387639E-04	4.2987025350389096E-03	4.8686371342331877E-02	1.8055185188993177E-02	-1.5139977031130679E-02	-4.6269758266157826E-02	-6.7740163427726374E-02	1.5260367507805220E-01	0.0000000000000000E+00	0.0000000000000000E+00	0.0000000000000000E+00	0.0000000000000000E+00	0.0000000000000000E+00	0.0000000000000000E+00	
4.1382583550483534E-02	1.6613424753495323E-02	1.9118815898480429E-01	7.1057290367753184E-02	5.6295943236897800E-04	6.2871723161693708E-03	6.8864956322474774E-02	2.9261977267092676E-02	6.2676255283608512E-02	4.7111617201124889E-03	-4.0534383614841824E-03	-2.4606936139726088E-04	-3.6061821095046717E-05	0.0000000000000000E+00	0.0000000000000000E+00	0.0000000000000000E+00	0.0000000000000000E+00	0.0000000000000000E+00	
4.6919233594158373E-02	1.8788215652237251E-02	2.1716191356459619E-01	8.0678758491901648E-02	6.5196594406502462E-04	7.0531625514751103E-03	7.7584450097692284E-02	3.2425600640179977E-02	5.8384549210024318E-02	-4.8939094440600302E-03	-1.7909737872319330E-02	3.1145342779563757E-02	1.9996569900705512E-04	-4.6009605944225984E-01	0.0000000000000000E+00	0.0000000000000000E+00	0.0000000000000000E+00	0.0000000000000000E+00	
3.8887297036905223E-02	1.5611831493306038E-02	1.7965855863376193E-01	6.6772289646770386E-02	5.2896763374158903E-04	5.9083237733185976E-03	6.4714215762431804E-02	2.7500090425490589E-02	5.8940051633975893E-02	4.4618446090287965E-03	-3.7638136853937929E-03	-3.3793997788059572E-04	-3.4705231763514237E-05	7.1753241778472768E-02	-4.8183903283825977E-03	0.0000000000000000E+00	0.0000000000000000E+00	0.0000000000000000E+00	
4.1863055306810427E-02	1.6788120877768598E-02	1.9355757705319104E-01	7.1925778213308533E-02	5.7468911561699750E-04	6.3316424475469875E-03	6.9477041049349389E-02	2.9316616066467929E-02	5.8593694799853546E-02	8.8214820025244952E-04	-9.1523551415496514E-03	1.1674715471699166E-02	5.4908420998374356E-05	-1.3132800479276152E-01	6.5905457813415572E-03	2.6455901754575700E-01	0.0000000000000000E+00	0.0000000000000000E+00	
6.9217536089606096E-02	2.7819401147656478E-02	3.1952802326896085E-01	1.1877720957664274E-01	9.3266393595183982E-04	1.0565274473428438E-02	1.1550852314946507E-01	4.9435968952187610E-02	1.1312903665900624E-01	1.4577371083721256E-02	1.9319152825939927E-03	-2.0973604508112594E-02	-2.1791583864948244E-04	4.8067174126395124E-01	-2.8507148392491757E-02	-1.1171984943551938E+00	8.4480249821127629E-01	0.0000000000000000E+00	

gamma1
0.0000000000000000E+00	0.0000000000000000E+00	2.2556871000936551E-01	-5.9335322721538275E-01	2.3195769019272983E+00	4.4073000541775625E-01	-2.4354315101605963E+00	5.6932852023900493E-01	2.9132452969934963E-01	2.9106944428954062E-01	1.3657626558329738E-01	-1.1712213963286924E+00	9.5695300702420050E-01	-3.1514875299612388E-02	-6.1849137545444659E+00	-1.9230672032582674E-01	-1.4232394302221139E+00	-4.2228705894024872E+00	

gamma2
0.0000000000000000E+00	1.0000000000000000E+00	6.7159731067865314E-01	8.2248910137871667E-01	-6.7672805839836736E-01	-7.2385915901056447E-02	1.0790554692040526E+00	1.4831169025918525E-01	2.9691672959161564E-01	2.2224857768375525E-01	1.0368396968459224E-01	3.6780293337666331E-01	-8.2712899371957763E-02	1.5144590074333569E-01	9.8837968924712993E-01	1.5078426569408146E-01	2.9915255154715875E-01	7.5704385315044398E-01	

gamma3
0.0000000000000000E+00	0.0000000000000000E+00	0.0000000000000000E+00	0.0000000000000000E+00	-3.3369055258878327E-01	7.3285463119489891E-01	2.0383176512175097E-01	1.3505681000924297E-03	-2.5982971218235362E-01	-1.8152848927298840E-01	3.9240737433991829E-01	1.7506482999788991E-01	5.2302402939311166E-01	1.2278274827598357E-01	6.1443212284407522E-01	1.5357960598616413E-01	3.0697897714801869E-01	-1.3259758019646134E-01	

delta
1.0000000000000000E+00	1.5311850967370147E-01	7.8411473091816386E-01	-4.8039051462031068E-01	9.4120162356636083E-01	5.9679682153050184E-01	-1.0012052625185726E-01	3.6715410308027457E-01	7.4471577458790794E-01	5.3621741117772348E-01	8.8443689009362536E-01	3.7568361983367915E-01	1.9744609651554912E-01	6.4735578375966019E-01	2.4109928682585521E-01	1.8535525629160657E-01	0.0000000000000000E+00	

r
0.0000000000000000E+00	

errcoeff
1.2769602938452661E-04	

v
1.0000000000000000E+00	
1.0000000000000000E+00	
1.0000000000000000E+00	
1.0000000000000000E+00	
1.0000000000000000E+00	
1.0000000000000000E+00	
1.0000000000000000E+00	
1.0000000000000000E+00	
1.0000000000000000E+00	
1.0000000000000000E+00	
1.0000000000000000E+00	
1.0000000000000000E+00	
1.0000000000000000E+00	
1.0000000000000000E+00	
1.0000000000000000E+00	
1.0000000000000000E+00	
1.0000000000000000E+00	
1.0000000000000000E+00	

==============================================================

