#stage		 order
7	 		4


A
0.0000000000000000E+00	0.0000000000000000E+00	0.0000000000000000E+00	0.0000000000000000E+00	0.0000000000000000E+00	0.0000000000000000E+00	0.0000000000000000E+00	
3.6549813731809883E-01	0.0000000000000000E+00	0.0000000000000000E+00	0.0000000000000000E+00	0.0000000000000000E+00	0.0000000000000000E+00	0.0000000000000000E+00	
1.2176680050555426E+00	3.5902677598532662E-01	0.0000000000000000E+00	0.0000000000000000E+00	0.0000000000000000E+00	0.0000000000000000E+00	0.0000000000000000E+00	
4.8517356069786088E-01	2.4641895744948880E-01	1.8884866218713312E-01	0.0000000000000000E+00	0.0000000000000000E+00	0.0000000000000000E+00	0.0000000000000000E+00	
1.1410738061062176E-01	1.9332331384115717E-01	-1.0203865740577411E-02	3.6435495423371704E-02	0.0000000000000000E+00	0.0000000000000000E+00	0.0000000000000000E+00	
2.6715000957802507E-02	2.0526350564122133E-02	7.5911539983642305E-03	-2.8638262970989647E-02	9.9495799628961645E-01	0.0000000000000000E+00	0.0000000000000000E+00	
1.8849971611722912E-02	1.2192747922740776E-02	6.2804777290545394E-03	-2.3648977276408700E-02	8.2775822785946163E-01	7.4676980810509205E-02	0.0000000000000000E+00	

b
1.0105751064315360E-01	
1.3921411741442435E-01	
3.8745078150721202E-03	
-1.5817040577483676E-02	
3.8450286775618991E-01	
-2.4195060020950443E-01	
6.2911863715814820E-01	

c
0.0000000000000000E+00	
3.6549813731809883E-01	
1.5766947810408691E+00	
9.2044118033448286E-01	
3.3366232413457325E-01	
1.0211522388389156E+00	
9.1610942865708034E-01	

alpha
0.0000000000000000E+00	0.0000000000000000E+00	0.0000000000000000E+00	0.0000000000000000E+00	0.0000000000000000E+00	0.0000000000000000E+00	0.0000000000000000E+00	0.0000000000000000E+00	
0.0000000000000000E+00	0.0000000000000000E+00	0.0000000000000000E+00	0.0000000000000000E+00	0.0000000000000000E+00	0.0000000000000000E+00	0.0000000000000000E+00	0.0000000000000000E+00	
0.0000000000000000E+00	0.0000000000000000E+00	0.0000000000000000E+00	0.0000000000000000E+00	0.0000000000000000E+00	0.0000000000000000E+00	0.0000000000000000E+00	0.0000000000000000E+00	
0.0000000000000000E+00	0.0000000000000000E+00	0.0000000000000000E+00	0.0000000000000000E+00	0.0000000000000000E+00	0.0000000000000000E+00	0.0000000000000000E+00	0.0000000000000000E+00	
0.0000000000000000E+00	0.0000000000000000E+00	-0.0000000000000000E+00	0.0000000000000000E+00	0.0000000000000000E+00	0.0000000000000000E+00	0.0000000000000000E+00	0.0000000000000000E+00	
0.0000000000000000E+00	0.0000000000000000E+00	0.0000000000000000E+00	-0.0000000000000000E+00	0.0000000000000000E+00	0.0000000000000000E+00	0.0000000000000000E+00	0.0000000000000000E+00	
0.0000000000000000E+00	0.0000000000000000E+00	0.0000000000000000E+00	-0.0000000000000000E+00	0.0000000000000000E+00	0.0000000000000000E+00	0.0000000000000000E+00	0.0000000000000000E+00	
0.0000000000000000E+00	0.0000000000000000E+00	0.0000000000000000E+00	-0.0000000000000000E+00	0.0000000000000000E+00	-0.0000000000000000E+00	0.0000000000000000E+00	0.0000000000000000E+00	

beta
0.0000000000000000E+00	0.0000000000000000E+00	0.0000000000000000E+00	0.0000000000000000E+00	0.0000000000000000E+00	0.0000000000000000E+00	0.0000000000000000E+00	0.0000000000000000E+00	
3.6549813731809883E-01	0.0000000000000000E+00	0.0000000000000000E+00	0.0000000000000000E+00	0.0000000000000000E+00	0.0000000000000000E+00	0.0000000000000000E+00	0.0000000000000000E+00	
1.2176680050555426E+00	3.5902677598532662E-01	0.0000000000000000E+00	0.0000000000000000E+00	0.0000000000000000E+00	0.0000000000000000E+00	0.0000000000000000E+00	0.0000000000000000E+00	
4.8517356069786088E-01	2.4641895744948880E-01	1.8884866218713312E-01	0.0000000000000000E+00	0.0000000000000000E+00	0.0000000000000000E+00	0.0000000000000000E+00	0.0000000000000000E+00	
1.1410738061062176E-01	1.9332331384115717E-01	-1.0203865740577411E-02	3.6435495423371704E-02	0.0000000000000000E+00	0.0000000000000000E+00	0.0000000000000000E+00	0.0000000000000000E+00	
2.6715000957802507E-02	2.0526350564122133E-02	7.5911539983642305E-03	-2.8638262970989647E-02	9.9495799628961645E-01	0.0000000000000000E+00	0.0000000000000000E+00	0.0000000000000000E+00	
1.8849971611722912E-02	1.2192747922740776E-02	6.2804777290545394E-03	-2.3648977276408700E-02	8.2775822785946163E-01	7.4676980810509205E-02	0.0000000000000000E+00	0.0000000000000000E+00	
1.0105751064315360E-01	1.3921411741442435E-01	3.8745078150721202E-03	-1.5817040577483676E-02	3.8450286775618991E-01	-2.4195060020950443E-01	6.2911863715814820E-01	0.0000000000000000E+00	

gamma1
0.0000000000000000E+00	0.0000000000000000E+00	1.5745336941860866E+00	3.2636742634619087E-01	-5.1318743424755286E-02	-6.4231387560921094E-01	9.6232939363981584E-01	-3.2399622692760950E+00	

gamma2
0.0000000000000000E+00	1.0000000000000000E+00	-2.3315299880606144E+00	1.2728206375359450E+00	2.0350054226605665E+00	1.7041101110084012E+00	-5.7520364981629914E-02	1.3597143966097964E+00	

gamma3
0.0000000000000000E+00	0.0000000000000000E+00	0.0000000000000000E+00	0.0000000000000000E+00	-2.2982258503213157E-02	8.8638115178270760E-01	1.9356274110898519E-01	5.5485387325192392E-01	

delta
1.0000000000000000E+00	-7.5358082584046526E-01	2.8282473797398888E-01	-1.3332785965244425E-03	-8.4316807678420799E-02	2.2666138509979197E+00	0.0000000000000000E+00	

r
0.0000000000000000E+00	

errcoeff
9.5769031641967353E-04	

v
1.0000000000000000E+00	
1.0000000000000000E+00	
1.0000000000000000E+00	
1.0000000000000000E+00	
1.0000000000000000E+00	
1.0000000000000000E+00	
1.0000000000000000E+00	
1.0000000000000000E+00	

==============================================================

