#stage		 order
5	 		4


A
0.0000000000000000E+00	0.0000000000000000E+00	0.0000000000000000E+00	0.0000000000000000E+00	0.0000000000000000E+00	
2.6628741584287202E-01	0.0000000000000000E+00	0.0000000000000000E+00	0.0000000000000000E+00	0.0000000000000000E+00	
-1.9428656009041873E-01	8.4770202668708550E-01	0.0000000000000000E+00	0.0000000000000000E+00	0.0000000000000000E+00	
2.0447373797659346E-02	4.1033107132465735E-01	1.4763038761271224E-01	0.0000000000000000E+00	0.0000000000000000E+00	
1.3304271691333111E-01	1.7605534281352603E-01	-1.2959954362048243E-01	7.5997987671938549E-01	0.0000000000000000E+00	

b
1.1120288698844853E-01	
2.6731332863573032E-01	
-5.5797356244299885E-02	
4.7363260800924661E-01	
2.0364853261087446E-01	

c
0.0000000000000000E+00	
2.6628741584287202E-01	
6.5341546659666672E-01	
5.7840883273502897E-01	
9.3947839282576018E-01	

alpha
0.0000000000000000E+00	0.0000000000000000E+00	0.0000000000000000E+00	0.0000000000000000E+00	0.0000000000000000E+00	0.0000000000000000E+00	
0.0000000000000000E+00	0.0000000000000000E+00	0.0000000000000000E+00	0.0000000000000000E+00	0.0000000000000000E+00	0.0000000000000000E+00	
-0.0000000000000000E+00	0.0000000000000000E+00	0.0000000000000000E+00	0.0000000000000000E+00	0.0000000000000000E+00	0.0000000000000000E+00	
0.0000000000000000E+00	0.0000000000000000E+00	0.0000000000000000E+00	0.0000000000000000E+00	0.0000000000000000E+00	0.0000000000000000E+00	
0.0000000000000000E+00	0.0000000000000000E+00	-0.0000000000000000E+00	0.0000000000000000E+00	0.0000000000000000E+00	0.0000000000000000E+00	
0.0000000000000000E+00	0.0000000000000000E+00	-0.0000000000000000E+00	0.0000000000000000E+00	0.0000000000000000E+00	0.0000000000000000E+00	

beta
0.0000000000000000E+00	0.0000000000000000E+00	0.0000000000000000E+00	0.0000000000000000E+00	0.0000000000000000E+00	0.0000000000000000E+00	
2.6628741584287202E-01	0.0000000000000000E+00	0.0000000000000000E+00	0.0000000000000000E+00	0.0000000000000000E+00	0.0000000000000000E+00	
-1.9428656009041873E-01	8.4770202668708550E-01	0.0000000000000000E+00	0.0000000000000000E+00	0.0000000000000000E+00	0.0000000000000000E+00	
2.0447373797659346E-02	4.1033107132465735E-01	1.4763038761271224E-01	0.0000000000000000E+00	0.0000000000000000E+00	0.0000000000000000E+00	
1.3304271691333111E-01	1.7605534281352603E-01	-1.2959954362048243E-01	7.5997987671938549E-01	0.0000000000000000E+00	0.0000000000000000E+00	
1.1120288698844853E-01	2.6731332863573032E-01	-5.5797356244299885E-02	4.7363260800924661E-01	2.0364853261087446E-01	0.0000000000000000E+00	

gamma1
0.0000000000000000E+00	0.0000000000000000E+00	-9.3775530190512413E+00	2.1961472472634813E-01	-1.9064724507432520E+00	6.2321730156038102E-01	

gamma2
0.0000000000000000E+00	1.0000000000000000E+00	1.7296122480119798E+00	8.5992486916442790E-02	2.0572171745161641E-01	3.3829550302715353E-02	

gamma3
0.0000000000000000E+00	0.0000000000000000E+00	0.0000000000000000E+00	0.0000000000000000E+00	1.0932100334993630E-02	-9.9369402325902717E-02	

delta
1.0000000000000000E+00	4.9999303491168172E+00	3.0751098463358040E+00	4.9999946928267818E+00	0.0000000000000000E+00	

r
0.0000000000000000E+00	

errcoeff
3.6463496340720107E-03	

v
1.0000000000000000E+00	
1.0000000000000000E+00	
1.0000000000000000E+00	
1.0000000000000000E+00	
1.0000000000000000E+00	
1.0000000000000000E+00	

==============================================================

