#stage		 order
19	 		4


A
0.0000000000000000E+00	0.0000000000000000E+00	0.0000000000000000E+00	0.0000000000000000E+00	0.0000000000000000E+00	0.0000000000000000E+00	0.0000000000000000E+00	0.0000000000000000E+00	0.0000000000000000E+00	0.0000000000000000E+00	0.0000000000000000E+00	0.0000000000000000E+00	0.0000000000000000E+00	0.0000000000000000E+00	0.0000000000000000E+00	0.0000000000000000E+00	0.0000000000000000E+00	0.0000000000000000E+00	0.0000000000000000E+00	
3.6262565728214452E-01	0.0000000000000000E+00	0.0000000000000000E+00	0.0000000000000000E+00	0.0000000000000000E+00	0.0000000000000000E+00	0.0000000000000000E+00	0.0000000000000000E+00	0.0000000000000000E+00	0.0000000000000000E+00	0.0000000000000000E+00	0.0000000000000000E+00	0.0000000000000000E+00	0.0000000000000000E+00	0.0000000000000000E+00	0.0000000000000000E+00	0.0000000000000000E+00	0.0000000000000000E+00	0.0000000000000000E+00	
-7.2648679974190444E-02	3.0462525260626556E-02	0.0000000000000000E+00	0.0000000000000000E+00	0.0000000000000000E+00	0.0000000000000000E+00	0.0000000000000000E+00	0.0000000000000000E+00	0.0000000000000000E+00	0.0000000000000000E+00	0.0000000000000000E+00	0.0000000000000000E+00	0.0000000000000000E+00	0.0000000000000000E+00	0.0000000000000000E+00	0.0000000000000000E+00	0.0000000000000000E+00	0.0000000000000000E+00	0.0000000000000000E+00	
2.9503195068678489E-01	3.9906407738014696E-02	8.1871750417185515E-02	0.0000000000000000E+00	0.0000000000000000E+00	0.0000000000000000E+00	0.0000000000000000E+00	0.0000000000000000E+00	0.0000000000000000E+00	0.0000000000000000E+00	0.0000000000000000E+00	0.0000000000000000E+00	0.0000000000000000E+00	0.0000000000000000E+00	0.0000000000000000E+00	0.0000000000000000E+00	0.0000000000000000E+00	0.0000000000000000E+00	0.0000000000000000E+00	
4.7666218019608730E-01	4.8634636921163092E-02	9.8444005096012061E-02	1.4677957544411518E-01	0.0000000000000000E+00	0.0000000000000000E+00	0.0000000000000000E+00	0.0000000000000000E+00	0.0000000000000000E+00	0.0000000000000000E+00	0.0000000000000000E+00	0.0000000000000000E+00	0.0000000000000000E+00	0.0000000000000000E+00	0.0000000000000000E+00	0.0000000000000000E+00	0.0000000000000000E+00	0.0000000000000000E+00	0.0000000000000000E+00	
-9.8132497803004615E-01	-6.1885342298420520E-02	-1.2099419578988879E-01	-3.3387707585762294E-01	1.0195542771707662E+00	0.0000000000000000E+00	0.0000000000000000E+00	0.0000000000000000E+00	0.0000000000000000E+00	0.0000000000000000E+00	0.0000000000000000E+00	0.0000000000000000E+00	0.0000000000000000E+00	0.0000000000000000E+00	0.0000000000000000E+00	0.0000000000000000E+00	0.0000000000000000E+00	0.0000000000000000E+00	0.0000000000000000E+00	
1.2792764669672043E+00	1.5776907824373193E-01	3.2239175542158161E-01	3.7135065031309045E-01	-8.5878337898380297E-01	-1.0544811651886707E-02	0.0000000000000000E+00	0.0000000000000000E+00	0.0000000000000000E+00	0.0000000000000000E+00	0.0000000000000000E+00	0.0000000000000000E+00	0.0000000000000000E+00	0.0000000000000000E+00	0.0000000000000000E+00	0.0000000000000000E+00	0.0000000000000000E+00	0.0000000000000000E+00	0.0000000000000000E+00	
1.2371966539185558E-01	-1.2104576480948565E-02	-2.7263489730959961E-02	5.8592768174334356E-02	-2.4998486150828250E-01	9.2365071846539654E-03	2.0651388810691382E-02	0.0000000000000000E+00	0.0000000000000000E+00	0.0000000000000000E+00	0.0000000000000000E+00	0.0000000000000000E+00	0.0000000000000000E+00	0.0000000000000000E+00	0.0000000000000000E+00	0.0000000000000000E+00	0.0000000000000000E+00	0.0000000000000000E+00	0.0000000000000000E+00	
4.8540585287528790E-02	-1.5147229701289920E-02	-3.2905369522919559E-02	3.1606843766527150E-02	-1.6151575761487047E-01	7.5213967879087648E-03	1.3306889855744422E-02	4.6394747146543969E-01	0.0000000000000000E+00	0.0000000000000000E+00	0.0000000000000000E+00	0.0000000000000000E+00	0.0000000000000000E+00	0.0000000000000000E+00	0.0000000000000000E+00	0.0000000000000000E+00	0.0000000000000000E+00	0.0000000000000000E+00	0.0000000000000000E+00	
5.7704618944506861E-02	-3.9056665919696532E-02	-8.4076734595123673E-02	5.5020866101998196E-02	-3.2042746184435184E-01	1.6831461628923180E-02	2.6354962311369030E-02	8.6244920224067478E-01	-2.1393123071695241E-01	0.0000000000000000E+00	0.0000000000000000E+00	0.0000000000000000E+00	0.0000000000000000E+00	0.0000000000000000E+00	0.0000000000000000E+00	0.0000000000000000E+00	0.0000000000000000E+00	0.0000000000000000E+00	0.0000000000000000E+00	
-8.4043294742060376E-02	-3.5034430424375068E-02	-7.3870443171498823E-02	-3.9490115624012112E-03	-9.4084181316969939E-02	9.9396785021247797E-03	7.6225123389325605E-03	1.0155753956228963E-01	4.9143464940485271E-02	3.4584839979740309E-02	0.0000000000000000E+00	0.0000000000000000E+00	0.0000000000000000E+00	0.0000000000000000E+00	0.0000000000000000E+00	0.0000000000000000E+00	0.0000000000000000E+00	0.0000000000000000E+00	0.0000000000000000E+00	
-1.3046084842894373E-01	-6.0685127088036368E-02	-1.2812745006528631E-01	-9.0754284484062531E-04	-1.8448804000191882E-01	1.7791219264378662E-02	1.4986245781358485E-02	2.5071623561332063E-01	5.8295747537776013E-02	-2.7788132556554712E-02	-1.7683214264432832E-02	0.0000000000000000E+00	0.0000000000000000E+00	0.0000000000000000E+00	0.0000000000000000E+00	0.0000000000000000E+00	0.0000000000000000E+00	0.0000000000000000E+00	0.0000000000000000E+00	
-3.5962313040866223E-02	1.7008621206515140E-03	4.0426220019212367E-03	-1.5524959664713723E-02	6.1575588908288237E-02	-2.0035206843736289E-03	-5.0930897105890757E-03	-2.0309256407301562E-01	6.8686252809970899E-02	2.3063528805827030E-01	6.5273402089397733E-02	2.8782926201787412E-01	0.0000000000000000E+00	0.0000000000000000E+00	0.0000000000000000E+00	0.0000000000000000E+00	0.0000000000000000E+00	0.0000000000000000E+00	0.0000000000000000E+00	
7.7135492112526627E-02	6.6975009594707521E-02	1.4216939849597782E-01	-2.5235985786274642E-02	2.9877954280284491E-01	-2.2174358336259629E-02	-2.4424215292582672E-02	-6.0751644237327096E-01	5.4310540358080084E-02	4.1849638804327616E-01	1.2881313829123256E-01	5.6779019108466855E-01	-1.6832019551025659E-01	0.0000000000000000E+00	0.0000000000000000E+00	0.0000000000000000E+00	0.0000000000000000E+00	0.0000000000000000E+00	0.0000000000000000E+00	
-3.2589863378705904E-02	-1.1695313108793155E-03	-2.1265364900487694E-03	-1.1822170835084956E-02	3.9262783175770616E-02	-7.9951188416913410E-04	-3.2586159722685160E-03	-1.4400627111182371E-01	5.4505201561559066E-02	1.7395403885225086E-01	4.8833583982206052E-02	2.1534490541588738E-01	-1.0838967824301664E-01	1.2507304130162630E-01	0.0000000000000000E+00	0.0000000000000000E+00	0.0000000000000000E+00	0.0000000000000000E+00	0.0000000000000000E+00	
-2.0859859639451500E-01	-1.3397301882302892E-01	-2.8376878510137282E-01	2.9167437238812235E-02	-5.2035386549960871E-01	4.2293767245096738E-02	4.2451973299739647E-02	9.4651620406536940E-01	-1.2259717527491804E-02	-5.2209778274315100E-01	-1.6888679974068727E-01	-7.4426702938125366E-01	1.4320514568675530E-01	-3.0530956234911566E-01	9.1634224681278638E-03	0.0000000000000000E+00	0.0000000000000000E+00	0.0000000000000000E+00	0.0000000000000000E+00	
1.5563075166512180E-01	7.3618931985370228E-02	1.5546525063157587E-01	6.6657619240018118E-05	2.2755960258098348E-01	-2.1683151369319274E-02	-1.8491081428479265E-02	-3.1719230632435291E-01	-6.6043073130799546E-02	4.8999142186305439E-02	2.5760623087483073E-02	1.1333755911577370E-01	6.7421205206781229E-02	-2.4631279939071049E-03	-2.0991090936028334E-03	-6.5212443369025007E-04	0.0000000000000000E+00	0.0000000000000000E+00	0.0000000000000000E+00	
6.8922610015862362E-01	3.0263008087208693E-01	6.3851729262583867E-01	1.9688938819481618E-02	8.6502155488359045E-01	-8.7255465102264340E-02	-7.0178085644333088E-02	-1.0591117302429198E+00	-3.5928336919095888E-01	-8.5555632690666072E-02	2.5019723789801218E-02	1.0926563209031842E-01	4.5341213724180129E-01	-2.1548030366130408E-01	-5.0868911997848576E-03	-2.4135303843218743E-03	-7.1670819476613357E-01	0.0000000000000000E+00	0.0000000000000000E+00	
6.5240564754772945E-01	2.9138136969847267E-01	6.1491137017649944E-01	1.4560305425658377E-02	8.4881703191939606E-01	-8.4437689490197490E-02	-6.8890862589496185E-02	-1.0751813047623855E+00	-3.2604618560395821E-01	-1.7384751450100509E-02	4.2405347335842197E-02	1.8597031166293865E-01	3.9664230563226421E-01	-1.6096524761221695E-01	-5.6999625809637149E-03	-2.3843311507286873E-03	-7.2808349698619423E-01	1.1299730376147328E+00	0.0000000000000000E+00	

b
1.9701811589647233E-01	
9.7794174034885772E-02	
2.0662823601672864E-01	
-3.7262430548652553E-03	
3.1612352999139781E-01	
-2.9172712942711759E-02	
-2.5709632517204789E-02	
-4.6945141201694285E-01	
-7.0479740062293073E-02	
1.2147754561444074E-01	
5.0111133889914394E-02	
2.2063072068045905E-01	
5.4928438647252942E-02	
3.7077703506791182E-02	
-3.4843907110425464E-03	
-9.1877269044275765E-04	
-3.1883036494627137E-01	
6.0758161748406225E-01	
1.2402053179369085E-02	

c
0.0000000000000000E+00	
3.6262565728214452E-01	
-4.2186154713563892E-02	
4.1681010884198511E-01	
7.7052039765737756E-01	
-4.7852731480521227E-01	
1.2614597603099187E+00	
-7.7152598158655758E-02	
3.5535483032406889E-01	
3.6086901815134753E-01	
-8.8133325893732864E-02	
-2.0835090705317963E-01	
4.5806683083281580E-01	
9.0679850348466984E-01	
3.5281137506330329E-01	
-1.6867172075563237E+00	
4.3923575030448375E-01	
5.0170825759885584E-01	
1.7079928947872918E+00	

alpha
0.0000000000000000E+00	0.0000000000000000E+00	0.0000000000000000E+00	0.0000000000000000E+00	0.0000000000000000E+00	0.0000000000000000E+00	0.0000000000000000E+00	0.0000000000000000E+00	0.0000000000000000E+00	0.0000000000000000E+00	0.0000000000000000E+00	0.0000000000000000E+00	0.0000000000000000E+00	0.0000000000000000E+00	0.0000000000000000E+00	0.0000000000000000E+00	0.0000000000000000E+00	0.0000000000000000E+00	0.0000000000000000E+00	0.0000000000000000E+00	
0.0000000000000000E+00	0.0000000000000000E+00	0.0000000000000000E+00	0.0000000000000000E+00	0.0000000000000000E+00	0.0000000000000000E+00	0.0000000000000000E+00	0.0000000000000000E+00	0.0000000000000000E+00	0.0000000000000000E+00	0.0000000000000000E+00	0.0000000000000000E+00	0.0000000000000000E+00	0.0000000000000000E+00	0.0000000000000000E+00	0.0000000000000000E+00	0.0000000000000000E+00	0.0000000000000000E+00	0.0000000000000000E+00	0.0000000000000000E+00	
-0.0000000000000000E+00	0.0000000000000000E+00	0.0000000000000000E+00	0.0000000000000000E+00	0.0000000000000000E+00	0.0000000000000000E+00	0.0000000000000000E+00	0.0000000000000000E+00	0.0000000000000000E+00	0.0000000000000000E+00	0.0000000000000000E+00	0.0000000000000000E+00	0.0000000000000000E+00	0.0000000000000000E+00	0.0000000000000000E+00	0.0000000000000000E+00	0.0000000000000000E+00	0.0000000000000000E+00	0.0000000000000000E+00	0.0000000000000000E+00	
0.0000000000000000E+00	0.0000000000000000E+00	0.0000000000000000E+00	0.0000000000000000E+00	0.0000000000000000E+00	0.0000000000000000E+00	0.0000000000000000E+00	0.0000000000000000E+00	0.0000000000000000E+00	0.0000000000000000E+00	0.0000000000000000E+00	0.0000000000000000E+00	0.0000000000000000E+00	0.0000000000000000E+00	0.0000000000000000E+00	0.0000000000000000E+00	0.0000000000000000E+00	0.0000000000000000E+00	0.0000000000000000E+00	0.0000000000000000E+00	
0.0000000000000000E+00	0.0000000000000000E+00	0.0000000000000000E+00	0.0000000000000000E+00	0.0000000000000000E+00	0.0000000000000000E+00	0.0000000000000000E+00	0.0000000000000000E+00	0.0000000000000000E+00	0.0000000000000000E+00	0.0000000000000000E+00	0.0000000000000000E+00	0.0000000000000000E+00	0.0000000000000000E+00	0.0000000000000000E+00	0.0000000000000000E+00	0.0000000000000000E+00	0.0000000000000000E+00	0.0000000000000000E+00	0.0000000000000000E+00	
-0.0000000000000000E+00	-0.0000000000000000E+00	-0.0000000000000000E+00	-0.0000000000000000E+00	0.0000000000000000E+00	0.0000000000000000E+00	0.0000000000000000E+00	0.0000000000000000E+00	0.0000000000000000E+00	0.0000000000000000E+00	0.0000000000000000E+00	0.0000000000000000E+00	0.0000000000000000E+00	0.0000000000000000E+00	0.0000000000000000E+00	0.0000000000000000E+00	0.0000000000000000E+00	0.0000000000000000E+00	0.0000000000000000E+00	0.0000000000000000E+00	
0.0000000000000000E+00	0.0000000000000000E+00	0.0000000000000000E+00	0.0000000000000000E+00	-0.0000000000000000E+00	-0.0000000000000000E+00	0.0000000000000000E+00	0.0000000000000000E+00	0.0000000000000000E+00	0.0000000000000000E+00	0.0000000000000000E+00	0.0000000000000000E+00	0.0000000000000000E+00	0.0000000000000000E+00	0.0000000000000000E+00	0.0000000000000000E+00	0.0000000000000000E+00	0.0000000000000000E+00	0.0000000000000000E+00	0.0000000000000000E+00	
0.0000000000000000E+00	-0.0000000000000000E+00	-0.0000000000000000E+00	0.0000000000000000E+00	-0.0000000000000000E+00	0.0000000000000000E+00	0.0000000000000000E+00	0.0000000000000000E+00	0.0000000000000000E+00	0.0000000000000000E+00	0.0000000000000000E+00	0.0000000000000000E+00	0.0000000000000000E+00	0.0000000000000000E+00	0.0000000000000000E+00	0.0000000000000000E+00	0.0000000000000000E+00	0.0000000000000000E+00	0.0000000000000000E+00	0.0000000000000000E+00	
0.0000000000000000E+00	-0.0000000000000000E+00	-0.0000000000000000E+00	0.0000000000000000E+00	-0.0000000000000000E+00	0.0000000000000000E+00	0.0000000000000000E+00	0.0000000000000000E+00	0.0000000000000000E+00	0.0000000000000000E+00	0.0000000000000000E+00	0.0000000000000000E+00	0.0000000000000000E+00	0.0000000000000000E+00	0.0000000000000000E+00	0.0000000000000000E+00	0.0000000000000000E+00	0.0000000000000000E+00	0.0000000000000000E+00	0.0000000000000000E+00	
0.0000000000000000E+00	-0.0000000000000000E+00	-0.0000000000000000E+00	0.0000000000000000E+00	-0.0000000000000000E+00	0.0000000000000000E+00	0.0000000000000000E+00	0.0000000000000000E+00	-0.0000000000000000E+00	0.0000000000000000E+00	0.0000000000000000E+00	0.0000000000000000E+00	0.0000000000000000E+00	0.0000000000000000E+00	0.0000000000000000E+00	0.0000000000000000E+00	0.0000000000000000E+00	0.0000000000000000E+00	0.0000000000000000E+00	0.0000000000000000E+00	
-0.0000000000000000E+00	-0.0000000000000000E+00	-0.0000000000000000E+00	-0.0000000000000000E+00	-0.0000000000000000E+00	0.0000000000000000E+00	0.0000000000000000E+00	0.0000000000000000E+00	0.0000000000000000E+00	0.0000000000000000E+00	0.0000000000000000E+00	0.0000000000000000E+00	0.0000000000000000E+00	0.0000000000000000E+00	0.0000000000000000E+00	0.0000000000000000E+00	0.0000000000000000E+00	0.0000000000000000E+00	0.0000000000000000E+00	0.0000000000000000E+00	
-0.0000000000000000E+00	-0.0000000000000000E+00	-0.0000000000000000E+00	-0.0000000000000000E+00	-0.0000000000000000E+00	0.0000000000000000E+00	0.0000000000000000E+00	0.0000000000000000E+00	0.0000000000000000E+00	-0.0000000000000000E+00	-0.0000000000000000E+00	0.0000000000000000E+00	0.0000000000000000E+00	0.0000000000000000E+00	0.0000000000000000E+00	0.0000000000000000E+00	0.0000000000000000E+00	0.0000000000000000E+00	0.0000000000000000E+00	0.0000000000000000E+00	
-0.0000000000000000E+00	0.0000000000000000E+00	0.0000000000000000E+00	-0.0000000000000000E+00	0.0000000000000000E+00	-0.0000000000000000E+00	-0.0000000000000000E+00	-0.0000000000000000E+00	0.0000000000000000E+00	0.0000000000000000E+00	0.0000000000000000E+00	0.0000000000000000E+00	0.0000000000000000E+00	0.0000000000000000E+00	0.0000000000000000E+00	0.0000000000000000E+00	0.0000000000000000E+00	0.0000000000000000E+00	0.0000000000000000E+00	0.0000000000000000E+00	
0.0000000000000000E+00	0.0000000000000000E+00	0.0000000000000000E+00	-0.0000000000000000E+00	0.0000000000000000E+00	-0.0000000000000000E+00	-0.0000000000000000E+00	-0.0000000000000000E+00	0.0000000000000000E+00	0.0000000000000000E+00	0.0000000000000000E+00	0.0000000000000000E+00	-0.0000000000000000E+00	0.0000000000000000E+00	0.0000000000000000E+00	0.0000000000000000E+00	0.0000000000000000E+00	0.0000000000000000E+00	0.0000000000000000E+00	0.0000000000000000E+00	
-0.0000000000000000E+00	-0.0000000000000000E+00	-0.0000000000000000E+00	-0.0000000000000000E+00	0.0000000000000000E+00	-0.0000000000000000E+00	-0.0000000000000000E+00	-0.0000000000000000E+00	0.0000000000000000E+00	0.0000000000000000E+00	0.0000000000000000E+00	0.0000000000000000E+00	-0.0000000000000000E+00	0.0000000000000000E+00	0.0000000000000000E+00	0.0000000000000000E+00	0.0000000000000000E+00	0.0000000000000000E+00	0.0000000000000000E+00	0.0000000000000000E+00	
-0.0000000000000000E+00	-0.0000000000000000E+00	-0.0000000000000000E+00	0.0000000000000000E+00	-0.0000000000000000E+00	0.0000000000000000E+00	0.0000000000000000E+00	0.0000000000000000E+00	-0.0000000000000000E+00	-0.0000000000000000E+00	-0.0000000000000000E+00	-0.0000000000000000E+00	0.0000000000000000E+00	-0.0000000000000000E+00	0.0000000000000000E+00	0.0000000000000000E+00	0.0000000000000000E+00	0.0000000000000000E+00	0.0000000000000000E+00	0.0000000000000000E+00	
0.0000000000000000E+00	0.0000000000000000E+00	0.0000000000000000E+00	0.0000000000000000E+00	0.0000000000000000E+00	-0.0000000000000000E+00	-0.0000000000000000E+00	-0.0000000000000000E+00	-0.0000000000000000E+00	0.0000000000000000E+00	0.0000000000000000E+00	0.0000000000000000E+00	0.0000000000000000E+00	-0.0000000000000000E+00	-0.0000000000000000E+00	-0.0000000000000000E+00	0.0000000000000000E+00	0.0000000000000000E+00	0.0000000000000000E+00	0.0000000000000000E+00	
0.0000000000000000E+00	0.0000000000000000E+00	0.0000000000000000E+00	0.0000000000000000E+00	0.0000000000000000E+00	-0.0000000000000000E+00	-0.0000000000000000E+00	-0.0000000000000000E+00	-0.0000000000000000E+00	-0.0000000000000000E+00	0.0000000000000000E+00	0.0000000000000000E+00	0.0000000000000000E+00	-0.0000000000000000E+00	-0.0000000000000000E+00	-0.0000000000000000E+00	-0.0000000000000000E+00	0.0000000000000000E+00	0.0000000000000000E+00	0.0000000000000000E+00	
0.0000000000000000E+00	0.0000000000000000E+00	0.0000000000000000E+00	0.0000000000000000E+00	0.0000000000000000E+00	-0.0000000000000000E+00	-0.0000000000000000E+00	-0.0000000000000000E+00	-0.0000000000000000E+00	-0.0000000000000000E+00	0.0000000000000000E+00	0.0000000000000000E+00	0.0000000000000000E+00	-0.0000000000000000E+00	-0.0000000000000000E+00	-0.0000000000000000E+00	-0.0000000000000000E+00	0.0000000000000000E+00	0.0000000000000000E+00	0.0000000000000000E+00	
0.0000000000000000E+00	0.0000000000000000E+00	0.0000000000000000E+00	-0.0000000000000000E+00	0.0000000000000000E+00	-0.0000000000000000E+00	-0.0000000000000000E+00	-0.0000000000000000E+00	-0.0000000000000000E+00	0.0000000000000000E+00	0.0000000000000000E+00	0.0000000000000000E+00	0.0000000000000000E+00	0.0000000000000000E+00	-0.0000000000000000E+00	-0.0000000000000000E+00	-0.0000000000000000E+00	0.0000000000000000E+00	0.0000000000000000E+00	0.0000000000000000E+00	

beta
0.0000000000000000E+00	0.0000000000000000E+00	0.0000000000000000E+00	0.0000000000000000E+00	0.0000000000000000E+00	0.0000000000000000E+00	0.0000000000000000E+00	0.0000000000000000E+00	0.0000000000000000E+00	0.0000000000000000E+00	0.0000000000000000E+00	0.0000000000000000E+00	0.0000000000000000E+00	0.0000000000000000E+00	0.0000000000000000E+00	0.0000000000000000E+00	0.0000000000000000E+00	0.0000000000000000E+00	0.0000000000000000E+00	0.0000000000000000E+00	
3.6262565728214452E-01	0.0000000000000000E+00	0.0000000000000000E+00	0.0000000000000000E+00	0.0000000000000000E+00	0.0000000000000000E+00	0.0000000000000000E+00	0.0000000000000000E+00	0.0000000000000000E+00	0.0000000000000000E+00	0.0000000000000000E+00	0.0000000000000000E+00	0.0000000000000000E+00	0.0000000000000000E+00	0.0000000000000000E+00	0.0000000000000000E+00	0.0000000000000000E+00	0.0000000000000000E+00	0.0000000000000000E+00	0.0000000000000000E+00	
-7.2648679974190444E-02	3.0462525260626556E-02	0.0000000000000000E+00	0.0000000000000000E+00	0.0000000000000000E+00	0.0000000000000000E+00	0.0000000000000000E+00	0.0000000000000000E+00	0.0000000000000000E+00	0.0000000000000000E+00	0.0000000000000000E+00	0.0000000000000000E+00	0.0000000000000000E+00	0.0000000000000000E+00	0.0000000000000000E+00	0.0000000000000000E+00	0.0000000000000000E+00	0.0000000000000000E+00	0.0000000000000000E+00	0.0000000000000000E+00	
2.9503195068678489E-01	3.9906407738014696E-02	8.1871750417185515E-02	0.0000000000000000E+00	0.0000000000000000E+00	0.0000000000000000E+00	0.0000000000000000E+00	0.0000000000000000E+00	0.0000000000000000E+00	0.0000000000000000E+00	0.0000000000000000E+00	0.0000000000000000E+00	0.0000000000000000E+00	0.0000000000000000E+00	0.0000000000000000E+00	0.0000000000000000E+00	0.0000000000000000E+00	0.0000000000000000E+00	0.0000000000000000E+00	0.0000000000000000E+00	
4.7666218019608730E-01	4.8634636921163092E-02	9.8444005096012061E-02	1.4677957544411518E-01	0.0000000000000000E+00	0.0000000000000000E+00	0.0000000000000000E+00	0.0000000000000000E+00	0.0000000000000000E+00	0.0000000000000000E+00	0.0000000000000000E+00	0.0000000000000000E+00	0.0000000000000000E+00	0.0000000000000000E+00	0.0000000000000000E+00	0.0000000000000000E+00	0.0000000000000000E+00	0.0000000000000000E+00	0.0000000000000000E+00	0.0000000000000000E+00	
-9.8132497803004615E-01	-6.1885342298420520E-02	-1.2099419578988879E-01	-3.3387707585762294E-01	1.0195542771707662E+00	0.0000000000000000E+00	0.0000000000000000E+00	0.0000000000000000E+00	0.0000000000000000E+00	0.0000000000000000E+00	0.0000000000000000E+00	0.0000000000000000E+00	0.0000000000000000E+00	0.0000000000000000E+00	0.0000000000000000E+00	0.0000000000000000E+00	0.0000000000000000E+00	0.0000000000000000E+00	0.0000000000000000E+00	0.0000000000000000E+00	
1.2792764669672043E+00	1.5776907824373193E-01	3.2239175542158161E-01	3.7135065031309045E-01	-8.5878337898380297E-01	-1.0544811651886707E-02	0.0000000000000000E+00	0.0000000000000000E+00	0.0000000000000000E+00	0.0000000000000000E+00	0.0000000000000000E+00	0.0000000000000000E+00	0.0000000000000000E+00	0.0000000000000000E+00	0.0000000000000000E+00	0.0000000000000000E+00	0.0000000000000000E+00	0.0000000000000000E+00	0.0000000000000000E+00	0.0000000000000000E+00	
1.2371966539185558E-01	-1.2104576480948565E-02	-2.7263489730959961E-02	5.8592768174334356E-02	-2.4998486150828250E-01	9.2365071846539654E-03	2.0651388810691382E-02	0.0000000000000000E+00	0.0000000000000000E+00	0.0000000000000000E+00	0.0000000000000000E+00	0.0000000000000000E+00	0.0000000000000000E+00	0.0000000000000000E+00	0.0000000000000000E+00	0.0000000000000000E+00	0.0000000000000000E+00	0.0000000000000000E+00	0.0000000000000000E+00	0.0000000000000000E+00	
4.8540585287528790E-02	-1.5147229701289920E-02	-3.2905369522919559E-02	3.1606843766527150E-02	-1.6151575761487047E-01	7.5213967879087648E-03	1.3306889855744422E-02	4.6394747146543969E-01	0.0000000000000000E+00	0.0000000000000000E+00	0.0000000000000000E+00	0.0000000000000000E+00	0.0000000000000000E+00	0.0000000000000000E+00	0.0000000000000000E+00	0.0000000000000000E+00	0.0000000000000000E+00	0.0000000000000000E+00	0.0000000000000000E+00	0.0000000000000000E+00	
5.7704618944506861E-02	-3.9056665919696532E-02	-8.4076734595123673E-02	5.5020866101998196E-02	-3.2042746184435184E-01	1.6831461628923180E-02	2.6354962311369030E-02	8.6244920224067478E-01	-2.1393123071695241E-01	0.0000000000000000E+00	0.0000000000000000E+00	0.0000000000000000E+00	0.0000000000000000E+00	0.0000000000000000E+00	0.0000000000000000E+00	0.0000000000000000E+00	0.0000000000000000E+00	0.0000000000000000E+00	0.0000000000000000E+00	0.0000000000000000E+00	
-8.4043294742060376E-02	-3.5034430424375068E-02	-7.3870443171498823E-02	-3.9490115624012112E-03	-9.4084181316969939E-02	9.9396785021247797E-03	7.6225123389325605E-03	1.0155753956228963E-01	4.9143464940485271E-02	3.4584839979740309E-02	0.0000000000000000E+00	0.0000000000000000E+00	0.0000000000000000E+00	0.0000000000000000E+00	0.0000000000000000E+00	0.0000000000000000E+00	0.0000000000000000E+00	0.0000000000000000E+00	0.0000000000000000E+00	0.0000000000000000E+00	
-1.3046084842894373E-01	-6.0685127088036368E-02	-1.2812745006528631E-01	-9.0754284484062531E-04	-1.8448804000191882E-01	1.7791219264378662E-02	1.4986245781358485E-02	2.5071623561332063E-01	5.8295747537776013E-02	-2.7788132556554712E-02	-1.7683214264432832E-02	0.0000000000000000E+00	0.0000000000000000E+00	0.0000000000000000E+00	0.0000000000000000E+00	0.0000000000000000E+00	0.0000000000000000E+00	0.0000000000000000E+00	0.0000000000000000E+00	0.0000000000000000E+00	
-3.5962313040866223E-02	1.7008621206515140E-03	4.0426220019212367E-03	-1.5524959664713723E-02	6.1575588908288237E-02	-2.0035206843736289E-03	-5.0930897105890757E-03	-2.0309256407301562E-01	6.8686252809970899E-02	2.3063528805827030E-01	6.5273402089397733E-02	2.8782926201787412E-01	0.0000000000000000E+00	0.0000000000000000E+00	0.0000000000000000E+00	0.0000000000000000E+00	0.0000000000000000E+00	0.0000000000000000E+00	0.0000000000000000E+00	0.0000000000000000E+00	
7.7135492112526627E-02	6.6975009594707521E-02	1.4216939849597782E-01	-2.5235985786274642E-02	2.9877954280284491E-01	-2.2174358336259629E-02	-2.4424215292582672E-02	-6.0751644237327096E-01	5.4310540358080084E-02	4.1849638804327616E-01	1.2881313829123256E-01	5.6779019108466855E-01	-1.6832019551025659E-01	0.0000000000000000E+00	0.0000000000000000E+00	0.0000000000000000E+00	0.0000000000000000E+00	0.0000000000000000E+00	0.0000000000000000E+00	0.0000000000000000E+00	
-3.2589863378705904E-02	-1.1695313108793155E-03	-2.1265364900487694E-03	-1.1822170835084956E-02	3.9262783175770616E-02	-7.9951188416913410E-04	-3.2586159722685160E-03	-1.4400627111182371E-01	5.4505201561559066E-02	1.7395403885225086E-01	4.8833583982206052E-02	2.1534490541588738E-01	-1.0838967824301664E-01	1.2507304130162630E-01	0.0000000000000000E+00	0.0000000000000000E+00	0.0000000000000000E+00	0.0000000000000000E+00	0.0000000000000000E+00	0.0000000000000000E+00	
-2.0859859639451500E-01	-1.3397301882302892E-01	-2.8376878510137282E-01	2.9167437238812235E-02	-5.2035386549960871E-01	4.2293767245096738E-02	4.2451973299739647E-02	9.4651620406536940E-01	-1.2259717527491804E-02	-5.2209778274315100E-01	-1.6888679974068727E-01	-7.4426702938125366E-01	1.4320514568675530E-01	-3.0530956234911566E-01	9.1634224681278638E-03	0.0000000000000000E+00	0.0000000000000000E+00	0.0000000000000000E+00	0.0000000000000000E+00	0.0000000000000000E+00	
1.5563075166512180E-01	7.3618931985370228E-02	1.5546525063157587E-01	6.6657619240018118E-05	2.2755960258098348E-01	-2.1683151369319274E-02	-1.8491081428479265E-02	-3.1719230632435291E-01	-6.6043073130799546E-02	4.8999142186305439E-02	2.5760623087483073E-02	1.1333755911577370E-01	6.7421205206781229E-02	-2.4631279939071049E-03	-2.0991090936028334E-03	-6.5212443369025007E-04	0.0000000000000000E+00	0.0000000000000000E+00	0.0000000000000000E+00	0.0000000000000000E+00	
6.8922610015862362E-01	3.0263008087208693E-01	6.3851729262583867E-01	1.9688938819481618E-02	8.6502155488359045E-01	-8.7255465102264340E-02	-7.0178085644333088E-02	-1.0591117302429198E+00	-3.5928336919095888E-01	-8.5555632690666072E-02	2.5019723789801218E-02	1.0926563209031842E-01	4.5341213724180129E-01	-2.1548030366130408E-01	-5.0868911997848576E-03	-2.4135303843218743E-03	-7.1670819476613357E-01	0.0000000000000000E+00	0.0000000000000000E+00	0.0000000000000000E+00	
6.5240564754772945E-01	2.9138136969847267E-01	6.1491137017649944E-01	1.4560305425658377E-02	8.4881703191939606E-01	-8.4437689490197490E-02	-6.8890862589496185E-02	-1.0751813047623855E+00	-3.2604618560395821E-01	-1.7384751450100509E-02	4.2405347335842197E-02	1.8597031166293865E-01	3.9664230563226421E-01	-1.6096524761221695E-01	-5.6999625809637149E-03	-2.3843311507286873E-03	-7.2808349698619423E-01	1.1299730376147328E+00	0.0000000000000000E+00	0.0000000000000000E+00	
1.9701811589647233E-01	9.7794174034885772E-02	2.0662823601672864E-01	-3.7262430548652553E-03	3.1612352999139781E-01	-2.9172712942711759E-02	-2.5709632517204789E-02	-4.6945141201694285E-01	-7.0479740062293073E-02	1.2147754561444074E-01	5.0111133889914394E-02	2.2063072068045905E-01	5.4928438647252942E-02	3.7077703506791182E-02	-3.4843907110425464E-03	-9.1877269044275765E-04	-3.1883036494627137E-01	6.0758161748406225E-01	1.2402053179369085E-02	0.0000000000000000E+00	

gamma1
0.0000000000000000E+00	0.0000000000000000E+00	7.3152395791159486E-01	1.2425281999630045E+00	1.7743288308439271E+00	-2.6696108944233941E+00	7.4902895636881794E-01	2.8712554706626847E-01	5.8649389538619345E-01	1.6532266833461204E+00	-4.1182096328398365E-02	-4.3566147889835722E+00	-3.7013094780908085E+00	1.2074576369211691E+00	4.7139401924038959E-01	-4.3156672608903142E+00	-4.1018342637314431E-01	3.3306716596145574E+00	1.0735746990936528E+00	5.3769567702837373E-01	

gamma2
0.0000000000000000E+00	1.0000000000000000E+00	1.2003407053948900E+00	-1.3860652286737833E+00	-4.3855736248520094E-01	9.6410754717424496E-01	1.4988991197812152E+00	9.2589330362604749E-01	1.1851146668757620E-01	1.6049348875058553E-01	5.0394626888789085E-01	1.2217333851169772E+00	1.2732064618149435E+00	-3.6337453776669371E-01	2.4794302789494554E-01	1.0361738784214733E+00	-3.1996761425104109E-01	-5.1708616192728030E-01	1.4452884809378175E-01	2.5391617119251708E-01	

gamma3
0.0000000000000000E+00	0.0000000000000000E+00	0.0000000000000000E+00	0.0000000000000000E+00	-1.2568022226318959E-01	1.8487194640790525E+00	-9.8862944927046859E-01	1.1102085734104372E+00	4.0649942349825807E-01	-8.6842593420082137E-01	5.5399493733857119E-01	6.2237353457755829E-01	-2.4243702688097415E-01	4.3828754814700882E-01	-8.4563633449915437E-02	8.7856492759289728E-01	2.5992396620859037E+00	-7.7944376396250170E-01	-4.4944958917414740E-01	-1.9805320561476325E-01	

delta
1.0000000000000000E+00	-7.7633346858791941E-01	-4.8690494970375288E-02	1.3040747424689465E+00	4.0963003857832120E-01	-1.0616735315799737E+00	-1.2561432553783087E+00	4.8825835915350507E-01	1.2817373083010024E+00	-3.7411544553750675E-01	2.9082757085994779E+00	7.8903549470801908E-03	-2.1058315227553526E+00	6.9594744756884308E-01	1.8091723608950760E+00	-5.6602176769408930E-01	-7.1623599267905624E-01	-3.9924973337454928E-01	0.0000000000000000E+00	

r
0.0000000000000000E+00	

errcoeff
9.9895995850796227E-05	

v
1.0000000000000000E+00	
1.0000000000000000E+00	
1.0000000000000000E+00	
1.0000000000000000E+00	
1.0000000000000000E+00	
1.0000000000000000E+00	
1.0000000000000000E+00	
1.0000000000000000E+00	
1.0000000000000000E+00	
1.0000000000000000E+00	
1.0000000000000000E+00	
1.0000000000000000E+00	
1.0000000000000000E+00	
1.0000000000000000E+00	
1.0000000000000000E+00	
1.0000000000000000E+00	
1.0000000000000000E+00	
1.0000000000000000E+00	
1.0000000000000000E+00	
1.0000000000000000E+00	

==============================================================

