#stage		 order
8	 		4


A
0.0000000000000000E+00	0.0000000000000000E+00	0.0000000000000000E+00	0.0000000000000000E+00	0.0000000000000000E+00	0.0000000000000000E+00	0.0000000000000000E+00	0.0000000000000000E+00	
5.5414933810823019E-01	0.0000000000000000E+00	0.0000000000000000E+00	0.0000000000000000E+00	0.0000000000000000E+00	0.0000000000000000E+00	0.0000000000000000E+00	0.0000000000000000E+00	
3.9921785509881380E-01	1.0063877016154331E-01	0.0000000000000000E+00	0.0000000000000000E+00	0.0000000000000000E+00	0.0000000000000000E+00	0.0000000000000000E+00	0.0000000000000000E+00	
2.2975973765393209E-01	-7.5744327584325782E-02	1.2636278488505187E-01	0.0000000000000000E+00	0.0000000000000000E+00	0.0000000000000000E+00	0.0000000000000000E+00	0.0000000000000000E+00	
-7.5484808998779462E-02	-4.6690789131165339E-02	1.0258940611606973E-01	6.6162239581936799E-01	0.0000000000000000E+00	0.0000000000000000E+00	0.0000000000000000E+00	0.0000000000000000E+00	
1.1442691681254649E+00	-6.9577647860497860E-03	-1.1614860906101704E-01	-1.6310181784426896E+00	1.6771306775045798E+00	0.0000000000000000E+00	0.0000000000000000E+00	0.0000000000000000E+00	
-1.7000249759828012E-01	-5.8795524902248056E-02	1.3771112132800623E-01	9.4533441982546274E-01	-1.0231934629183561E+00	-1.2126236738132885E-01	0.0000000000000000E+00	0.0000000000000000E+00	
2.3578160953470262E-01	-2.6581653028359371E-02	2.6697871131934982E-02	-4.0580038047261513E-02	2.0234906033083755E-02	7.5050029253583284E-03	-3.3479327787967984E-03	0.0000000000000000E+00	

b
2.1771312682301452E-02	
4.6468930519407814E-02	
-9.6033004780097089E-02	
-5.7861558656148926E-01	
6.3480159117581292E-01	
7.3393515280953961E-02	
-2.4323320146313167E-03	
9.0064557369774167E-01	

c
0.0000000000000000E+00	
5.5414933810823019E-01	
4.9985662526035712E-01	
2.8037819495465821E-01	
6.4203620380549298E-01	
1.0672752933402883E+00	
-2.9020831164674415E-01	
2.1970976577066198E-01	

alpha
0.0000000000000000E+00	0.0000000000000000E+00	0.0000000000000000E+00	0.0000000000000000E+00	0.0000000000000000E+00	0.0000000000000000E+00	0.0000000000000000E+00	0.0000000000000000E+00	0.0000000000000000E+00	
0.0000000000000000E+00	0.0000000000000000E+00	0.0000000000000000E+00	0.0000000000000000E+00	0.0000000000000000E+00	0.0000000000000000E+00	0.0000000000000000E+00	0.0000000000000000E+00	0.0000000000000000E+00	
0.0000000000000000E+00	0.0000000000000000E+00	0.0000000000000000E+00	0.0000000000000000E+00	0.0000000000000000E+00	0.0000000000000000E+00	0.0000000000000000E+00	0.0000000000000000E+00	0.0000000000000000E+00	
0.0000000000000000E+00	-0.0000000000000000E+00	0.0000000000000000E+00	0.0000000000000000E+00	0.0000000000000000E+00	0.0000000000000000E+00	0.0000000000000000E+00	0.0000000000000000E+00	0.0000000000000000E+00	
-0.0000000000000000E+00	-0.0000000000000000E+00	0.0000000000000000E+00	0.0000000000000000E+00	0.0000000000000000E+00	0.0000000000000000E+00	0.0000000000000000E+00	0.0000000000000000E+00	0.0000000000000000E+00	
0.0000000000000000E+00	-0.0000000000000000E+00	-0.0000000000000000E+00	-0.0000000000000000E+00	0.0000000000000000E+00	0.0000000000000000E+00	0.0000000000000000E+00	0.0000000000000000E+00	0.0000000000000000E+00	
-0.0000000000000000E+00	-0.0000000000000000E+00	0.0000000000000000E+00	0.0000000000000000E+00	-0.0000000000000000E+00	-0.0000000000000000E+00	0.0000000000000000E+00	0.0000000000000000E+00	0.0000000000000000E+00	
0.0000000000000000E+00	-0.0000000000000000E+00	0.0000000000000000E+00	-0.0000000000000000E+00	0.0000000000000000E+00	0.0000000000000000E+00	-0.0000000000000000E+00	0.0000000000000000E+00	0.0000000000000000E+00	
0.0000000000000000E+00	0.0000000000000000E+00	-0.0000000000000000E+00	-0.0000000000000000E+00	0.0000000000000000E+00	0.0000000000000000E+00	-0.0000000000000000E+00	0.0000000000000000E+00	0.0000000000000000E+00	

beta
0.0000000000000000E+00	0.0000000000000000E+00	0.0000000000000000E+00	0.0000000000000000E+00	0.0000000000000000E+00	0.0000000000000000E+00	0.0000000000000000E+00	0.0000000000000000E+00	0.0000000000000000E+00	
5.5414933810823019E-01	0.0000000000000000E+00	0.0000000000000000E+00	0.0000000000000000E+00	0.0000000000000000E+00	0.0000000000000000E+00	0.0000000000000000E+00	0.0000000000000000E+00	0.0000000000000000E+00	
3.9921785509881380E-01	1.0063877016154331E-01	0.0000000000000000E+00	0.0000000000000000E+00	0.0000000000000000E+00	0.0000000000000000E+00	0.0000000000000000E+00	0.0000000000000000E+00	0.0000000000000000E+00	
2.2975973765393209E-01	-7.5744327584325782E-02	1.2636278488505187E-01	0.0000000000000000E+00	0.0000000000000000E+00	0.0000000000000000E+00	0.0000000000000000E+00	0.0000000000000000E+00	0.0000000000000000E+00	
-7.5484808998779462E-02	-4.6690789131165339E-02	1.0258940611606973E-01	6.6162239581936799E-01	0.0000000000000000E+00	0.0000000000000000E+00	0.0000000000000000E+00	0.0000000000000000E+00	0.0000000000000000E+00	
1.1442691681254649E+00	-6.9577647860497860E-03	-1.1614860906101704E-01	-1.6310181784426896E+00	1.6771306775045798E+00	0.0000000000000000E+00	0.0000000000000000E+00	0.0000000000000000E+00	0.0000000000000000E+00	
-1.7000249759828012E-01	-5.8795524902248056E-02	1.3771112132800623E-01	9.4533441982546274E-01	-1.0231934629183561E+00	-1.2126236738132885E-01	0.0000000000000000E+00	0.0000000000000000E+00	0.0000000000000000E+00	
2.3578160953470262E-01	-2.6581653028359371E-02	2.6697871131934982E-02	-4.0580038047261513E-02	2.0234906033083755E-02	7.5050029253583284E-03	-3.3479327787967984E-03	0.0000000000000000E+00	0.0000000000000000E+00	
2.1771312682301452E-02	4.6468930519407814E-02	-9.6033004780097089E-02	-5.7861558656148926E-01	6.3480159117581292E-01	7.3393515280953961E-02	-2.4323320146313167E-03	9.0064557369774167E-01	0.0000000000000000E+00	

gamma1
0.0000000000000000E+00	0.0000000000000000E+00	3.8426176712164972E-01	-5.0947142043518356E-01	1.2115099900568995E+00	-2.3273313811371183E+00	-5.5680423081492858E-01	-5.7749767465499302E-01	7.2651757826077534E-01	

gamma2
0.0000000000000000E+00	1.0000000000000000E+00	2.7958435092303030E-01	7.9580815077349221E-01	-4.8139566370402981E-01	1.3035977447485982E+00	7.1075373363157857E-01	3.4273957137495487E-01	-3.7243568069078742E-01	

gamma3
0.0000000000000000E+00	0.0000000000000000E+00	0.0000000000000000E+00	0.0000000000000000E+00	1.1012366408909731E+00	-8.9678847612066709E-02	-2.5295278141434102E-01	1.8918983161577863E-01	1.7820779260646167E+00	

delta
1.0000000000000000E+00	1.2023343969200311E+00	-3.0555636195263292E-01	8.3018178192653103E-01	-1.0574461265302086E-01	-7.4964756870958105E-02	1.5043697873166793E+00	0.0000000000000000E+00	

r
0.0000000000000000E+00	

errcoeff
6.7528893785411145E-04	

v
1.0000000000000000E+00	
1.0000000000000000E+00	
1.0000000000000000E+00	
1.0000000000000000E+00	
1.0000000000000000E+00	
1.0000000000000000E+00	
1.0000000000000000E+00	
1.0000000000000000E+00	
1.0000000000000000E+00	

==============================================================

