#stage		 order
18	 		4


A
0.0000000000000000E+00	0.0000000000000000E+00	0.0000000000000000E+00	0.0000000000000000E+00	0.0000000000000000E+00	0.0000000000000000E+00	0.0000000000000000E+00	0.0000000000000000E+00	0.0000000000000000E+00	0.0000000000000000E+00	0.0000000000000000E+00	0.0000000000000000E+00	0.0000000000000000E+00	0.0000000000000000E+00	0.0000000000000000E+00	0.0000000000000000E+00	0.0000000000000000E+00	0.0000000000000000E+00	
1.2384169480626298E-01	0.0000000000000000E+00	0.0000000000000000E+00	0.0000000000000000E+00	0.0000000000000000E+00	0.0000000000000000E+00	0.0000000000000000E+00	0.0000000000000000E+00	0.0000000000000000E+00	0.0000000000000000E+00	0.0000000000000000E+00	0.0000000000000000E+00	0.0000000000000000E+00	0.0000000000000000E+00	0.0000000000000000E+00	0.0000000000000000E+00	0.0000000000000000E+00	0.0000000000000000E+00	
1.3980621252737155E-01	1.0176262534280349E+00	0.0000000000000000E+00	0.0000000000000000E+00	0.0000000000000000E+00	0.0000000000000000E+00	0.0000000000000000E+00	0.0000000000000000E+00	0.0000000000000000E+00	0.0000000000000000E+00	0.0000000000000000E+00	0.0000000000000000E+00	0.0000000000000000E+00	0.0000000000000000E+00	0.0000000000000000E+00	0.0000000000000000E+00	0.0000000000000000E+00	0.0000000000000000E+00	
8.7985928260973234E-02	5.2546708954202348E-01	-6.9732026387527429E-02	0.0000000000000000E+00	0.0000000000000000E+00	0.0000000000000000E+00	0.0000000000000000E+00	0.0000000000000000E+00	0.0000000000000000E+00	0.0000000000000000E+00	0.0000000000000000E+00	0.0000000000000000E+00	0.0000000000000000E+00	0.0000000000000000E+00	0.0000000000000000E+00	0.0000000000000000E+00	0.0000000000000000E+00	0.0000000000000000E+00	
8.3759693447474470E-02	5.6468135334303882E-01	-1.0688793912577059E-01	3.4239356067806476E-01	0.0000000000000000E+00	0.0000000000000000E+00	0.0000000000000000E+00	0.0000000000000000E+00	0.0000000000000000E+00	0.0000000000000000E+00	0.0000000000000000E+00	0.0000000000000000E+00	0.0000000000000000E+00	0.0000000000000000E+00	0.0000000000000000E+00	0.0000000000000000E+00	0.0000000000000000E+00	0.0000000000000000E+00	
1.6726484389572943E-02	-3.2955726905837146E-02	7.0231066215007881E-02	-1.9429995267260936E-01	1.8177707207807942E-02	0.0000000000000000E+00	0.0000000000000000E+00	0.0000000000000000E+00	0.0000000000000000E+00	0.0000000000000000E+00	0.0000000000000000E+00	0.0000000000000000E+00	0.0000000000000000E+00	0.0000000000000000E+00	0.0000000000000000E+00	0.0000000000000000E+00	0.0000000000000000E+00	0.0000000000000000E+00	
8.5212304312201420E-02	3.6895086436468921E-01	2.0417057327725058E-02	-2.2143798782399693E-02	-5.0607012624471030E-03	-6.1188746289480445E-03	0.0000000000000000E+00	0.0000000000000000E+00	0.0000000000000000E+00	0.0000000000000000E+00	0.0000000000000000E+00	0.0000000000000000E+00	0.0000000000000000E+00	0.0000000000000000E+00	0.0000000000000000E+00	0.0000000000000000E+00	0.0000000000000000E+00	0.0000000000000000E+00	
5.6115289523963954E-02	2.4807036248510825E-01	1.0238252109919896E-02	-5.3833207158165176E-03	-4.2610752585266962E-03	-2.6308960924917107E-03	7.8242308902580354E-02	0.0000000000000000E+00	0.0000000000000000E+00	0.0000000000000000E+00	0.0000000000000000E+00	0.0000000000000000E+00	0.0000000000000000E+00	0.0000000000000000E+00	0.0000000000000000E+00	0.0000000000000000E+00	0.0000000000000000E+00	0.0000000000000000E+00	
5.5617001587329989E-02	2.2559872241552970E-01	2.2885043402462488E-02	-4.1872004229884810E-02	-5.3578470176828333E-04	-8.1623790832647519E-03	1.7748915546245353E-01	-3.7642864750532951E-01	0.0000000000000000E+00	0.0000000000000000E+00	0.0000000000000000E+00	0.0000000000000000E+00	0.0000000000000000E+00	0.0000000000000000E+00	0.0000000000000000E+00	0.0000000000000000E+00	0.0000000000000000E+00	0.0000000000000000E+00	
4.1267642564437920E-02	2.1339040402872023E-01	-1.1925519339070757E-02	5.1844723158143362E-02	-8.7656271741464800E-03	6.5493576506445083E-03	-9.5104862608917040E-02	3.3514082074043883E-01	-4.5078383666690258E-02	0.0000000000000000E+00	0.0000000000000000E+00	0.0000000000000000E+00	0.0000000000000000E+00	0.0000000000000000E+00	0.0000000000000000E+00	0.0000000000000000E+00	0.0000000000000000E+00	0.0000000000000000E+00	
4.9214707228272543E-02	2.4835676036958906E-01	-1.0371602961231888E-02	5.0784105293737572E-02	-9.3389830056561530E-03	6.1314277224501154E-03	-8.3208385745074817E-02	3.1783206197775316E-01	-4.2137451904474078E-02	-7.5734228201432585E-01	0.0000000000000000E+00	0.0000000000000000E+00	0.0000000000000000E+00	0.0000000000000000E+00	0.0000000000000000E+00	0.0000000000000000E+00	0.0000000000000000E+00	0.0000000000000000E+00	
4.3953546617319067E-02	2.1308304129445066E-01	-3.7804704191877342E-03	2.9629646743033283E-02	-6.7535227665438749E-03	3.0851256762157910E-03	-3.1297746322003911E-02	1.6731762966911823E-01	-2.1085372290804996E-02	-3.1173621722140399E-01	-2.7149222760935121E-01	0.0000000000000000E+00	0.0000000000000000E+00	0.0000000000000000E+00	0.0000000000000000E+00	0.0000000000000000E+00	0.0000000000000000E+00	0.0000000000000000E+00	
6.3525772151129520E-02	2.8655540055752871E-01	7.9922912568218610E-03	4.2261900912684836E-03	-5.8653761163037429E-03	-1.4092563769265813E-03	6.0344443263563669E-02	-4.4211075139573563E-02	1.0140262364793540E-02	4.4444738658116578E-01	-1.6331350381395771E-02	1.1833684341657344E-03	0.0000000000000000E+00	0.0000000000000000E+00	0.0000000000000000E+00	0.0000000000000000E+00	0.0000000000000000E+00	0.0000000000000000E+00	
5.8298433068557053E-02	2.6301804404189438E-01	7.3079845558791665E-03	3.9548600916312670E-03	-5.3904462032773760E-03	-1.2816729419206376E-03	5.5169819599013313E-02	-4.0006680543101761E-02	9.2254265050073260E-03	4.0610292136628812E-01	-1.5732153872280583E-02	1.2839043316898104E-03	2.8858319979308041E-02	0.0000000000000000E+00	0.0000000000000000E+00	0.0000000000000000E+00	0.0000000000000000E+00	0.0000000000000000E+00	
5.4288474381480101E-02	2.4448318916684331E-01	7.0840956224363788E-03	2.8831914212800805E-03	-4.9389696292854723E-03	-1.3150890015976510E-03	5.3562387165024372E-02	-4.3180800433586686E-02	9.4323084526675843E-03	3.9671193344780242E-01	-6.8591348524650320E-03	-8.7503246389019837E-04	-1.1337842643799334E-04	4.6005267586974657E-01	0.0000000000000000E+00	0.0000000000000000E+00	0.0000000000000000E+00	0.0000000000000000E+00	
5.9692666492301365E-02	2.6883293147860565E-01	7.7814598374117399E-03	3.1926549947655109E-03	-5.4328896989430716E-03	-1.4425868663523547E-03	5.8832880240610473E-02	-4.7312870568576561E-02	1.0347628079107723E-02	4.3568229729674962E-01	-7.7607014244639840E-03	-9.0399528955023404E-04	6.3312063732162097E-04	4.7537761952259155E-01	1.8014887068775631E-02	0.0000000000000000E+00	0.0000000000000000E+00	0.0000000000000000E+00	
6.3770961916865598E-02	2.8741708414004385E-01	8.1766860127826801E-03	3.8020718342938742E-03	-5.8435641427886098E-03	-1.4816566909753963E-03	6.1782102952953499E-02	-4.7645620316924653E-02	1.0642851783233931E-02	4.5637553570041334E-01	-1.2103266888516456E-02	4.7465986120279191E-05	1.3881849332137475E-02	-2.3150507987404367E-02	4.0612612249125712E-03	-1.5508175395461857E-02	0.0000000000000000E+00	0.0000000000000000E+00	
5.2406957838097998E-02	2.3591108467716357E-01	6.9007081923020842E-03	2.6050504368775036E-03	-4.7498095426658834E-03	-1.2966061458940081E-03	5.2193525949121869E-02	-4.3004960323446514E-02	9.2929371688648087E-03	3.8709527439711106E-01	-4.8850506342669030E-03	-1.3061866693467132E-03	-6.1239879797561547E-03	6.8595954506517998E-01	2.3496970722311515E-02	-1.8451271351285846E-02	-4.0095737929274988E-01	0.0000000000000000E+00	

b
5.0378412779437443E-02	
2.2682376542403179E-01	
6.6058082905474701E-03	
2.5839284820674130E-03	
-4.5740011121224201E-03	
-1.2342984602123500E-03	
4.9955195535087225E-02	
-4.0749611502505043E-02	
8.8493505691281376E-03	
3.7026336968917062E-01	
-5.4726090767486472E-03	
-1.0492144141513184E-03	
-3.1967368642578887E-03	
5.5123155186041606E-01	
1.9494102522663946E-02	
-1.6861411283055700E-02	
-3.6254438610987710E-01	
1.4949678367038011E-01	

c
0.0000000000000000E+00	
1.2384169480626298E-01	
1.1574324659554065E+00	
5.4372099141546926E-01	
8.8394666834280744E-01	
-1.2212042176605774E-01	
4.4125685133082082E-01	
3.8039092095473748E-01	
5.4591107347528367E-02	
4.8731855535356028E-01	
-2.3007964303896034E-01	
-1.8907656662915873E-01	
8.1059805668623763E-01	
7.7080875997868803E-01	
1.1712158507200179E+00	
1.2755351018003545E+00	
8.0422507946168564E-01	
9.7508680250761848E-01	

alpha
0.0000000000000000E+00	0.0000000000000000E+00	0.0000000000000000E+00	0.0000000000000000E+00	0.0000000000000000E+00	0.0000000000000000E+00	0.0000000000000000E+00	0.0000000000000000E+00	0.0000000000000000E+00	0.0000000000000000E+00	0.0000000000000000E+00	0.0000000000000000E+00	0.0000000000000000E+00	0.0000000000000000E+00	0.0000000000000000E+00	0.0000000000000000E+00	0.0000000000000000E+00	0.0000000000000000E+00	0.0000000000000000E+00	
0.0000000000000000E+00	0.0000000000000000E+00	0.0000000000000000E+00	0.0000000000000000E+00	0.0000000000000000E+00	0.0000000000000000E+00	0.0000000000000000E+00	0.0000000000000000E+00	0.0000000000000000E+00	0.0000000000000000E+00	0.0000000000000000E+00	0.0000000000000000E+00	0.0000000000000000E+00	0.0000000000000000E+00	0.0000000000000000E+00	0.0000000000000000E+00	0.0000000000000000E+00	0.0000000000000000E+00	0.0000000000000000E+00	
0.0000000000000000E+00	0.0000000000000000E+00	0.0000000000000000E+00	0.0000000000000000E+00	0.0000000000000000E+00	0.0000000000000000E+00	0.0000000000000000E+00	0.0000000000000000E+00	0.0000000000000000E+00	0.0000000000000000E+00	0.0000000000000000E+00	0.0000000000000000E+00	0.0000000000000000E+00	0.0000000000000000E+00	0.0000000000000000E+00	0.0000000000000000E+00	0.0000000000000000E+00	0.0000000000000000E+00	0.0000000000000000E+00	
0.0000000000000000E+00	0.0000000000000000E+00	-0.0000000000000000E+00	0.0000000000000000E+00	0.0000000000000000E+00	0.0000000000000000E+00	0.0000000000000000E+00	0.0000000000000000E+00	0.0000000000000000E+00	0.0000000000000000E+00	0.0000000000000000E+00	0.0000000000000000E+00	0.0000000000000000E+00	0.0000000000000000E+00	0.0000000000000000E+00	0.0000000000000000E+00	0.0000000000000000E+00	0.0000000000000000E+00	0.0000000000000000E+00	
0.0000000000000000E+00	0.0000000000000000E+00	-0.0000000000000000E+00	0.0000000000000000E+00	0.0000000000000000E+00	0.0000000000000000E+00	0.0000000000000000E+00	0.0000000000000000E+00	0.0000000000000000E+00	0.0000000000000000E+00	0.0000000000000000E+00	0.0000000000000000E+00	0.0000000000000000E+00	0.0000000000000000E+00	0.0000000000000000E+00	0.0000000000000000E+00	0.0000000000000000E+00	0.0000000000000000E+00	0.0000000000000000E+00	
0.0000000000000000E+00	-0.0000000000000000E+00	0.0000000000000000E+00	-0.0000000000000000E+00	0.0000000000000000E+00	0.0000000000000000E+00	0.0000000000000000E+00	0.0000000000000000E+00	0.0000000000000000E+00	0.0000000000000000E+00	0.0000000000000000E+00	0.0000000000000000E+00	0.0000000000000000E+00	0.0000000000000000E+00	0.0000000000000000E+00	0.0000000000000000E+00	0.0000000000000000E+00	0.0000000000000000E+00	0.0000000000000000E+00	
0.0000000000000000E+00	0.0000000000000000E+00	0.0000000000000000E+00	-0.0000000000000000E+00	-0.0000000000000000E+00	-0.0000000000000000E+00	0.0000000000000000E+00	0.0000000000000000E+00	0.0000000000000000E+00	0.0000000000000000E+00	0.0000000000000000E+00	0.0000000000000000E+00	0.0000000000000000E+00	0.0000000000000000E+00	0.0000000000000000E+00	0.0000000000000000E+00	0.0000000000000000E+00	0.0000000000000000E+00	0.0000000000000000E+00	
0.0000000000000000E+00	0.0000000000000000E+00	0.0000000000000000E+00	-0.0000000000000000E+00	-0.0000000000000000E+00	-0.0000000000000000E+00	0.0000000000000000E+00	0.0000000000000000E+00	0.0000000000000000E+00	0.0000000000000000E+00	0.0000000000000000E+00	0.0000000000000000E+00	0.0000000000000000E+00	0.0000000000000000E+00	0.0000000000000000E+00	0.0000000000000000E+00	0.0000000000000000E+00	0.0000000000000000E+00	0.0000000000000000E+00	
0.0000000000000000E+00	0.0000000000000000E+00	0.0000000000000000E+00	-0.0000000000000000E+00	-0.0000000000000000E+00	-0.0000000000000000E+00	0.0000000000000000E+00	-0.0000000000000000E+00	0.0000000000000000E+00	0.0000000000000000E+00	0.0000000000000000E+00	0.0000000000000000E+00	0.0000000000000000E+00	0.0000000000000000E+00	0.0000000000000000E+00	0.0000000000000000E+00	0.0000000000000000E+00	0.0000000000000000E+00	0.0000000000000000E+00	
0.0000000000000000E+00	0.0000000000000000E+00	-0.0000000000000000E+00	0.0000000000000000E+00	-0.0000000000000000E+00	0.0000000000000000E+00	-0.0000000000000000E+00	0.0000000000000000E+00	-0.0000000000000000E+00	0.0000000000000000E+00	0.0000000000000000E+00	0.0000000000000000E+00	0.0000000000000000E+00	0.0000000000000000E+00	0.0000000000000000E+00	0.0000000000000000E+00	0.0000000000000000E+00	0.0000000000000000E+00	0.0000000000000000E+00	
0.0000000000000000E+00	0.0000000000000000E+00	-0.0000000000000000E+00	0.0000000000000000E+00	-0.0000000000000000E+00	0.0000000000000000E+00	-0.0000000000000000E+00	0.0000000000000000E+00	-0.0000000000000000E+00	-0.0000000000000000E+00	0.0000000000000000E+00	0.0000000000000000E+00	0.0000000000000000E+00	0.0000000000000000E+00	0.0000000000000000E+00	0.0000000000000000E+00	0.0000000000000000E+00	0.0000000000000000E+00	0.0000000000000000E+00	
0.0000000000000000E+00	0.0000000000000000E+00	-0.0000000000000000E+00	0.0000000000000000E+00	-0.0000000000000000E+00	0.0000000000000000E+00	-0.0000000000000000E+00	0.0000000000000000E+00	-0.0000000000000000E+00	-0.0000000000000000E+00	-0.0000000000000000E+00	0.0000000000000000E+00	0.0000000000000000E+00	0.0000000000000000E+00	0.0000000000000000E+00	0.0000000000000000E+00	0.0000000000000000E+00	0.0000000000000000E+00	0.0000000000000000E+00	
0.0000000000000000E+00	0.0000000000000000E+00	0.0000000000000000E+00	0.0000000000000000E+00	-0.0000000000000000E+00	-0.0000000000000000E+00	0.0000000000000000E+00	-0.0000000000000000E+00	0.0000000000000000E+00	0.0000000000000000E+00	-0.0000000000000000E+00	0.0000000000000000E+00	0.0000000000000000E+00	0.0000000000000000E+00	0.0000000000000000E+00	0.0000000000000000E+00	0.0000000000000000E+00	0.0000000000000000E+00	0.0000000000000000E+00	
0.0000000000000000E+00	0.0000000000000000E+00	0.0000000000000000E+00	0.0000000000000000E+00	-0.0000000000000000E+00	-0.0000000000000000E+00	0.0000000000000000E+00	-0.0000000000000000E+00	0.0000000000000000E+00	0.0000000000000000E+00	-0.0000000000000000E+00	0.0000000000000000E+00	0.0000000000000000E+00	0.0000000000000000E+00	0.0000000000000000E+00	0.0000000000000000E+00	0.0000000000000000E+00	0.0000000000000000E+00	0.0000000000000000E+00	
0.0000000000000000E+00	0.0000000000000000E+00	0.0000000000000000E+00	0.0000000000000000E+00	-0.0000000000000000E+00	-0.0000000000000000E+00	0.0000000000000000E+00	-0.0000000000000000E+00	0.0000000000000000E+00	0.0000000000000000E+00	-0.0000000000000000E+00	-0.0000000000000000E+00	-0.0000000000000000E+00	0.0000000000000000E+00	0.0000000000000000E+00	0.0000000000000000E+00	0.0000000000000000E+00	0.0000000000000000E+00	0.0000000000000000E+00	
0.0000000000000000E+00	0.0000000000000000E+00	0.0000000000000000E+00	0.0000000000000000E+00	-0.0000000000000000E+00	-0.0000000000000000E+00	0.0000000000000000E+00	-0.0000000000000000E+00	0.0000000000000000E+00	0.0000000000000000E+00	-0.0000000000000000E+00	-0.0000000000000000E+00	0.0000000000000000E+00	0.0000000000000000E+00	0.0000000000000000E+00	0.0000000000000000E+00	0.0000000000000000E+00	0.0000000000000000E+00	0.0000000000000000E+00	
0.0000000000000000E+00	0.0000000000000000E+00	0.0000000000000000E+00	0.0000000000000000E+00	-0.0000000000000000E+00	-0.0000000000000000E+00	0.0000000000000000E+00	-0.0000000000000000E+00	0.0000000000000000E+00	0.0000000000000000E+00	-0.0000000000000000E+00	0.0000000000000000E+00	0.0000000000000000E+00	-0.0000000000000000E+00	0.0000000000000000E+00	-0.0000000000000000E+00	0.0000000000000000E+00	0.0000000000000000E+00	0.0000000000000000E+00	
0.0000000000000000E+00	0.0000000000000000E+00	0.0000000000000000E+00	0.0000000000000000E+00	-0.0000000000000000E+00	-0.0000000000000000E+00	0.0000000000000000E+00	-0.0000000000000000E+00	0.0000000000000000E+00	0.0000000000000000E+00	-0.0000000000000000E+00	-0.0000000000000000E+00	-0.0000000000000000E+00	0.0000000000000000E+00	0.0000000000000000E+00	-0.0000000000000000E+00	-0.0000000000000000E+00	0.0000000000000000E+00	0.0000000000000000E+00	
0.0000000000000000E+00	0.0000000000000000E+00	0.0000000000000000E+00	0.0000000000000000E+00	-0.0000000000000000E+00	-0.0000000000000000E+00	0.0000000000000000E+00	-0.0000000000000000E+00	0.0000000000000000E+00	0.0000000000000000E+00	-0.0000000000000000E+00	-0.0000000000000000E+00	-0.0000000000000000E+00	0.0000000000000000E+00	0.0000000000000000E+00	-0.0000000000000000E+00	-0.0000000000000000E+00	0.0000000000000000E+00	0.0000000000000000E+00	

beta
0.0000000000000000E+00	0.0000000000000000E+00	0.0000000000000000E+00	0.0000000000000000E+00	0.0000000000000000E+00	0.0000000000000000E+00	0.0000000000000000E+00	0.0000000000000000E+00	0.0000000000000000E+00	0.0000000000000000E+00	0.0000000000000000E+00	0.0000000000000000E+00	0.0000000000000000E+00	0.0000000000000000E+00	0.0000000000000000E+00	0.0000000000000000E+00	0.0000000000000000E+00	0.0000000000000000E+00	0.0000000000000000E+00	
1.2384169480626298E-01	0.0000000000000000E+00	0.0000000000000000E+00	0.0000000000000000E+00	0.0000000000000000E+00	0.0000000000000000E+00	0.0000000000000000E+00	0.0000000000000000E+00	0.0000000000000000E+00	0.0000000000000000E+00	0.0000000000000000E+00	0.0000000000000000E+00	0.0000000000000000E+00	0.0000000000000000E+00	0.0000000000000000E+00	0.0000000000000000E+00	0.0000000000000000E+00	0.0000000000000000E+00	0.0000000000000000E+00	
1.3980621252737155E-01	1.0176262534280349E+00	0.0000000000000000E+00	0.0000000000000000E+00	0.0000000000000000E+00	0.0000000000000000E+00	0.0000000000000000E+00	0.0000000000000000E+00	0.0000000000000000E+00	0.0000000000000000E+00	0.0000000000000000E+00	0.0000000000000000E+00	0.0000000000000000E+00	0.0000000000000000E+00	0.0000000000000000E+00	0.0000000000000000E+00	0.0000000000000000E+00	0.0000000000000000E+00	0.0000000000000000E+00	
8.7985928260973234E-02	5.2546708954202348E-01	-6.9732026387527429E-02	0.0000000000000000E+00	0.0000000000000000E+00	0.0000000000000000E+00	0.0000000000000000E+00	0.0000000000000000E+00	0.0000000000000000E+00	0.0000000000000000E+00	0.0000000000000000E+00	0.0000000000000000E+00	0.0000000000000000E+00	0.0000000000000000E+00	0.0000000000000000E+00	0.0000000000000000E+00	0.0000000000000000E+00	0.0000000000000000E+00	0.0000000000000000E+00	
8.3759693447474470E-02	5.6468135334303882E-01	-1.0688793912577059E-01	3.4239356067806476E-01	0.0000000000000000E+00	0.0000000000000000E+00	0.0000000000000000E+00	0.0000000000000000E+00	0.0000000000000000E+00	0.0000000000000000E+00	0.0000000000000000E+00	0.0000000000000000E+00	0.0000000000000000E+00	0.0000000000000000E+00	0.0000000000000000E+00	0.0000000000000000E+00	0.0000000000000000E+00	0.0000000000000000E+00	0.0000000000000000E+00	
1.6726484389572943E-02	-3.2955726905837146E-02	7.0231066215007881E-02	-1.9429995267260936E-01	1.8177707207807942E-02	0.0000000000000000E+00	0.0000000000000000E+00	0.0000000000000000E+00	0.0000000000000000E+00	0.0000000000000000E+00	0.0000000000000000E+00	0.0000000000000000E+00	0.0000000000000000E+00	0.0000000000000000E+00	0.0000000000000000E+00	0.0000000000000000E+00	0.0000000000000000E+00	0.0000000000000000E+00	0.0000000000000000E+00	
8.5212304312201420E-02	3.6895086436468921E-01	2.0417057327725058E-02	-2.2143798782399693E-02	-5.0607012624471030E-03	-6.1188746289480445E-03	0.0000000000000000E+00	0.0000000000000000E+00	0.0000000000000000E+00	0.0000000000000000E+00	0.0000000000000000E+00	0.0000000000000000E+00	0.0000000000000000E+00	0.0000000000000000E+00	0.0000000000000000E+00	0.0000000000000000E+00	0.0000000000000000E+00	0.0000000000000000E+00	0.0000000000000000E+00	
5.6115289523963954E-02	2.4807036248510825E-01	1.0238252109919896E-02	-5.3833207158165176E-03	-4.2610752585266962E-03	-2.6308960924917107E-03	7.8242308902580354E-02	0.0000000000000000E+00	0.0000000000000000E+00	0.0000000000000000E+00	0.0000000000000000E+00	0.0000000000000000E+00	0.0000000000000000E+00	0.0000000000000000E+00	0.0000000000000000E+00	0.0000000000000000E+00	0.0000000000000000E+00	0.0000000000000000E+00	0.0000000000000000E+00	
5.5617001587329989E-02	2.2559872241552970E-01	2.2885043402462488E-02	-4.1872004229884810E-02	-5.3578470176828333E-04	-8.1623790832647519E-03	1.7748915546245353E-01	-3.7642864750532951E-01	0.0000000000000000E+00	0.0000000000000000E+00	0.0000000000000000E+00	0.0000000000000000E+00	0.0000000000000000E+00	0.0000000000000000E+00	0.0000000000000000E+00	0.0000000000000000E+00	0.0000000000000000E+00	0.0000000000000000E+00	0.0000000000000000E+00	
4.1267642564437920E-02	2.1339040402872023E-01	-1.1925519339070757E-02	5.1844723158143362E-02	-8.7656271741464800E-03	6.5493576506445083E-03	-9.5104862608917040E-02	3.3514082074043883E-01	-4.5078383666690258E-02	0.0000000000000000E+00	0.0000000000000000E+00	0.0000000000000000E+00	0.0000000000000000E+00	0.0000000000000000E+00	0.0000000000000000E+00	0.0000000000000000E+00	0.0000000000000000E+00	0.0000000000000000E+00	0.0000000000000000E+00	
4.9214707228272543E-02	2.4835676036958906E-01	-1.0371602961231888E-02	5.0784105293737572E-02	-9.3389830056561530E-03	6.1314277224501154E-03	-8.3208385745074817E-02	3.1783206197775316E-01	-4.2137451904474078E-02	-7.5734228201432585E-01	0.0000000000000000E+00	0.0000000000000000E+00	0.0000000000000000E+00	0.0000000000000000E+00	0.0000000000000000E+00	0.0000000000000000E+00	0.0000000000000000E+00	0.0000000000000000E+00	0.0000000000000000E+00	
4.3953546617319067E-02	2.1308304129445066E-01	-3.7804704191877342E-03	2.9629646743033283E-02	-6.7535227665438749E-03	3.0851256762157910E-03	-3.1297746322003911E-02	1.6731762966911823E-01	-2.1085372290804996E-02	-3.1173621722140399E-01	-2.7149222760935121E-01	0.0000000000000000E+00	0.0000000000000000E+00	0.0000000000000000E+00	0.0000000000000000E+00	0.0000000000000000E+00	0.0000000000000000E+00	0.0000000000000000E+00	0.0000000000000000E+00	
6.3525772151129520E-02	2.8655540055752871E-01	7.9922912568218610E-03	4.2261900912684836E-03	-5.8653761163037429E-03	-1.4092563769265813E-03	6.0344443263563669E-02	-4.4211075139573563E-02	1.0140262364793540E-02	4.4444738658116578E-01	-1.6331350381395771E-02	1.1833684341657344E-03	0.0000000000000000E+00	0.0000000000000000E+00	0.0000000000000000E+00	0.0000000000000000E+00	0.0000000000000000E+00	0.0000000000000000E+00	0.0000000000000000E+00	
5.8298433068557053E-02	2.6301804404189438E-01	7.3079845558791665E-03	3.9548600916312670E-03	-5.3904462032773760E-03	-1.2816729419206376E-03	5.5169819599013313E-02	-4.0006680543101761E-02	9.2254265050073260E-03	4.0610292136628812E-01	-1.5732153872280583E-02	1.2839043316898104E-03	2.8858319979308041E-02	0.0000000000000000E+00	0.0000000000000000E+00	0.0000000000000000E+00	0.0000000000000000E+00	0.0000000000000000E+00	0.0000000000000000E+00	
5.4288474381480101E-02	2.4448318916684331E-01	7.0840956224363788E-03	2.8831914212800805E-03	-4.9389696292854723E-03	-1.3150890015976510E-03	5.3562387165024372E-02	-4.3180800433586686E-02	9.4323084526675843E-03	3.9671193344780242E-01	-6.8591348524650320E-03	-8.7503246389019837E-04	-1.1337842643799334E-04	4.6005267586974657E-01	0.0000000000000000E+00	0.0000000000000000E+00	0.0000000000000000E+00	0.0000000000000000E+00	0.0000000000000000E+00	
5.9692666492301365E-02	2.6883293147860565E-01	7.7814598374117399E-03	3.1926549947655109E-03	-5.4328896989430716E-03	-1.4425868663523547E-03	5.8832880240610473E-02	-4.7312870568576561E-02	1.0347628079107723E-02	4.3568229729674962E-01	-7.7607014244639840E-03	-9.0399528955023404E-04	6.3312063732162097E-04	4.7537761952259155E-01	1.8014887068775631E-02	0.0000000000000000E+00	0.0000000000000000E+00	0.0000000000000000E+00	0.0000000000000000E+00	
6.3770961916865598E-02	2.8741708414004385E-01	8.1766860127826801E-03	3.8020718342938742E-03	-5.8435641427886098E-03	-1.4816566909753963E-03	6.1782102952953499E-02	-4.7645620316924653E-02	1.0642851783233931E-02	4.5637553570041334E-01	-1.2103266888516456E-02	4.7465986120279191E-05	1.3881849332137475E-02	-2.3150507987404367E-02	4.0612612249125712E-03	-1.5508175395461857E-02	0.0000000000000000E+00	0.0000000000000000E+00	0.0000000000000000E+00	
5.2406957838097998E-02	2.3591108467716357E-01	6.9007081923020842E-03	2.6050504368775036E-03	-4.7498095426658834E-03	-1.2966061458940081E-03	5.2193525949121869E-02	-4.3004960323446514E-02	9.2929371688648087E-03	3.8709527439711106E-01	-4.8850506342669030E-03	-1.3061866693467132E-03	-6.1239879797561547E-03	6.8595954506517998E-01	2.3496970722311515E-02	-1.8451271351285846E-02	-4.0095737929274988E-01	0.0000000000000000E+00	0.0000000000000000E+00	
5.0378412779437443E-02	2.2682376542403179E-01	6.6058082905474701E-03	2.5839284820674130E-03	-4.5740011121224201E-03	-1.2342984602123500E-03	4.9955195535087225E-02	-4.0749611502505043E-02	8.8493505691281376E-03	3.7026336968917062E-01	-5.4726090767486472E-03	-1.0492144141513184E-03	-3.1967368642578887E-03	5.5123155186041606E-01	1.9494102522663946E-02	-1.6861411283055700E-02	-3.6254438610987710E-01	1.4949678367038011E-01	0.0000000000000000E+00	

gamma1
0.0000000000000000E+00	0.0000000000000000E+00	1.1750819811951678E+00	3.0909017892654811E-01	1.4409117788115862E+00	-4.3563049445694069E-01	2.0341503014683893E-01	4.9828356971917692E-01	3.5307737157745489E+00	-7.9318790975894626E-01	8.9120513355345166E-01	5.7091009196320974E-01	1.6912188575015419E-02	1.0077912519329719E+00	-6.8532953752099512E-01	1.0488165551884063E+00	8.3647761371829943E-01	1.3087909830445710E+00	9.0419681700177323E-01	

gamma2
0.0000000000000000E+00	1.0000000000000000E+00	-1.2891068509748144E-01	3.5609406666728954E-01	-4.0648075226104241E-01	6.0714786995207426E-01	1.0253501186236846E+00	2.4411240760769423E-01	-1.2813606970134104E+00	8.1625711892373898E-01	1.0171269354643386E-01	1.9379378662711269E-01	7.4408643544851782E-01	-1.2591764563430008E-01	1.1996463179654226E+00	4.5772068865370406E-02	8.3622292077033844E-01	-1.4179124272450148E+00	1.3661459065331649E-01	

gamma3
0.0000000000000000E+00	0.0000000000000000E+00	0.0000000000000000E+00	0.0000000000000000E+00	2.5583378537249163E-01	5.2676794366988289E-01	-2.5648375621792202E-01	3.1932438003236391E-01	-3.1106815010852862E-01	4.7631196164025996E-01	-9.8853727938895783E-02	1.9274726276883622E-01	3.2389860855971508E-02	7.5923980038397509E-02	2.0635456088664017E-01	-8.9741032556032857E-02	2.6899932505676190E-02	4.1882069379552307E-02	6.2016148912381761E-02	

delta
1.0000000000000000E+00	3.5816500441970289E-01	5.8208024465093577E-01	-2.2615285894283538E-01	-2.1715466578266213E-01	-4.6990441450888265E-01	-2.7986911594744995E-01	9.8513926355272197E-01	-1.1899324232814899E-01	4.2821073124370562E-01	-8.2196355299900403E-01	5.8113997057675074E-02	-6.1283024325436919E-01	5.6800136190634054E-01	-3.3874970570335106E-01	-7.3071238125137772E-01	8.3936016960374532E-02	0.0000000000000000E+00	

r
0.0000000000000000E+00	

errcoeff
1.1087165176197683E-04	

v
1.0000000000000000E+00	
1.0000000000000000E+00	
1.0000000000000000E+00	
1.0000000000000000E+00	
1.0000000000000000E+00	
1.0000000000000000E+00	
1.0000000000000000E+00	
1.0000000000000000E+00	
1.0000000000000000E+00	
1.0000000000000000E+00	
1.0000000000000000E+00	
1.0000000000000000E+00	
1.0000000000000000E+00	
1.0000000000000000E+00	
1.0000000000000000E+00	
1.0000000000000000E+00	
1.0000000000000000E+00	
1.0000000000000000E+00	
1.0000000000000000E+00	

==============================================================

