#stage		 order
20	 		4


A
0.0000000000000000E+00	0.0000000000000000E+00	0.0000000000000000E+00	0.0000000000000000E+00	0.0000000000000000E+00	0.0000000000000000E+00	0.0000000000000000E+00	0.0000000000000000E+00	0.0000000000000000E+00	0.0000000000000000E+00	0.0000000000000000E+00	0.0000000000000000E+00	0.0000000000000000E+00	0.0000000000000000E+00	0.0000000000000000E+00	0.0000000000000000E+00	0.0000000000000000E+00	0.0000000000000000E+00	0.0000000000000000E+00	0.0000000000000000E+00	
9.9448228454551271E-02	0.0000000000000000E+00	0.0000000000000000E+00	0.0000000000000000E+00	0.0000000000000000E+00	0.0000000000000000E+00	0.0000000000000000E+00	0.0000000000000000E+00	0.0000000000000000E+00	0.0000000000000000E+00	0.0000000000000000E+00	0.0000000000000000E+00	0.0000000000000000E+00	0.0000000000000000E+00	0.0000000000000000E+00	0.0000000000000000E+00	0.0000000000000000E+00	0.0000000000000000E+00	0.0000000000000000E+00	0.0000000000000000E+00	
9.2807084168086737E-02	5.8532205779832369E-01	0.0000000000000000E+00	0.0000000000000000E+00	0.0000000000000000E+00	0.0000000000000000E+00	0.0000000000000000E+00	0.0000000000000000E+00	0.0000000000000000E+00	0.0000000000000000E+00	0.0000000000000000E+00	0.0000000000000000E+00	0.0000000000000000E+00	0.0000000000000000E+00	0.0000000000000000E+00	0.0000000000000000E+00	0.0000000000000000E+00	0.0000000000000000E+00	0.0000000000000000E+00	0.0000000000000000E+00	
5.8600153768287866E-02	2.5464956389554017E-01	8.2012772501330178E-01	0.0000000000000000E+00	0.0000000000000000E+00	0.0000000000000000E+00	0.0000000000000000E+00	0.0000000000000000E+00	0.0000000000000000E+00	0.0000000000000000E+00	0.0000000000000000E+00	0.0000000000000000E+00	0.0000000000000000E+00	0.0000000000000000E+00	0.0000000000000000E+00	0.0000000000000000E+00	0.0000000000000000E+00	0.0000000000000000E+00	0.0000000000000000E+00	0.0000000000000000E+00	
3.0378098321258572E-03	8.2854502335217746E-03	3.2878628467704202E-03	2.4787213927937753E-04	0.0000000000000000E+00	0.0000000000000000E+00	0.0000000000000000E+00	0.0000000000000000E+00	0.0000000000000000E+00	0.0000000000000000E+00	0.0000000000000000E+00	0.0000000000000000E+00	0.0000000000000000E+00	0.0000000000000000E+00	0.0000000000000000E+00	0.0000000000000000E+00	0.0000000000000000E+00	0.0000000000000000E+00	0.0000000000000000E+00	0.0000000000000000E+00	
6.2756510182959815E-02	1.8560203341595341E-01	1.8313667725404398E-01	-1.2271279969037086E-04	1.0309492694673976E+00	0.0000000000000000E+00	0.0000000000000000E+00	0.0000000000000000E+00	0.0000000000000000E+00	0.0000000000000000E+00	0.0000000000000000E+00	0.0000000000000000E+00	0.0000000000000000E+00	0.0000000000000000E+00	0.0000000000000000E+00	0.0000000000000000E+00	0.0000000000000000E+00	0.0000000000000000E+00	0.0000000000000000E+00	0.0000000000000000E+00	
1.9603529116187558E-02	5.7822231046484020E-02	5.5969477490999307E-02	1.7996702909916852E-05	4.5999385036927021E-02	4.0840915567756750E-02	0.0000000000000000E+00	0.0000000000000000E+00	0.0000000000000000E+00	0.0000000000000000E+00	0.0000000000000000E+00	0.0000000000000000E+00	0.0000000000000000E+00	0.0000000000000000E+00	0.0000000000000000E+00	0.0000000000000000E+00	0.0000000000000000E+00	0.0000000000000000E+00	0.0000000000000000E+00	0.0000000000000000E+00	
6.7837405033456422E-02	1.9992216804443336E-01	1.9232501683471392E-01	1.2397111718340568E-04	-1.4315496243751566E-01	-9.4745503568194334E-02	1.7771093091031542E-01	0.0000000000000000E+00	0.0000000000000000E+00	0.0000000000000000E+00	0.0000000000000000E+00	0.0000000000000000E+00	0.0000000000000000E+00	0.0000000000000000E+00	0.0000000000000000E+00	0.0000000000000000E+00	0.0000000000000000E+00	0.0000000000000000E+00	0.0000000000000000E+00	0.0000000000000000E+00	
6.3300420969015489E-02	1.8652042619772610E-01	1.7921573110753053E-01	1.2689968659477730E-04	-1.8856377076368908E-01	-1.3134175986358057E-01	2.4315155474017844E-01	7.2775254044871984E-01	0.0000000000000000E+00	0.0000000000000000E+00	0.0000000000000000E+00	0.0000000000000000E+00	0.0000000000000000E+00	0.0000000000000000E+00	0.0000000000000000E+00	0.0000000000000000E+00	0.0000000000000000E+00	0.0000000000000000E+00	0.0000000000000000E+00	0.0000000000000000E+00	
4.4578050814131909E-03	1.3223296992066369E-02	1.3322941558371548E-02	-2.3012659094258868E-05	1.4328971167607740E-01	1.1300551173267021E-01	-2.0306887360336295E-01	-6.7177472622141932E-01	2.8413717900190877E-01	0.0000000000000000E+00	0.0000000000000000E+00	0.0000000000000000E+00	0.0000000000000000E+00	0.0000000000000000E+00	0.0000000000000000E+00	0.0000000000000000E+00	0.0000000000000000E+00	0.0000000000000000E+00	0.0000000000000000E+00	0.0000000000000000E+00	
1.2870464745755306E-01	3.7909592957262650E-01	3.6323876190764920E-01	3.1030664771396308E-04	-6.3964249415750174E-01	-4.6713688916835305E-01	8.5476130518954563E-01	2.6630287799210808E+00	-8.5385383265786086E-01	5.5908913293058367E-02	0.0000000000000000E+00	0.0000000000000000E+00	0.0000000000000000E+00	0.0000000000000000E+00	0.0000000000000000E+00	0.0000000000000000E+00	0.0000000000000000E+00	0.0000000000000000E+00	0.0000000000000000E+00	0.0000000000000000E+00	
1.7675987540316622E-02	5.2099884908928515E-02	5.0171711765855338E-02	2.9629603431720652E-05	-2.4202816533331430E-02	-1.4459683037862506E-02	2.7884263680205759E-02	7.1829413731859637E-02	3.4141340881119059E-03	7.2965879646474940E-04	9.7701072426661313E-05	0.0000000000000000E+00	0.0000000000000000E+00	0.0000000000000000E+00	0.0000000000000000E+00	0.0000000000000000E+00	0.0000000000000000E+00	0.0000000000000000E+00	0.0000000000000000E+00	0.0000000000000000E+00	
2.3932380556663475E-02	7.0524631730747328E-02	6.7802715384897627E-02	4.5906209276589043E-05	-6.1139810829962615E-02	-4.1730388649030066E-02	7.7652920824403879E-02	2.2826619522504477E-01	-4.9172721167522526E-02	4.0854358402860657E-03	1.7105091838196451E-05	9.8159306723645290E-01	0.0000000000000000E+00	0.0000000000000000E+00	0.0000000000000000E+00	0.0000000000000000E+00	0.0000000000000000E+00	0.0000000000000000E+00	0.0000000000000000E+00	0.0000000000000000E+00	
1.0534310406348824E-01	3.1041737786999613E-01	2.9836142409257005E-01	2.0596230192114544E-04	-2.8821660289705420E-01	-1.9859671940712037E-01	3.6866284292502249E-01	1.0929504471524236E+00	-2.5265589680654094E-01	2.0067954434101538E-02	-2.2403734480304127E-06	-1.6570260027627688E+00	1.1077521519812201E+00	0.0000000000000000E+00	0.0000000000000000E+00	0.0000000000000000E+00	0.0000000000000000E+00	0.0000000000000000E+00	0.0000000000000000E+00	0.0000000000000000E+00	
8.5231193931473659E-02	2.5114883677294592E-01	2.4136505094254346E-01	1.6817691315751198E-04	-2.4072076035419890E-01	-1.6656066360523691E-01	3.0886822066915454E-01	9.1905913656390203E-01	-2.1869737090898139E-01	1.7058744461367979E-02	-3.2382376422741714E-05	-3.6975954808147766E+00	2.5090576742271109E+00	1.4228837040088977E+00	0.0000000000000000E+00	0.0000000000000000E+00	0.0000000000000000E+00	0.0000000000000000E+00	0.0000000000000000E+00	0.0000000000000000E+00	
6.5182619129262709E-02	1.9207622022920229E-01	1.8462221959871539E-01	1.2714043632103576E-04	-1.7685927408502428E-01	-1.2172978481970326E-01	2.2603555791662649E-01	6.6944923854576865E-01	-1.5353006652113979E-01	1.2255861838076563E-02	4.6183385420844828E-06	-5.6235477974234771E-01	3.6864780364748778E-01	1.3595890825253698E-01	7.6768155096869470E-04	0.0000000000000000E+00	0.0000000000000000E+00	0.0000000000000000E+00	0.0000000000000000E+00	0.0000000000000000E+00	
-1.2725251644590537E-02	-3.7497147485214176E-02	-3.6035950993504824E-02	-2.5132707643963175E-05	3.6055101066536636E-02	2.4957628415442915E-02	-4.6276366469046253E-02	-1.3774833199914893E-01	3.2869855696188430E-02	-2.5594546753981155E-03	5.3009581761993870E-06	5.8800367001787990E-01	-3.9920391638470626E-01	-2.2754784966406549E-01	-8.2333280276323615E-03	6.5235439186626998E-01	0.0000000000000000E+00	0.0000000000000000E+00	0.0000000000000000E+00	0.0000000000000000E+00	
2.1589808278669738E-03	6.3619572292037989E-03	6.1150825008302262E-03	4.2102691885619875E-06	-5.8536238278238837E-03	-4.0285687319658488E-03	7.4806889377459574E-03	2.2153593988437942E-02	-5.0770462528708024E-03	4.0546796011938619E-04	1.7048577833821769E-07	-1.7275771357105472E-02	1.1286202978647254E-02	3.9355653214394092E-03	2.5982413591439420E-06	-1.3762703021162354E-04	-1.5952936662921432E-05	0.0000000000000000E+00	0.0000000000000000E+00	0.0000000000000000E+00	
-7.4957512311089394E-02	-2.2088051191273850E-01	-2.1231026467194752E-01	-1.4612506321266019E-04	2.0298168071163605E-01	1.3967248168978885E-01	-2.5937009819497070E-01	-7.6799515308805100E-01	1.7579578408588056E-01	-1.4050131203804082E-02	-6.9336065445971311E-06	5.2157672167366664E-01	-3.3832085444918930E-01	-1.0376124470374913E-01	1.2319606196622558E-03	-1.0004634689536829E-01	-1.7242595299104277E-05	1.8923647396130969E+00	0.0000000000000000E+00	0.0000000000000000E+00	
3.6604802921791896E-01	1.0786493953786116E+00	1.0367973219164108E+00	7.1359174390843514E-04	-9.9125981638334426E-01	-6.8209136399838155E-01	1.2666345875726699E+00	3.7505144655648919E+00	-8.5851587225372739E-01	6.8614437966251760E-02	3.3787820825779119E-05	-2.5526071833625252E+00	1.6559464441537297E+00	5.0903520819322146E-01	-5.9225909369823903E-03	4.8114825245992349E-01	4.3783268980099659E-05	-4.8921761080538468E+00	9.9406355088737730E-01	0.0000000000000000E+00	

b
5.8123220671924269E-02	
1.7127417993808125E-01	
1.6462865043889074E-01	
1.1330902600197599E-04	
-1.5740191282184754E-01	
-1.0830949362844297E-01	
2.0112911606208073E-01	
5.9554660688334993E-01	
-1.3632760497558166E-01	
1.0895428409752592E-02	
5.3489777603102442E-06	
-4.0655498551871239E-01	
2.6378738141789299E-01	
8.1347602416264264E-02	
-9.1950925947343405E-04	
7.4741393066576622E-02	
-2.0816290706135148E-06	
1.9520316364485324E-01	
-2.0091498092567051E-04	
-7.0788981393754427E-03	

c
0.0000000000000000E+00	
9.9448228454551271E-02	
6.7812914196641039E-01	
1.1333774426771299E+00	
1.4858995051697429E-02	
1.4623217775206645E+00	
2.2025353496126460E-01	
4.0001902593439254E-01	
1.0801620425224956E+00	
-3.0343016644136905E-01	
2.4844154280055122E+00	
1.8526988561640698E-01	
1.3018774374530957E+00	
9.0726380257381112E-01	
1.4312340804309371E+00	
8.4065396431529371E-01	
4.2639321796954310E-01	
2.7515928603976437E-02	
8.4176094969776671E-01	
1.2256699211559141E+00	

alpha
0.0000000000000000E+00	0.0000000000000000E+00	0.0000000000000000E+00	0.0000000000000000E+00	0.0000000000000000E+00	0.0000000000000000E+00	0.0000000000000000E+00	0.0000000000000000E+00	0.0000000000000000E+00	0.0000000000000000E+00	0.0000000000000000E+00	0.0000000000000000E+00	0.0000000000000000E+00	0.0000000000000000E+00	0.0000000000000000E+00	0.0000000000000000E+00	0.0000000000000000E+00	0.0000000000000000E+00	0.0000000000000000E+00	0.0000000000000000E+00	0.0000000000000000E+00	
0.0000000000000000E+00	0.0000000000000000E+00	0.0000000000000000E+00	0.0000000000000000E+00	0.0000000000000000E+00	0.0000000000000000E+00	0.0000000000000000E+00	0.0000000000000000E+00	0.0000000000000000E+00	0.0000000000000000E+00	0.0000000000000000E+00	0.0000000000000000E+00	0.0000000000000000E+00	0.0000000000000000E+00	0.0000000000000000E+00	0.0000000000000000E+00	0.0000000000000000E+00	0.0000000000000000E+00	0.0000000000000000E+00	0.0000000000000000E+00	0.0000000000000000E+00	
0.0000000000000000E+00	0.0000000000000000E+00	0.0000000000000000E+00	0.0000000000000000E+00	0.0000000000000000E+00	0.0000000000000000E+00	0.0000000000000000E+00	0.0000000000000000E+00	0.0000000000000000E+00	0.0000000000000000E+00	0.0000000000000000E+00	0.0000000000000000E+00	0.0000000000000000E+00	0.0000000000000000E+00	0.0000000000000000E+00	0.0000000000000000E+00	0.0000000000000000E+00	0.0000000000000000E+00	0.0000000000000000E+00	0.0000000000000000E+00	0.0000000000000000E+00	
0.0000000000000000E+00	0.0000000000000000E+00	0.0000000000000000E+00	0.0000000000000000E+00	0.0000000000000000E+00	0.0000000000000000E+00	0.0000000000000000E+00	0.0000000000000000E+00	0.0000000000000000E+00	0.0000000000000000E+00	0.0000000000000000E+00	0.0000000000000000E+00	0.0000000000000000E+00	0.0000000000000000E+00	0.0000000000000000E+00	0.0000000000000000E+00	0.0000000000000000E+00	0.0000000000000000E+00	0.0000000000000000E+00	0.0000000000000000E+00	0.0000000000000000E+00	
0.0000000000000000E+00	0.0000000000000000E+00	0.0000000000000000E+00	0.0000000000000000E+00	0.0000000000000000E+00	0.0000000000000000E+00	0.0000000000000000E+00	0.0000000000000000E+00	0.0000000000000000E+00	0.0000000000000000E+00	0.0000000000000000E+00	0.0000000000000000E+00	0.0000000000000000E+00	0.0000000000000000E+00	0.0000000000000000E+00	0.0000000000000000E+00	0.0000000000000000E+00	0.0000000000000000E+00	0.0000000000000000E+00	0.0000000000000000E+00	0.0000000000000000E+00	
0.0000000000000000E+00	0.0000000000000000E+00	0.0000000000000000E+00	-0.0000000000000000E+00	0.0000000000000000E+00	0.0000000000000000E+00	0.0000000000000000E+00	0.0000000000000000E+00	0.0000000000000000E+00	0.0000000000000000E+00	0.0000000000000000E+00	0.0000000000000000E+00	0.0000000000000000E+00	0.0000000000000000E+00	0.0000000000000000E+00	0.0000000000000000E+00	0.0000000000000000E+00	0.0000000000000000E+00	0.0000000000000000E+00	0.0000000000000000E+00	0.0000000000000000E+00	
0.0000000000000000E+00	0.0000000000000000E+00	0.0000000000000000E+00	0.0000000000000000E+00	0.0000000000000000E+00	0.0000000000000000E+00	0.0000000000000000E+00	0.0000000000000000E+00	0.0000000000000000E+00	0.0000000000000000E+00	0.0000000000000000E+00	0.0000000000000000E+00	0.0000000000000000E+00	0.0000000000000000E+00	0.0000000000000000E+00	0.0000000000000000E+00	0.0000000000000000E+00	0.0000000000000000E+00	0.0000000000000000E+00	0.0000000000000000E+00	0.0000000000000000E+00	
0.0000000000000000E+00	0.0000000000000000E+00	0.0000000000000000E+00	0.0000000000000000E+00	-0.0000000000000000E+00	-0.0000000000000000E+00	0.0000000000000000E+00	0.0000000000000000E+00	0.0000000000000000E+00	0.0000000000000000E+00	0.0000000000000000E+00	0.0000000000000000E+00	0.0000000000000000E+00	0.0000000000000000E+00	0.0000000000000000E+00	0.0000000000000000E+00	0.0000000000000000E+00	0.0000000000000000E+00	0.0000000000000000E+00	0.0000000000000000E+00	0.0000000000000000E+00	
0.0000000000000000E+00	0.0000000000000000E+00	0.0000000000000000E+00	0.0000000000000000E+00	-0.0000000000000000E+00	-0.0000000000000000E+00	0.0000000000000000E+00	0.0000000000000000E+00	0.0000000000000000E+00	0.0000000000000000E+00	0.0000000000000000E+00	0.0000000000000000E+00	0.0000000000000000E+00	0.0000000000000000E+00	0.0000000000000000E+00	0.0000000000000000E+00	0.0000000000000000E+00	0.0000000000000000E+00	0.0000000000000000E+00	0.0000000000000000E+00	0.0000000000000000E+00	
0.0000000000000000E+00	0.0000000000000000E+00	0.0000000000000000E+00	-0.0000000000000000E+00	0.0000000000000000E+00	0.0000000000000000E+00	-0.0000000000000000E+00	-0.0000000000000000E+00	0.0000000000000000E+00	0.0000000000000000E+00	0.0000000000000000E+00	0.0000000000000000E+00	0.0000000000000000E+00	0.0000000000000000E+00	0.0000000000000000E+00	0.0000000000000000E+00	0.0000000000000000E+00	0.0000000000000000E+00	0.0000000000000000E+00	0.0000000000000000E+00	0.0000000000000000E+00	
0.0000000000000000E+00	0.0000000000000000E+00	0.0000000000000000E+00	0.0000000000000000E+00	-0.0000000000000000E+00	-0.0000000000000000E+00	0.0000000000000000E+00	0.0000000000000000E+00	-0.0000000000000000E+00	0.0000000000000000E+00	0.0000000000000000E+00	0.0000000000000000E+00	0.0000000000000000E+00	0.0000000000000000E+00	0.0000000000000000E+00	0.0000000000000000E+00	0.0000000000000000E+00	0.0000000000000000E+00	0.0000000000000000E+00	0.0000000000000000E+00	0.0000000000000000E+00	
0.0000000000000000E+00	0.0000000000000000E+00	0.0000000000000000E+00	0.0000000000000000E+00	-0.0000000000000000E+00	-0.0000000000000000E+00	0.0000000000000000E+00	0.0000000000000000E+00	0.0000000000000000E+00	0.0000000000000000E+00	0.0000000000000000E+00	0.0000000000000000E+00	0.0000000000000000E+00	0.0000000000000000E+00	0.0000000000000000E+00	0.0000000000000000E+00	0.0000000000000000E+00	0.0000000000000000E+00	0.0000000000000000E+00	0.0000000000000000E+00	0.0000000000000000E+00	
0.0000000000000000E+00	0.0000000000000000E+00	0.0000000000000000E+00	0.0000000000000000E+00	-0.0000000000000000E+00	-0.0000000000000000E+00	0.0000000000000000E+00	0.0000000000000000E+00	-0.0000000000000000E+00	0.0000000000000000E+00	0.0000000000000000E+00	0.0000000000000000E+00	0.0000000000000000E+00	0.0000000000000000E+00	0.0000000000000000E+00	0.0000000000000000E+00	0.0000000000000000E+00	0.0000000000000000E+00	0.0000000000000000E+00	0.0000000000000000E+00	0.0000000000000000E+00	
0.0000000000000000E+00	0.0000000000000000E+00	0.0000000000000000E+00	0.0000000000000000E+00	-0.0000000000000000E+00	-0.0000000000000000E+00	0.0000000000000000E+00	0.0000000000000000E+00	-0.0000000000000000E+00	0.0000000000000000E+00	-0.0000000000000000E+00	-0.0000000000000000E+00	0.0000000000000000E+00	0.0000000000000000E+00	0.0000000000000000E+00	0.0000000000000000E+00	0.0000000000000000E+00	0.0000000000000000E+00	0.0000000000000000E+00	0.0000000000000000E+00	0.0000000000000000E+00	
0.0000000000000000E+00	0.0000000000000000E+00	0.0000000000000000E+00	0.0000000000000000E+00	-0.0000000000000000E+00	-0.0000000000000000E+00	0.0000000000000000E+00	0.0000000000000000E+00	-0.0000000000000000E+00	0.0000000000000000E+00	-0.0000000000000000E+00	-0.0000000000000000E+00	0.0000000000000000E+00	0.0000000000000000E+00	0.0000000000000000E+00	0.0000000000000000E+00	0.0000000000000000E+00	0.0000000000000000E+00	0.0000000000000000E+00	0.0000000000000000E+00	0.0000000000000000E+00	
0.0000000000000000E+00	0.0000000000000000E+00	0.0000000000000000E+00	0.0000000000000000E+00	-0.0000000000000000E+00	-0.0000000000000000E+00	0.0000000000000000E+00	0.0000000000000000E+00	-0.0000000000000000E+00	0.0000000000000000E+00	0.0000000000000000E+00	-0.0000000000000000E+00	0.0000000000000000E+00	0.0000000000000000E+00	0.0000000000000000E+00	0.0000000000000000E+00	0.0000000000000000E+00	0.0000000000000000E+00	0.0000000000000000E+00	0.0000000000000000E+00	0.0000000000000000E+00	
-0.0000000000000000E+00	-0.0000000000000000E+00	-0.0000000000000000E+00	-0.0000000000000000E+00	0.0000000000000000E+00	0.0000000000000000E+00	-0.0000000000000000E+00	-0.0000000000000000E+00	0.0000000000000000E+00	-0.0000000000000000E+00	0.0000000000000000E+00	0.0000000000000000E+00	-0.0000000000000000E+00	-0.0000000000000000E+00	-0.0000000000000000E+00	0.0000000000000000E+00	0.0000000000000000E+00	0.0000000000000000E+00	0.0000000000000000E+00	0.0000000000000000E+00	0.0000000000000000E+00	
0.0000000000000000E+00	0.0000000000000000E+00	0.0000000000000000E+00	0.0000000000000000E+00	-0.0000000000000000E+00	-0.0000000000000000E+00	0.0000000000000000E+00	0.0000000000000000E+00	-0.0000000000000000E+00	0.0000000000000000E+00	0.0000000000000000E+00	-0.0000000000000000E+00	0.0000000000000000E+00	0.0000000000000000E+00	0.0000000000000000E+00	-0.0000000000000000E+00	-0.0000000000000000E+00	0.0000000000000000E+00	0.0000000000000000E+00	0.0000000000000000E+00	0.0000000000000000E+00	
-0.0000000000000000E+00	-0.0000000000000000E+00	-0.0000000000000000E+00	-0.0000000000000000E+00	0.0000000000000000E+00	0.0000000000000000E+00	-0.0000000000000000E+00	-0.0000000000000000E+00	0.0000000000000000E+00	-0.0000000000000000E+00	-0.0000000000000000E+00	0.0000000000000000E+00	-0.0000000000000000E+00	-0.0000000000000000E+00	0.0000000000000000E+00	-0.0000000000000000E+00	-0.0000000000000000E+00	0.0000000000000000E+00	0.0000000000000000E+00	0.0000000000000000E+00	0.0000000000000000E+00	
0.0000000000000000E+00	0.0000000000000000E+00	0.0000000000000000E+00	0.0000000000000000E+00	-0.0000000000000000E+00	-0.0000000000000000E+00	0.0000000000000000E+00	0.0000000000000000E+00	-0.0000000000000000E+00	0.0000000000000000E+00	0.0000000000000000E+00	-0.0000000000000000E+00	0.0000000000000000E+00	0.0000000000000000E+00	-0.0000000000000000E+00	0.0000000000000000E+00	0.0000000000000000E+00	-0.0000000000000000E+00	0.0000000000000000E+00	0.0000000000000000E+00	0.0000000000000000E+00	
0.0000000000000000E+00	0.0000000000000000E+00	0.0000000000000000E+00	0.0000000000000000E+00	-0.0000000000000000E+00	-0.0000000000000000E+00	0.0000000000000000E+00	0.0000000000000000E+00	-0.0000000000000000E+00	0.0000000000000000E+00	0.0000000000000000E+00	-0.0000000000000000E+00	0.0000000000000000E+00	0.0000000000000000E+00	-0.0000000000000000E+00	0.0000000000000000E+00	-0.0000000000000000E+00	0.0000000000000000E+00	-0.0000000000000000E+00	-0.0000000000000000E+00	0.0000000000000000E+00	

beta
0.0000000000000000E+00	0.0000000000000000E+00	0.0000000000000000E+00	0.0000000000000000E+00	0.0000000000000000E+00	0.0000000000000000E+00	0.0000000000000000E+00	0.0000000000000000E+00	0.0000000000000000E+00	0.0000000000000000E+00	0.0000000000000000E+00	0.0000000000000000E+00	0.0000000000000000E+00	0.0000000000000000E+00	0.0000000000000000E+00	0.0000000000000000E+00	0.0000000000000000E+00	0.0000000000000000E+00	0.0000000000000000E+00	0.0000000000000000E+00	0.0000000000000000E+00	
9.9448228454551271E-02	0.0000000000000000E+00	0.0000000000000000E+00	0.0000000000000000E+00	0.0000000000000000E+00	0.0000000000000000E+00	0.0000000000000000E+00	0.0000000000000000E+00	0.0000000000000000E+00	0.0000000000000000E+00	0.0000000000000000E+00	0.0000000000000000E+00	0.0000000000000000E+00	0.0000000000000000E+00	0.0000000000000000E+00	0.0000000000000000E+00	0.0000000000000000E+00	0.0000000000000000E+00	0.0000000000000000E+00	0.0000000000000000E+00	0.0000000000000000E+00	
9.2807084168086737E-02	5.8532205779832369E-01	0.0000000000000000E+00	0.0000000000000000E+00	0.0000000000000000E+00	0.0000000000000000E+00	0.0000000000000000E+00	0.0000000000000000E+00	0.0000000000000000E+00	0.0000000000000000E+00	0.0000000000000000E+00	0.0000000000000000E+00	0.0000000000000000E+00	0.0000000000000000E+00	0.0000000000000000E+00	0.0000000000000000E+00	0.0000000000000000E+00	0.0000000000000000E+00	0.0000000000000000E+00	0.0000000000000000E+00	0.0000000000000000E+00	
5.8600153768287866E-02	2.5464956389554017E-01	8.2012772501330178E-01	0.0000000000000000E+00	0.0000000000000000E+00	0.0000000000000000E+00	0.0000000000000000E+00	0.0000000000000000E+00	0.0000000000000000E+00	0.0000000000000000E+00	0.0000000000000000E+00	0.0000000000000000E+00	0.0000000000000000E+00	0.0000000000000000E+00	0.0000000000000000E+00	0.0000000000000000E+00	0.0000000000000000E+00	0.0000000000000000E+00	0.0000000000000000E+00	0.0000000000000000E+00	0.0000000000000000E+00	
3.0378098321258572E-03	8.2854502335217746E-03	3.2878628467704202E-03	2.4787213927937753E-04	0.0000000000000000E+00	0.0000000000000000E+00	0.0000000000000000E+00	0.0000000000000000E+00	0.0000000000000000E+00	0.0000000000000000E+00	0.0000000000000000E+00	0.0000000000000000E+00	0.0000000000000000E+00	0.0000000000000000E+00	0.0000000000000000E+00	0.0000000000000000E+00	0.0000000000000000E+00	0.0000000000000000E+00	0.0000000000000000E+00	0.0000000000000000E+00	0.0000000000000000E+00	
6.2756510182959815E-02	1.8560203341595341E-01	1.8313667725404398E-01	-1.2271279969037086E-04	1.0309492694673976E+00	0.0000000000000000E+00	0.0000000000000000E+00	0.0000000000000000E+00	0.0000000000000000E+00	0.0000000000000000E+00	0.0000000000000000E+00	0.0000000000000000E+00	0.0000000000000000E+00	0.0000000000000000E+00	0.0000000000000000E+00	0.0000000000000000E+00	0.0000000000000000E+00	0.0000000000000000E+00	0.0000000000000000E+00	0.0000000000000000E+00	0.0000000000000000E+00	
1.9603529116187558E-02	5.7822231046484020E-02	5.5969477490999307E-02	1.7996702909916852E-05	4.5999385036927021E-02	4.0840915567756750E-02	0.0000000000000000E+00	0.0000000000000000E+00	0.0000000000000000E+00	0.0000000000000000E+00	0.0000000000000000E+00	0.0000000000000000E+00	0.0000000000000000E+00	0.0000000000000000E+00	0.0000000000000000E+00	0.0000000000000000E+00	0.0000000000000000E+00	0.0000000000000000E+00	0.0000000000000000E+00	0.0000000000000000E+00	0.0000000000000000E+00	
6.7837405033456422E-02	1.9992216804443336E-01	1.9232501683471392E-01	1.2397111718340568E-04	-1.4315496243751566E-01	-9.4745503568194334E-02	1.7771093091031542E-01	0.0000000000000000E+00	0.0000000000000000E+00	0.0000000000000000E+00	0.0000000000000000E+00	0.0000000000000000E+00	0.0000000000000000E+00	0.0000000000000000E+00	0.0000000000000000E+00	0.0000000000000000E+00	0.0000000000000000E+00	0.0000000000000000E+00	0.0000000000000000E+00	0.0000000000000000E+00	0.0000000000000000E+00	
6.3300420969015489E-02	1.8652042619772610E-01	1.7921573110753053E-01	1.2689968659477730E-04	-1.8856377076368908E-01	-1.3134175986358057E-01	2.4315155474017844E-01	7.2775254044871984E-01	0.0000000000000000E+00	0.0000000000000000E+00	0.0000000000000000E+00	0.0000000000000000E+00	0.0000000000000000E+00	0.0000000000000000E+00	0.0000000000000000E+00	0.0000000000000000E+00	0.0000000000000000E+00	0.0000000000000000E+00	0.0000000000000000E+00	0.0000000000000000E+00	0.0000000000000000E+00	
4.4578050814131909E-03	1.3223296992066369E-02	1.3322941558371548E-02	-2.3012659094258868E-05	1.4328971167607740E-01	1.1300551173267021E-01	-2.0306887360336295E-01	-6.7177472622141932E-01	2.8413717900190877E-01	0.0000000000000000E+00	0.0000000000000000E+00	0.0000000000000000E+00	0.0000000000000000E+00	0.0000000000000000E+00	0.0000000000000000E+00	0.0000000000000000E+00	0.0000000000000000E+00	0.0000000000000000E+00	0.0000000000000000E+00	0.0000000000000000E+00	0.0000000000000000E+00	
1.2870464745755306E-01	3.7909592957262650E-01	3.6323876190764920E-01	3.1030664771396308E-04	-6.3964249415750174E-01	-4.6713688916835305E-01	8.5476130518954563E-01	2.6630287799210808E+00	-8.5385383265786086E-01	5.5908913293058367E-02	0.0000000000000000E+00	0.0000000000000000E+00	0.0000000000000000E+00	0.0000000000000000E+00	0.0000000000000000E+00	0.0000000000000000E+00	0.0000000000000000E+00	0.0000000000000000E+00	0.0000000000000000E+00	0.0000000000000000E+00	0.0000000000000000E+00	
1.7675987540316622E-02	5.2099884908928515E-02	5.0171711765855338E-02	2.9629603431720652E-05	-2.4202816533331430E-02	-1.4459683037862506E-02	2.7884263680205759E-02	7.1829413731859637E-02	3.4141340881119059E-03	7.2965879646474940E-04	9.7701072426661313E-05	0.0000000000000000E+00	0.0000000000000000E+00	0.0000000000000000E+00	0.0000000000000000E+00	0.0000000000000000E+00	0.0000000000000000E+00	0.0000000000000000E+00	0.0000000000000000E+00	0.0000000000000000E+00	0.0000000000000000E+00	
2.3932380556663475E-02	7.0524631730747328E-02	6.7802715384897627E-02	4.5906209276589043E-05	-6.1139810829962615E-02	-4.1730388649030066E-02	7.7652920824403879E-02	2.2826619522504477E-01	-4.9172721167522526E-02	4.0854358402860657E-03	1.7105091838196451E-05	9.8159306723645290E-01	0.0000000000000000E+00	0.0000000000000000E+00	0.0000000000000000E+00	0.0000000000000000E+00	0.0000000000000000E+00	0.0000000000000000E+00	0.0000000000000000E+00	0.0000000000000000E+00	0.0000000000000000E+00	
1.0534310406348824E-01	3.1041737786999613E-01	2.9836142409257005E-01	2.0596230192114544E-04	-2.8821660289705420E-01	-1.9859671940712037E-01	3.6866284292502249E-01	1.0929504471524236E+00	-2.5265589680654094E-01	2.0067954434101538E-02	-2.2403734480304127E-06	-1.6570260027627688E+00	1.1077521519812201E+00	0.0000000000000000E+00	0.0000000000000000E+00	0.0000000000000000E+00	0.0000000000000000E+00	0.0000000000000000E+00	0.0000000000000000E+00	0.0000000000000000E+00	0.0000000000000000E+00	
8.5231193931473659E-02	2.5114883677294592E-01	2.4136505094254346E-01	1.6817691315751198E-04	-2.4072076035419890E-01	-1.6656066360523691E-01	3.0886822066915454E-01	9.1905913656390203E-01	-2.1869737090898139E-01	1.7058744461367979E-02	-3.2382376422741714E-05	-3.6975954808147766E+00	2.5090576742271109E+00	1.4228837040088977E+00	0.0000000000000000E+00	0.0000000000000000E+00	0.0000000000000000E+00	0.0000000000000000E+00	0.0000000000000000E+00	0.0000000000000000E+00	0.0000000000000000E+00	
6.5182619129262709E-02	1.9207622022920229E-01	1.8462221959871539E-01	1.2714043632103576E-04	-1.7685927408502428E-01	-1.2172978481970326E-01	2.2603555791662649E-01	6.6944923854576865E-01	-1.5353006652113979E-01	1.2255861838076563E-02	4.6183385420844828E-06	-5.6235477974234771E-01	3.6864780364748778E-01	1.3595890825253698E-01	7.6768155096869470E-04	0.0000000000000000E+00	0.0000000000000000E+00	0.0000000000000000E+00	0.0000000000000000E+00	0.0000000000000000E+00	0.0000000000000000E+00	
-1.2725251644590537E-02	-3.7497147485214176E-02	-3.6035950993504824E-02	-2.5132707643963175E-05	3.6055101066536636E-02	2.4957628415442915E-02	-4.6276366469046253E-02	-1.3774833199914893E-01	3.2869855696188430E-02	-2.5594546753981155E-03	5.3009581761993870E-06	5.8800367001787990E-01	-3.9920391638470626E-01	-2.2754784966406549E-01	-8.2333280276323615E-03	6.5235439186626998E-01	0.0000000000000000E+00	0.0000000000000000E+00	0.0000000000000000E+00	0.0000000000000000E+00	0.0000000000000000E+00	
2.1589808278669738E-03	6.3619572292037989E-03	6.1150825008302262E-03	4.2102691885619875E-06	-5.8536238278238837E-03	-4.0285687319658488E-03	7.4806889377459574E-03	2.2153593988437942E-02	-5.0770462528708024E-03	4.0546796011938619E-04	1.7048577833821769E-07	-1.7275771357105472E-02	1.1286202978647254E-02	3.9355653214394092E-03	2.5982413591439420E-06	-1.3762703021162354E-04	-1.5952936662921432E-05	0.0000000000000000E+00	0.0000000000000000E+00	0.0000000000000000E+00	0.0000000000000000E+00	
-7.4957512311089394E-02	-2.2088051191273850E-01	-2.1231026467194752E-01	-1.4612506321266019E-04	2.0298168071163605E-01	1.3967248168978885E-01	-2.5937009819497070E-01	-7.6799515308805100E-01	1.7579578408588056E-01	-1.4050131203804082E-02	-6.9336065445971311E-06	5.2157672167366664E-01	-3.3832085444918930E-01	-1.0376124470374913E-01	1.2319606196622558E-03	-1.0004634689536829E-01	-1.7242595299104277E-05	1.8923647396130969E+00	0.0000000000000000E+00	0.0000000000000000E+00	0.0000000000000000E+00	
3.6604802921791896E-01	1.0786493953786116E+00	1.0367973219164108E+00	7.1359174390843514E-04	-9.9125981638334426E-01	-6.8209136399838155E-01	1.2666345875726699E+00	3.7505144655648919E+00	-8.5851587225372739E-01	6.8614437966251760E-02	3.3787820825779119E-05	-2.5526071833625252E+00	1.6559464441537297E+00	5.0903520819322146E-01	-5.9225909369823903E-03	4.8114825245992349E-01	4.3783268980099659E-05	-4.8921761080538468E+00	9.9406355088737730E-01	0.0000000000000000E+00	0.0000000000000000E+00	
5.8123220671924269E-02	1.7127417993808125E-01	1.6462865043889074E-01	1.1330902600197599E-04	-1.5740191282184754E-01	-1.0830949362844297E-01	2.0112911606208073E-01	5.9554660688334993E-01	-1.3632760497558166E-01	1.0895428409752592E-02	5.3489777603102442E-06	-4.0655498551871239E-01	2.6378738141789299E-01	8.1347602416264264E-02	-9.1950925947343405E-04	7.4741393066576622E-02	-2.0816290706135148E-06	1.9520316364485324E-01	-2.0091498092567051E-04	-7.0788981393754427E-03	0.0000000000000000E+00	

gamma1
0.0000000000000000E+00	0.0000000000000000E+00	9.0115976177381896E-01	2.9806744435867438E-01	-8.3582925330004249E-03	-8.6350466832451678E-01	4.9759639125793786E-02	-2.4848987355116297E+00	1.4331293311931337E+00	-1.5700425654371608E+00	-3.4668037237321299E+00	-8.3508383562298505E-02	1.3476580947728450E-01	-1.6347760600407832E+00	2.6635424928327756E+00	1.5030192272212473E-02	-1.1094563660661031E+01	-4.3780997444517536E-03	1.1031471192914499E+00	-2.8535408009864898E+00	-2.0211482530108071E-04	

gamma2
0.0000000000000000E+00	1.0000000000000000E+00	6.6779915436096432E-02	3.8169393687892894E-01	3.4580939778096342E-02	6.2994142739879255E-01	1.6190316834296076E-01	1.1131783398140720E+00	-2.8192414696094686E-01	5.2271026465578674E-01	7.1529222215809618E-01	7.9370818994766487E-02	5.8187246450229282E-02	3.9351739018594173E-01	-4.1777026694171293E-01	1.2197839997821765E-01	1.3101445758655312E+00	3.9764513021202201E-03	-1.4612686098149480E-01	3.2548521512778195E-01	1.2449469459700668E-01	

gamma3
0.0000000000000000E+00	0.0000000000000000E+00	0.0000000000000000E+00	0.0000000000000000E+00	9.3239692239378602E-01	1.1131958528995813E-01	5.0504708970860424E-01	2.5890490273276245E-01	4.4877496564310987E-01	2.8795906273414645E-01	8.8220533537048973E-01	5.8919212082001293E-01	4.6253785591186147E-01	-3.5316120170928812E-02	1.5696535329485926E+00	-3.9563505023600974E-02	7.2062744673348067E-01	9.6568966246310373E-01	1.3408834601270756E+00	3.6876248327358230E-01	-3.3268918787678858E-01	

delta
1.0000000000000000E+00	4.8008929901631875E-01	3.5890390423169222E-01	3.5763218133244318E-01	5.8487938209258328E-01	-3.1754556581128870E-02	1.4825248848529080E-01	2.3015892341542873E-01	1.2377053927020307E+00	6.4550914363488221E-01	1.2165583521469048E+00	6.9276305089212908E-01	-1.3550268357661377E-01	9.5397729798296549E-01	6.6012895405088701E-01	2.8213481506866278E-01	1.0479519796400409E+00	1.5264587622846876E-01	8.2437667734374320E-01	0.0000000000000000E+00	

r
0.0000000000000000E+00	

errcoeff
9.1888458136442870E-05	

v
1.0000000000000000E+00	
1.0000000000000000E+00	
1.0000000000000000E+00	
1.0000000000000000E+00	
1.0000000000000000E+00	
1.0000000000000000E+00	
1.0000000000000000E+00	
1.0000000000000000E+00	
1.0000000000000000E+00	
1.0000000000000000E+00	
1.0000000000000000E+00	
1.0000000000000000E+00	
1.0000000000000000E+00	
1.0000000000000000E+00	
1.0000000000000000E+00	
1.0000000000000000E+00	
1.0000000000000000E+00	
1.0000000000000000E+00	
1.0000000000000000E+00	
1.0000000000000000E+00	
1.0000000000000000E+00	

==============================================================

