#stage		 order
12	 		4


A
0.0000000000000000E+00	0.0000000000000000E+00	0.0000000000000000E+00	0.0000000000000000E+00	0.0000000000000000E+00	0.0000000000000000E+00	0.0000000000000000E+00	0.0000000000000000E+00	0.0000000000000000E+00	0.0000000000000000E+00	0.0000000000000000E+00	0.0000000000000000E+00	
1.1392012698630120E-01	0.0000000000000000E+00	0.0000000000000000E+00	0.0000000000000000E+00	0.0000000000000000E+00	0.0000000000000000E+00	0.0000000000000000E+00	0.0000000000000000E+00	0.0000000000000000E+00	0.0000000000000000E+00	0.0000000000000000E+00	0.0000000000000000E+00	
6.0780870753473951E-02	3.8364646062966301E-01	0.0000000000000000E+00	0.0000000000000000E+00	0.0000000000000000E+00	0.0000000000000000E+00	0.0000000000000000E+00	0.0000000000000000E+00	0.0000000000000000E+00	0.0000000000000000E+00	0.0000000000000000E+00	0.0000000000000000E+00	
4.8209019528866678E-02	3.2325386900652298E-01	6.9456845325281860E-02	0.0000000000000000E+00	0.0000000000000000E+00	0.0000000000000000E+00	0.0000000000000000E+00	0.0000000000000000E+00	0.0000000000000000E+00	0.0000000000000000E+00	0.0000000000000000E+00	0.0000000000000000E+00	
7.2553651120935148E-03	1.4586317576657892E-01	1.7895389938164974E-02	6.2137853684146989E-02	0.0000000000000000E+00	0.0000000000000000E+00	0.0000000000000000E+00	0.0000000000000000E+00	0.0000000000000000E+00	0.0000000000000000E+00	0.0000000000000000E+00	0.0000000000000000E+00	
4.1814187319423437E-03	1.2518751186518548E-01	1.3461716404677915E-02	4.0359925043176731E-02	2.5149073863045091E-01	0.0000000000000000E+00	0.0000000000000000E+00	0.0000000000000000E+00	0.0000000000000000E+00	0.0000000000000000E+00	0.0000000000000000E+00	0.0000000000000000E+00	
-2.1933159657678853E-03	8.1707776270301902E-02	4.2210504170411001E-03	-4.8696923480827242E-03	1.4146702226089958E-01	4.7936769084480585E-01	0.0000000000000000E+00	0.0000000000000000E+00	0.0000000000000000E+00	0.0000000000000000E+00	0.0000000000000000E+00	0.0000000000000000E+00	
-2.9576202187333893E-03	1.2340651870718902E-01	6.7044852680369230E-03	-5.1037284457541732E-03	2.1529885629122827E-01	2.5678720568664443E-01	2.8374448500043958E-01	0.0000000000000000E+00	0.0000000000000000E+00	0.0000000000000000E+00	0.0000000000000000E+00	0.0000000000000000E+00	
7.8678251815320608E-04	-3.5725970962724590E-02	-2.0053398834554391E-03	1.0371994392765153E-03	-6.2648552803939217E-02	1.7047652960593421E-02	-2.8865181553227248E-01	1.2734811387503284E-01	0.0000000000000000E+00	0.0000000000000000E+00	0.0000000000000000E+00	0.0000000000000000E+00	
3.3046457826631909E-03	-1.4232501256089961E-01	-7.8309605888526347E-03	5.2115887559619940E-03	-2.4879473980959116E-01	-1.5615219713842590E-01	-6.4360484941147711E-01	2.5925233474949355E-01	9.5175260365189973E-02	0.0000000000000000E+00	0.0000000000000000E+00	0.0000000000000000E+00	
-2.8370882090398997E-03	1.1482052667139389E-01	6.1589646047151021E-03	-5.2891458699036858E-03	1.9992676566023415E-01	3.5110196776906666E-01	1.0507226903810007E-02	4.0098545139556130E-02	9.9604104002696536E-03	4.4544809117306869E-03	0.0000000000000000E+00	0.0000000000000000E+00	
-2.3677236672276338E-03	9.4470801935637949E-02	5.0363803629570056E-03	-4.5638733534058458E-03	1.6433948221166994E-01	3.3290205798409112E-01	-9.0841269196303601E-02	8.1735666537543744E-02	2.5158733695058909E-02	-2.0978748104439580E-03	2.8031022151534740E-01	0.0000000000000000E+00	

b
-2.5252885746108169E-03	
1.0101955107739523E-01	
5.3915939455720114E-03	
-4.8386061261339241E-03	
1.7576180341911504E-01	
3.4733742796244627E-01	
-7.7611099779310758E-02	
7.7834102744498451E-02	
2.3573102456522874E-02	
-1.1121525838689356E-03	
1.7373734276893674E-01	
1.8143222268943773E-01	

c
0.0000000000000000E+00	
1.1392012698630120E-01	
4.4442733138313695E-01	
4.4091973386067151E-01	
2.3315178450098439E-01	
4.3468131067543336E-01	
6.9970053147919775E-01	
8.7788020228905062E-01	
-2.4281193038933577E-01	
-8.3576392985593773E-01	
7.2890265398183274E-01	
8.8408260321492516E-01	

alpha
0.0000000000000000E+00	0.0000000000000000E+00	0.0000000000000000E+00	0.0000000000000000E+00	0.0000000000000000E+00	0.0000000000000000E+00	0.0000000000000000E+00	0.0000000000000000E+00	0.0000000000000000E+00	0.0000000000000000E+00	0.0000000000000000E+00	0.0000000000000000E+00	0.0000000000000000E+00	
0.0000000000000000E+00	0.0000000000000000E+00	0.0000000000000000E+00	0.0000000000000000E+00	0.0000000000000000E+00	0.0000000000000000E+00	0.0000000000000000E+00	0.0000000000000000E+00	0.0000000000000000E+00	0.0000000000000000E+00	0.0000000000000000E+00	0.0000000000000000E+00	0.0000000000000000E+00	
0.0000000000000000E+00	0.0000000000000000E+00	0.0000000000000000E+00	0.0000000000000000E+00	0.0000000000000000E+00	0.0000000000000000E+00	0.0000000000000000E+00	0.0000000000000000E+00	0.0000000000000000E+00	0.0000000000000000E+00	0.0000000000000000E+00	0.0000000000000000E+00	0.0000000000000000E+00	
0.0000000000000000E+00	0.0000000000000000E+00	0.0000000000000000E+00	0.0000000000000000E+00	0.0000000000000000E+00	0.0000000000000000E+00	0.0000000000000000E+00	0.0000000000000000E+00	0.0000000000000000E+00	0.0000000000000000E+00	0.0000000000000000E+00	0.0000000000000000E+00	0.0000000000000000E+00	
0.0000000000000000E+00	0.0000000000000000E+00	0.0000000000000000E+00	0.0000000000000000E+00	0.0000000000000000E+00	0.0000000000000000E+00	0.0000000000000000E+00	0.0000000000000000E+00	0.0000000000000000E+00	0.0000000000000000E+00	0.0000000000000000E+00	0.0000000000000000E+00	0.0000000000000000E+00	
0.0000000000000000E+00	0.0000000000000000E+00	0.0000000000000000E+00	0.0000000000000000E+00	0.0000000000000000E+00	0.0000000000000000E+00	0.0000000000000000E+00	0.0000000000000000E+00	0.0000000000000000E+00	0.0000000000000000E+00	0.0000000000000000E+00	0.0000000000000000E+00	0.0000000000000000E+00	
-0.0000000000000000E+00	0.0000000000000000E+00	0.0000000000000000E+00	-0.0000000000000000E+00	0.0000000000000000E+00	0.0000000000000000E+00	0.0000000000000000E+00	0.0000000000000000E+00	0.0000000000000000E+00	0.0000000000000000E+00	0.0000000000000000E+00	0.0000000000000000E+00	0.0000000000000000E+00	
-0.0000000000000000E+00	0.0000000000000000E+00	0.0000000000000000E+00	-0.0000000000000000E+00	0.0000000000000000E+00	0.0000000000000000E+00	0.0000000000000000E+00	0.0000000000000000E+00	0.0000000000000000E+00	0.0000000000000000E+00	0.0000000000000000E+00	0.0000000000000000E+00	0.0000000000000000E+00	
0.0000000000000000E+00	-0.0000000000000000E+00	-0.0000000000000000E+00	0.0000000000000000E+00	-0.0000000000000000E+00	0.0000000000000000E+00	-0.0000000000000000E+00	0.0000000000000000E+00	0.0000000000000000E+00	0.0000000000000000E+00	0.0000000000000000E+00	0.0000000000000000E+00	0.0000000000000000E+00	
0.0000000000000000E+00	-0.0000000000000000E+00	-0.0000000000000000E+00	0.0000000000000000E+00	-0.0000000000000000E+00	-0.0000000000000000E+00	-0.0000000000000000E+00	0.0000000000000000E+00	0.0000000000000000E+00	0.0000000000000000E+00	0.0000000000000000E+00	0.0000000000000000E+00	0.0000000000000000E+00	
-0.0000000000000000E+00	0.0000000000000000E+00	0.0000000000000000E+00	-0.0000000000000000E+00	0.0000000000000000E+00	0.0000000000000000E+00	0.0000000000000000E+00	0.0000000000000000E+00	0.0000000000000000E+00	0.0000000000000000E+00	0.0000000000000000E+00	0.0000000000000000E+00	0.0000000000000000E+00	
-0.0000000000000000E+00	0.0000000000000000E+00	0.0000000000000000E+00	-0.0000000000000000E+00	0.0000000000000000E+00	0.0000000000000000E+00	-0.0000000000000000E+00	0.0000000000000000E+00	0.0000000000000000E+00	-0.0000000000000000E+00	0.0000000000000000E+00	0.0000000000000000E+00	0.0000000000000000E+00	
-0.0000000000000000E+00	0.0000000000000000E+00	0.0000000000000000E+00	-0.0000000000000000E+00	0.0000000000000000E+00	0.0000000000000000E+00	-0.0000000000000000E+00	0.0000000000000000E+00	0.0000000000000000E+00	-0.0000000000000000E+00	0.0000000000000000E+00	0.0000000000000000E+00	0.0000000000000000E+00	

beta
0.0000000000000000E+00	0.0000000000000000E+00	0.0000000000000000E+00	0.0000000000000000E+00	0.0000000000000000E+00	0.0000000000000000E+00	0.0000000000000000E+00	0.0000000000000000E+00	0.0000000000000000E+00	0.0000000000000000E+00	0.0000000000000000E+00	0.0000000000000000E+00	0.0000000000000000E+00	
1.1392012698630120E-01	0.0000000000000000E+00	0.0000000000000000E+00	0.0000000000000000E+00	0.0000000000000000E+00	0.0000000000000000E+00	0.0000000000000000E+00	0.0000000000000000E+00	0.0000000000000000E+00	0.0000000000000000E+00	0.0000000000000000E+00	0.0000000000000000E+00	0.0000000000000000E+00	
6.0780870753473951E-02	3.8364646062966301E-01	0.0000000000000000E+00	0.0000000000000000E+00	0.0000000000000000E+00	0.0000000000000000E+00	0.0000000000000000E+00	0.0000000000000000E+00	0.0000000000000000E+00	0.0000000000000000E+00	0.0000000000000000E+00	0.0000000000000000E+00	0.0000000000000000E+00	
4.8209019528866678E-02	3.2325386900652298E-01	6.9456845325281860E-02	0.0000000000000000E+00	0.0000000000000000E+00	0.0000000000000000E+00	0.0000000000000000E+00	0.0000000000000000E+00	0.0000000000000000E+00	0.0000000000000000E+00	0.0000000000000000E+00	0.0000000000000000E+00	0.0000000000000000E+00	
7.2553651120935148E-03	1.4586317576657892E-01	1.7895389938164974E-02	6.2137853684146989E-02	0.0000000000000000E+00	0.0000000000000000E+00	0.0000000000000000E+00	0.0000000000000000E+00	0.0000000000000000E+00	0.0000000000000000E+00	0.0000000000000000E+00	0.0000000000000000E+00	0.0000000000000000E+00	
4.1814187319423437E-03	1.2518751186518548E-01	1.3461716404677915E-02	4.0359925043176731E-02	2.5149073863045091E-01	0.0000000000000000E+00	0.0000000000000000E+00	0.0000000000000000E+00	0.0000000000000000E+00	0.0000000000000000E+00	0.0000000000000000E+00	0.0000000000000000E+00	0.0000000000000000E+00	
-2.1933159657678853E-03	8.1707776270301902E-02	4.2210504170411001E-03	-4.8696923480827242E-03	1.4146702226089958E-01	4.7936769084480585E-01	0.0000000000000000E+00	0.0000000000000000E+00	0.0000000000000000E+00	0.0000000000000000E+00	0.0000000000000000E+00	0.0000000000000000E+00	0.0000000000000000E+00	
-2.9576202187333893E-03	1.2340651870718902E-01	6.7044852680369230E-03	-5.1037284457541732E-03	2.1529885629122827E-01	2.5678720568664443E-01	2.8374448500043958E-01	0.0000000000000000E+00	0.0000000000000000E+00	0.0000000000000000E+00	0.0000000000000000E+00	0.0000000000000000E+00	0.0000000000000000E+00	
7.8678251815320608E-04	-3.5725970962724590E-02	-2.0053398834554391E-03	1.0371994392765153E-03	-6.2648552803939217E-02	1.7047652960593421E-02	-2.8865181553227248E-01	1.2734811387503284E-01	0.0000000000000000E+00	0.0000000000000000E+00	0.0000000000000000E+00	0.0000000000000000E+00	0.0000000000000000E+00	
3.3046457826631909E-03	-1.4232501256089961E-01	-7.8309605888526347E-03	5.2115887559619940E-03	-2.4879473980959116E-01	-1.5615219713842590E-01	-6.4360484941147711E-01	2.5925233474949355E-01	9.5175260365189973E-02	0.0000000000000000E+00	0.0000000000000000E+00	0.0000000000000000E+00	0.0000000000000000E+00	
-2.8370882090398997E-03	1.1482052667139389E-01	6.1589646047151021E-03	-5.2891458699036858E-03	1.9992676566023415E-01	3.5110196776906666E-01	1.0507226903810007E-02	4.0098545139556130E-02	9.9604104002696536E-03	4.4544809117306869E-03	0.0000000000000000E+00	0.0000000000000000E+00	0.0000000000000000E+00	
-2.3677236672276338E-03	9.4470801935637949E-02	5.0363803629570056E-03	-4.5638733534058458E-03	1.6433948221166994E-01	3.3290205798409112E-01	-9.0841269196303601E-02	8.1735666537543744E-02	2.5158733695058909E-02	-2.0978748104439580E-03	2.8031022151534740E-01	0.0000000000000000E+00	0.0000000000000000E+00	
-2.5252885746108169E-03	1.0101955107739523E-01	5.3915939455720114E-03	-4.8386061261339241E-03	1.7576180341911504E-01	3.4733742796244627E-01	-7.7611099779310758E-02	7.7834102744498451E-02	2.3573102456522874E-02	-1.1121525838689356E-03	1.7373734276893674E-01	1.8143222268943773E-01	0.0000000000000000E+00	

gamma1
0.0000000000000000E+00	0.0000000000000000E+00	6.0046412862149223E-01	8.1009050769974922E-01	1.8199061638416181E-01	8.2725597670476458E-01	-5.2158374970784127E-02	-5.5508927290103149E-01	-1.4088425722223690E+00	2.0889164617671550E+00	-1.0593597139784938E-01	-6.3772523907117717E-01	6.1980380818693892E-01	

gamma2
0.0000000000000000E+00	1.0000000000000000E+00	4.6646064781175323E-01	1.8378569481356949E-01	9.2261473322848608E-01	3.2274784441955229E-01	8.0578086050718523E-01	7.2724614989963199E-01	3.8704001929956877E-01	-1.9499862441185692E-01	3.7364308922184764E-01	5.5646273119189615E-01	1.4091586734299069E-01	

gamma3
0.0000000000000000E+00	0.0000000000000000E+00	0.0000000000000000E+00	0.0000000000000000E+00	-2.1100415426815047E-01	-9.4904858198917204E-03	-1.7485371438452777E-02	-5.0107087659662786E-01	9.2300754064777968E-01	-2.8718291860558876E-01	-6.4088059192381208E-01	-1.1305572621012610E+00	-3.2082996472322201E-01	

delta
1.0000000000000000E+00	-1.4347357434587676E-01	1.7679389066806517E-01	8.2002798325226250E-02	-5.5068879635206613E-01	7.6282802144795081E-01	1.4998611872103083E+00	1.0116464954836686E+00	2.7251304868543791E-01	5.6361092555630088E-01	2.9969109852944809E-01	0.0000000000000000E+00	

r
0.0000000000000000E+00	

errcoeff
2.6333767604758650E-04	

v
1.0000000000000000E+00	
1.0000000000000000E+00	
1.0000000000000000E+00	
1.0000000000000000E+00	
1.0000000000000000E+00	
1.0000000000000000E+00	
1.0000000000000000E+00	
1.0000000000000000E+00	
1.0000000000000000E+00	
1.0000000000000000E+00	
1.0000000000000000E+00	
1.0000000000000000E+00	
1.0000000000000000E+00	

==============================================================

