#stage		 order
14	 		4


A
0.0000000000000000E+00	0.0000000000000000E+00	0.0000000000000000E+00	0.0000000000000000E+00	0.0000000000000000E+00	0.0000000000000000E+00	0.0000000000000000E+00	0.0000000000000000E+00	0.0000000000000000E+00	0.0000000000000000E+00	0.0000000000000000E+00	0.0000000000000000E+00	0.0000000000000000E+00	0.0000000000000000E+00	
5.8215996422006075E-02	0.0000000000000000E+00	0.0000000000000000E+00	0.0000000000000000E+00	0.0000000000000000E+00	0.0000000000000000E+00	0.0000000000000000E+00	0.0000000000000000E+00	0.0000000000000000E+00	0.0000000000000000E+00	0.0000000000000000E+00	0.0000000000000000E+00	0.0000000000000000E+00	0.0000000000000000E+00	
5.8874784030029305E-02	2.5719718881331388E-01	0.0000000000000000E+00	0.0000000000000000E+00	0.0000000000000000E+00	0.0000000000000000E+00	0.0000000000000000E+00	0.0000000000000000E+00	0.0000000000000000E+00	0.0000000000000000E+00	0.0000000000000000E+00	0.0000000000000000E+00	0.0000000000000000E+00	0.0000000000000000E+00	
5.3835487797738724E-02	2.4316210575108288E-01	2.5214461436551250E-01	0.0000000000000000E+00	0.0000000000000000E+00	0.0000000000000000E+00	0.0000000000000000E+00	0.0000000000000000E+00	0.0000000000000000E+00	0.0000000000000000E+00	0.0000000000000000E+00	0.0000000000000000E+00	0.0000000000000000E+00	0.0000000000000000E+00	
-6.1263848752711736E-03	8.9165043086846030E-02	1.4533715238002065E-01	1.1862427385963454E-02	0.0000000000000000E+00	0.0000000000000000E+00	0.0000000000000000E+00	0.0000000000000000E+00	0.0000000000000000E+00	0.0000000000000000E+00	0.0000000000000000E+00	0.0000000000000000E+00	0.0000000000000000E+00	0.0000000000000000E+00	
5.9050486430120216E-03	1.0239189218921464E-01	1.4044403763671287E-01	4.8725946199372977E-03	1.4587403335438576E-01	0.0000000000000000E+00	0.0000000000000000E+00	0.0000000000000000E+00	0.0000000000000000E+00	0.0000000000000000E+00	0.0000000000000000E+00	0.0000000000000000E+00	0.0000000000000000E+00	0.0000000000000000E+00	
-3.6677947623992542E-03	6.7716978418823140E-02	1.0836385121992606E-01	8.3430403139262612E-03	2.4933609326193792E-01	1.1631827180568404E+00	0.0000000000000000E+00	0.0000000000000000E+00	0.0000000000000000E+00	0.0000000000000000E+00	0.0000000000000000E+00	0.0000000000000000E+00	0.0000000000000000E+00	0.0000000000000000E+00	
1.1662211698525399E-02	8.4228405368896669E-02	1.0162020513077807E-01	-5.9273337125246867E-04	-1.7354246746722785E-02	-1.5349748210622405E-03	1.2223050114367230E-04	0.0000000000000000E+00	0.0000000000000000E+00	0.0000000000000000E+00	0.0000000000000000E+00	0.0000000000000000E+00	0.0000000000000000E+00	0.0000000000000000E+00	
5.2461487333330592E-03	4.9876654510469701E-02	6.3568241800388697E-02	7.7123925738074276E-04	2.3225185392111561E-02	1.4725523432722559E-01	2.7950335414243202E-06	4.8834189398228667E-01	0.0000000000000000E+00	0.0000000000000000E+00	0.0000000000000000E+00	0.0000000000000000E+00	0.0000000000000000E+00	0.0000000000000000E+00	
1.3289028090049384E-02	1.2624857963355948E-01	1.6088471902272555E-01	1.9454838170526324E-03	5.8588266167756989E-02	3.7185163156925688E-01	7.4896047576588735E-06	-5.2685526729495624E-01	-1.5464839180885440E-01	0.0000000000000000E+00	0.0000000000000000E+00	0.0000000000000000E+00	0.0000000000000000E+00	0.0000000000000000E+00	
1.2999308555787783E-02	1.2348411464673668E-01	1.5735922977692748E-01	1.9020246507886025E-03	5.7279718197087437E-02	3.6359579817381105E-01	7.3788622945416153E-06	-7.4168517439000481E-01	-2.3919394839165742E-01	4.2060746245245562E-01	0.0000000000000000E+00	0.0000000000000000E+00	0.0000000000000000E+00	0.0000000000000000E+00	
1.3905384663806433E-02	1.3211039031298041E-01	1.6835606415678106E-01	2.0362618729107304E-03	6.1321930825209828E-02	3.8917609581539692E-01	7.8095819182086484E-06	-4.3328127772297009E-01	-1.1597772612082083E-01	2.3958357679203446E-01	9.9531078459515476E-02	0.0000000000000000E+00	0.0000000000000000E+00	0.0000000000000000E+00	
1.5669742787831880E-02	1.4890996710134086E-01	1.8977271764517972E-01	2.2978328301164258E-03	6.9198437343270122E-02	4.3901264632680725E-01	8.6393851028113578E-06	2.0566449698477207E-01	1.3887477467336690E-01	-1.3534895618423037E-01	-1.7519646590627919E-01	-1.1296894460050493E-01	0.0000000000000000E+00	0.0000000000000000E+00	
1.4363734980118371E-02	1.3648912000063029E-01	1.7394132261225906E-01	2.1054676726937143E-03	6.3405610506159532E-02	4.0230155442877757E-01	7.9620884940445856E-06	4.3389424810830746E-03	5.5749996793484989E-02	-1.6482993416103583E-02	-8.4322980332782516E-02	-5.5127975030237183E-02	1.3397050639364949E-01	0.0000000000000000E+00	

b
1.3666711316434533E-02	
1.2985867224279288E-01	
1.6548997461117937E-01	
2.0026825001404468E-03	
6.0310394012943108E-02	
3.8269170313333967E-01	
7.6065860099887751E-06	
-1.2884407400173858E-01	
1.3887683061854644E-03	
6.1988364245193814E-02	
-2.5166537279239995E-02	
-1.7491861686552340E-02	
-2.1975392393903567E-01	
5.7385151995234740E-01	

c
0.0000000000000000E+00	
5.8215996422006075E-02	
3.1607197284334321E-01	
5.4914220791433410E-01	
2.4023823797755897E-01	
3.9948760644326259E-01	
1.5932748865090545E+00	
1.7815109776030635E-01	
7.7828739303673755E-01	
5.1311538801347839E-02	
1.5635591253422687E-01	
5.5676958863676274E-01	
7.8589488838677357E-01	
8.3074026917822696E-01	

alpha
0.0000000000000000E+00	0.0000000000000000E+00	0.0000000000000000E+00	0.0000000000000000E+00	0.0000000000000000E+00	0.0000000000000000E+00	0.0000000000000000E+00	0.0000000000000000E+00	0.0000000000000000E+00	0.0000000000000000E+00	0.0000000000000000E+00	0.0000000000000000E+00	0.0000000000000000E+00	0.0000000000000000E+00	0.0000000000000000E+00	
0.0000000000000000E+00	0.0000000000000000E+00	0.0000000000000000E+00	0.0000000000000000E+00	0.0000000000000000E+00	0.0000000000000000E+00	0.0000000000000000E+00	0.0000000000000000E+00	0.0000000000000000E+00	0.0000000000000000E+00	0.0000000000000000E+00	0.0000000000000000E+00	0.0000000000000000E+00	0.0000000000000000E+00	0.0000000000000000E+00	
0.0000000000000000E+00	0.0000000000000000E+00	0.0000000000000000E+00	0.0000000000000000E+00	0.0000000000000000E+00	0.0000000000000000E+00	0.0000000000000000E+00	0.0000000000000000E+00	0.0000000000000000E+00	0.0000000000000000E+00	0.0000000000000000E+00	0.0000000000000000E+00	0.0000000000000000E+00	0.0000000000000000E+00	0.0000000000000000E+00	
0.0000000000000000E+00	0.0000000000000000E+00	0.0000000000000000E+00	0.0000000000000000E+00	0.0000000000000000E+00	0.0000000000000000E+00	0.0000000000000000E+00	0.0000000000000000E+00	0.0000000000000000E+00	0.0000000000000000E+00	0.0000000000000000E+00	0.0000000000000000E+00	0.0000000000000000E+00	0.0000000000000000E+00	0.0000000000000000E+00	
-0.0000000000000000E+00	0.0000000000000000E+00	0.0000000000000000E+00	0.0000000000000000E+00	0.0000000000000000E+00	0.0000000000000000E+00	0.0000000000000000E+00	0.0000000000000000E+00	0.0000000000000000E+00	0.0000000000000000E+00	0.0000000000000000E+00	0.0000000000000000E+00	0.0000000000000000E+00	0.0000000000000000E+00	0.0000000000000000E+00	
0.0000000000000000E+00	0.0000000000000000E+00	0.0000000000000000E+00	0.0000000000000000E+00	0.0000000000000000E+00	0.0000000000000000E+00	0.0000000000000000E+00	0.0000000000000000E+00	0.0000000000000000E+00	0.0000000000000000E+00	0.0000000000000000E+00	0.0000000000000000E+00	0.0000000000000000E+00	0.0000000000000000E+00	0.0000000000000000E+00	
-0.0000000000000000E+00	0.0000000000000000E+00	0.0000000000000000E+00	0.0000000000000000E+00	0.0000000000000000E+00	0.0000000000000000E+00	0.0000000000000000E+00	0.0000000000000000E+00	0.0000000000000000E+00	0.0000000000000000E+00	0.0000000000000000E+00	0.0000000000000000E+00	0.0000000000000000E+00	0.0000000000000000E+00	0.0000000000000000E+00	
0.0000000000000000E+00	0.0000000000000000E+00	0.0000000000000000E+00	-0.0000000000000000E+00	-0.0000000000000000E+00	-0.0000000000000000E+00	0.0000000000000000E+00	0.0000000000000000E+00	0.0000000000000000E+00	0.0000000000000000E+00	0.0000000000000000E+00	0.0000000000000000E+00	0.0000000000000000E+00	0.0000000000000000E+00	0.0000000000000000E+00	
0.0000000000000000E+00	0.0000000000000000E+00	0.0000000000000000E+00	0.0000000000000000E+00	0.0000000000000000E+00	0.0000000000000000E+00	0.0000000000000000E+00	0.0000000000000000E+00	0.0000000000000000E+00	0.0000000000000000E+00	0.0000000000000000E+00	0.0000000000000000E+00	0.0000000000000000E+00	0.0000000000000000E+00	0.0000000000000000E+00	
0.0000000000000000E+00	0.0000000000000000E+00	0.0000000000000000E+00	0.0000000000000000E+00	0.0000000000000000E+00	0.0000000000000000E+00	0.0000000000000000E+00	-0.0000000000000000E+00	-0.0000000000000000E+00	0.0000000000000000E+00	0.0000000000000000E+00	0.0000000000000000E+00	0.0000000000000000E+00	0.0000000000000000E+00	0.0000000000000000E+00	
0.0000000000000000E+00	0.0000000000000000E+00	0.0000000000000000E+00	0.0000000000000000E+00	0.0000000000000000E+00	0.0000000000000000E+00	0.0000000000000000E+00	-0.0000000000000000E+00	-0.0000000000000000E+00	0.0000000000000000E+00	0.0000000000000000E+00	0.0000000000000000E+00	0.0000000000000000E+00	0.0000000000000000E+00	0.0000000000000000E+00	
0.0000000000000000E+00	0.0000000000000000E+00	0.0000000000000000E+00	0.0000000000000000E+00	0.0000000000000000E+00	0.0000000000000000E+00	0.0000000000000000E+00	-0.0000000000000000E+00	-0.0000000000000000E+00	0.0000000000000000E+00	0.0000000000000000E+00	0.0000000000000000E+00	0.0000000000000000E+00	0.0000000000000000E+00	0.0000000000000000E+00	
0.0000000000000000E+00	0.0000000000000000E+00	0.0000000000000000E+00	0.0000000000000000E+00	0.0000000000000000E+00	0.0000000000000000E+00	0.0000000000000000E+00	0.0000000000000000E+00	0.0000000000000000E+00	-0.0000000000000000E+00	-0.0000000000000000E+00	-0.0000000000000000E+00	0.0000000000000000E+00	0.0000000000000000E+00	0.0000000000000000E+00	
0.0000000000000000E+00	0.0000000000000000E+00	0.0000000000000000E+00	0.0000000000000000E+00	0.0000000000000000E+00	0.0000000000000000E+00	0.0000000000000000E+00	0.0000000000000000E+00	0.0000000000000000E+00	-0.0000000000000000E+00	-0.0000000000000000E+00	-0.0000000000000000E+00	0.0000000000000000E+00	0.0000000000000000E+00	0.0000000000000000E+00	
0.0000000000000000E+00	0.0000000000000000E+00	0.0000000000000000E+00	0.0000000000000000E+00	0.0000000000000000E+00	0.0000000000000000E+00	0.0000000000000000E+00	-0.0000000000000000E+00	0.0000000000000000E+00	0.0000000000000000E+00	-0.0000000000000000E+00	-0.0000000000000000E+00	-0.0000000000000000E+00	0.0000000000000000E+00	0.0000000000000000E+00	

beta
0.0000000000000000E+00	0.0000000000000000E+00	0.0000000000000000E+00	0.0000000000000000E+00	0.0000000000000000E+00	0.0000000000000000E+00	0.0000000000000000E+00	0.0000000000000000E+00	0.0000000000000000E+00	0.0000000000000000E+00	0.0000000000000000E+00	0.0000000000000000E+00	0.0000000000000000E+00	0.0000000000000000E+00	0.0000000000000000E+00	
5.8215996422006075E-02	0.0000000000000000E+00	0.0000000000000000E+00	0.0000000000000000E+00	0.0000000000000000E+00	0.0000000000000000E+00	0.0000000000000000E+00	0.0000000000000000E+00	0.0000000000000000E+00	0.0000000000000000E+00	0.0000000000000000E+00	0.0000000000000000E+00	0.0000000000000000E+00	0.0000000000000000E+00	0.0000000000000000E+00	
5.8874784030029305E-02	2.5719718881331388E-01	0.0000000000000000E+00	0.0000000000000000E+00	0.0000000000000000E+00	0.0000000000000000E+00	0.0000000000000000E+00	0.0000000000000000E+00	0.0000000000000000E+00	0.0000000000000000E+00	0.0000000000000000E+00	0.0000000000000000E+00	0.0000000000000000E+00	0.0000000000000000E+00	0.0000000000000000E+00	
5.3835487797738724E-02	2.4316210575108288E-01	2.5214461436551250E-01	0.0000000000000000E+00	0.0000000000000000E+00	0.0000000000000000E+00	0.0000000000000000E+00	0.0000000000000000E+00	0.0000000000000000E+00	0.0000000000000000E+00	0.0000000000000000E+00	0.0000000000000000E+00	0.0000000000000000E+00	0.0000000000000000E+00	0.0000000000000000E+00	
-6.1263848752711736E-03	8.9165043086846030E-02	1.4533715238002065E-01	1.1862427385963454E-02	0.0000000000000000E+00	0.0000000000000000E+00	0.0000000000000000E+00	0.0000000000000000E+00	0.0000000000000000E+00	0.0000000000000000E+00	0.0000000000000000E+00	0.0000000000000000E+00	0.0000000000000000E+00	0.0000000000000000E+00	0.0000000000000000E+00	
5.9050486430120216E-03	1.0239189218921464E-01	1.4044403763671287E-01	4.8725946199372977E-03	1.4587403335438576E-01	0.0000000000000000E+00	0.0000000000000000E+00	0.0000000000000000E+00	0.0000000000000000E+00	0.0000000000000000E+00	0.0000000000000000E+00	0.0000000000000000E+00	0.0000000000000000E+00	0.0000000000000000E+00	0.0000000000000000E+00	
-3.6677947623992542E-03	6.7716978418823140E-02	1.0836385121992606E-01	8.3430403139262612E-03	2.4933609326193792E-01	1.1631827180568404E+00	0.0000000000000000E+00	0.0000000000000000E+00	0.0000000000000000E+00	0.0000000000000000E+00	0.0000000000000000E+00	0.0000000000000000E+00	0.0000000000000000E+00	0.0000000000000000E+00	0.0000000000000000E+00	
1.1662211698525399E-02	8.4228405368896669E-02	1.0162020513077807E-01	-5.9273337125246867E-04	-1.7354246746722785E-02	-1.5349748210622405E-03	1.2223050114367230E-04	0.0000000000000000E+00	0.0000000000000000E+00	0.0000000000000000E+00	0.0000000000000000E+00	0.0000000000000000E+00	0.0000000000000000E+00	0.0000000000000000E+00	0.0000000000000000E+00	
5.2461487333330592E-03	4.9876654510469701E-02	6.3568241800388697E-02	7.7123925738074276E-04	2.3225185392111561E-02	1.4725523432722559E-01	2.7950335414243202E-06	4.8834189398228667E-01	0.0000000000000000E+00	0.0000000000000000E+00	0.0000000000000000E+00	0.0000000000000000E+00	0.0000000000000000E+00	0.0000000000000000E+00	0.0000000000000000E+00	
1.3289028090049384E-02	1.2624857963355948E-01	1.6088471902272555E-01	1.9454838170526324E-03	5.8588266167756989E-02	3.7185163156925688E-01	7.4896047576588735E-06	-5.2685526729495624E-01	-1.5464839180885440E-01	0.0000000000000000E+00	0.0000000000000000E+00	0.0000000000000000E+00	0.0000000000000000E+00	0.0000000000000000E+00	0.0000000000000000E+00	
1.2999308555787783E-02	1.2348411464673668E-01	1.5735922977692748E-01	1.9020246507886025E-03	5.7279718197087437E-02	3.6359579817381105E-01	7.3788622945416153E-06	-7.4168517439000481E-01	-2.3919394839165742E-01	4.2060746245245562E-01	0.0000000000000000E+00	0.0000000000000000E+00	0.0000000000000000E+00	0.0000000000000000E+00	0.0000000000000000E+00	
1.3905384663806433E-02	1.3211039031298041E-01	1.6835606415678106E-01	2.0362618729107304E-03	6.1321930825209828E-02	3.8917609581539692E-01	7.8095819182086484E-06	-4.3328127772297009E-01	-1.1597772612082083E-01	2.3958357679203446E-01	9.9531078459515476E-02	0.0000000000000000E+00	0.0000000000000000E+00	0.0000000000000000E+00	0.0000000000000000E+00	
1.5669742787831880E-02	1.4890996710134086E-01	1.8977271764517972E-01	2.2978328301164258E-03	6.9198437343270122E-02	4.3901264632680725E-01	8.6393851028113578E-06	2.0566449698477207E-01	1.3887477467336690E-01	-1.3534895618423037E-01	-1.7519646590627919E-01	-1.1296894460050493E-01	0.0000000000000000E+00	0.0000000000000000E+00	0.0000000000000000E+00	
1.4363734980118371E-02	1.3648912000063029E-01	1.7394132261225906E-01	2.1054676726937143E-03	6.3405610506159532E-02	4.0230155442877757E-01	7.9620884940445856E-06	4.3389424810830746E-03	5.5749996793484989E-02	-1.6482993416103583E-02	-8.4322980332782516E-02	-5.5127975030237183E-02	1.3397050639364949E-01	0.0000000000000000E+00	0.0000000000000000E+00	
1.3666711316434533E-02	1.2985867224279288E-01	1.6548997461117937E-01	2.0026825001404468E-03	6.0310394012943108E-02	3.8269170313333967E-01	7.6065860099887751E-06	-1.2884407400173858E-01	1.3887683061854644E-03	6.1988364245193814E-02	-2.5166537279239995E-02	-1.7491861686552340E-02	-2.1975392393903567E-01	5.7385151995234740E-01	0.0000000000000000E+00	

gamma1
0.0000000000000000E+00	0.0000000000000000E+00	1.0071851129597704E+00	9.5964131301891364E-01	-7.7292964255305607E-01	4.1150854674848447E-01	1.5791734211186172E+00	-2.7247353730385981E-01	-9.7933918053338953E-04	-7.3834536185110466E-01	1.4265603441376824E+00	4.2818563796860676E-01	-1.8323265666954589E+00	1.9970821288974250E-01	-1.6403156922712991E+00	

gamma2
0.0000000000000000E+00	1.0000000000000000E+00	-1.1316264403475889E-02	8.5944532931603368E-02	1.1991169793146206E+00	2.8458440423194137E-01	-4.6476688383525733E-01	4.1699421669530284E-01	1.9473341390764956E-01	7.0184275061155776E-01	-3.0894455038360547E-01	3.3707457764930826E-01	1.6227185491428169E+00	2.6488732355566597E-01	8.7776836952092385E-01	

gamma3
0.0000000000000000E+00	0.0000000000000000E+00	0.0000000000000000E+00	0.0000000000000000E+00	-1.3949720800933263E-01	1.3536832395964216E-01	3.0758455996769195E-02	4.5408170798232028E-01	5.9494977104730817E-01	6.1548597515536208E-01	-5.2423251959834244E-02	2.2183733872274715E-02	1.1422913752573897E-01	6.8314274239510073E-02	2.1473073269691423E-01	

delta
1.0000000000000000E+00	-3.6506317777768577E-01	-1.6534689480709672E-01	1.1252726952919307E+00	-2.6350706921406193E-03	-2.7988818720866132E-01	6.5025818824206327E-01	1.2245585399441455E-01	-4.8518023642543479E-01	-3.8885620426114365E-01	4.1957360500079460E-01	4.4436456962519327E-02	1.0883272275398104E+00	0.0000000000000000E+00	

r
0.0000000000000000E+00	

errcoeff
1.8974942353397890E-04	

v
1.0000000000000000E+00	
1.0000000000000000E+00	
1.0000000000000000E+00	
1.0000000000000000E+00	
1.0000000000000000E+00	
1.0000000000000000E+00	
1.0000000000000000E+00	
1.0000000000000000E+00	
1.0000000000000000E+00	
1.0000000000000000E+00	
1.0000000000000000E+00	
1.0000000000000000E+00	
1.0000000000000000E+00	
1.0000000000000000E+00	
1.0000000000000000E+00	

==============================================================

