#stage		 order
15	 		4


A
0.0000000000000000E+00	0.0000000000000000E+00	0.0000000000000000E+00	0.0000000000000000E+00	0.0000000000000000E+00	0.0000000000000000E+00	0.0000000000000000E+00	0.0000000000000000E+00	0.0000000000000000E+00	0.0000000000000000E+00	0.0000000000000000E+00	0.0000000000000000E+00	0.0000000000000000E+00	0.0000000000000000E+00	0.0000000000000000E+00	
2.6016096253529680E-01	0.0000000000000000E+00	0.0000000000000000E+00	0.0000000000000000E+00	0.0000000000000000E+00	0.0000000000000000E+00	0.0000000000000000E+00	0.0000000000000000E+00	0.0000000000000000E+00	0.0000000000000000E+00	0.0000000000000000E+00	0.0000000000000000E+00	0.0000000000000000E+00	0.0000000000000000E+00	0.0000000000000000E+00	
1.9533081801629387E-01	7.2392942002054406E-01	0.0000000000000000E+00	0.0000000000000000E+00	0.0000000000000000E+00	0.0000000000000000E+00	0.0000000000000000E+00	0.0000000000000000E+00	0.0000000000000000E+00	0.0000000000000000E+00	0.0000000000000000E+00	0.0000000000000000E+00	0.0000000000000000E+00	0.0000000000000000E+00	0.0000000000000000E+00	
9.1528280982273613E-02	3.4706384425052139E-01	6.1560580100647966E-02	0.0000000000000000E+00	0.0000000000000000E+00	0.0000000000000000E+00	0.0000000000000000E+00	0.0000000000000000E+00	0.0000000000000000E+00	0.0000000000000000E+00	0.0000000000000000E+00	0.0000000000000000E+00	0.0000000000000000E+00	0.0000000000000000E+00	0.0000000000000000E+00	
5.9820229523557721E-02	2.2624284551038729E-01	-4.8104033176219960E-03	7.5298796046830185E-01	0.0000000000000000E+00	0.0000000000000000E+00	0.0000000000000000E+00	0.0000000000000000E+00	0.0000000000000000E+00	0.0000000000000000E+00	0.0000000000000000E+00	0.0000000000000000E+00	0.0000000000000000E+00	0.0000000000000000E+00	0.0000000000000000E+00	
6.4475599526356453E-02	2.4406877939322874E-01	1.1600144620236506E-02	-5.5552416863263543E-01	2.0315429422623049E-01	0.0000000000000000E+00	0.0000000000000000E+00	0.0000000000000000E+00	0.0000000000000000E+00	0.0000000000000000E+00	0.0000000000000000E+00	0.0000000000000000E+00	0.0000000000000000E+00	0.0000000000000000E+00	0.0000000000000000E+00	
1.2552280361583690E-01	4.7499400208037112E-01	9.9010463506215736E-03	-4.8540191623753892E-02	2.0046851227262630E-02	1.0924759538548759E-02	0.0000000000000000E+00	0.0000000000000000E+00	0.0000000000000000E+00	0.0000000000000000E+00	0.0000000000000000E+00	0.0000000000000000E+00	0.0000000000000000E+00	0.0000000000000000E+00	0.0000000000000000E+00	
8.4111009705803208E-02	3.1830757167606716E-01	8.2418430655167661E-03	-1.6343848457024143E-01	6.1016606643172572E-02	-7.4278163219553706E-03	3.8679251707277457E-01	0.0000000000000000E+00	0.0000000000000000E+00	0.0000000000000000E+00	0.0000000000000000E+00	0.0000000000000000E+00	0.0000000000000000E+00	0.0000000000000000E+00	0.0000000000000000E+00	
7.3721747327900225E-02	2.7902009218256962E-01	9.4745778806024049E-03	-3.2657223243940731E-01	1.2011284351438034E-01	-2.7162981231168906E-02	1.2964449497101276E+00	5.4566164066131517E-01	0.0000000000000000E+00	0.0000000000000000E+00	0.0000000000000000E+00	0.0000000000000000E+00	0.0000000000000000E+00	0.0000000000000000E+00	0.0000000000000000E+00	
7.7384762731386725E-02	2.9285245193447379E-01	7.5458839093204434E-03	-1.4736552078286702E-01	5.5045669642266981E-02	-6.4955110988789890E-03	3.4017751534541113E-01	1.3841832267376702E-01	1.1048679915767591E-03	0.0000000000000000E+00	0.0000000000000000E+00	0.0000000000000000E+00	0.0000000000000000E+00	0.0000000000000000E+00	0.0000000000000000E+00	
9.3985071160994846E-02	3.5567343592123524E-01	9.1110598104604361E-03	-1.7461702677257954E-01	6.5268817590942552E-02	-7.3976227402342979E-03	3.9037600268453504E-01	1.5841926951041263E-01	-2.0144136207159279E-03	4.2511429464469827E-03	0.0000000000000000E+00	0.0000000000000000E+00	0.0000000000000000E+00	0.0000000000000000E+00	0.0000000000000000E+00	
-5.5652171436964826E-03	-2.1060154577769163E-02	-4.9077883162642645E-04	6.3713912439396503E-03	-2.4224165553050070E-03	-9.0254184671387239E-06	-2.3902351764274465E-03	-5.6083518982930070E-04	3.1735077653336718E-03	-6.5238250979260948E-03	-5.4908465079250898E-03	0.0000000000000000E+00	0.0000000000000000E+00	0.0000000000000000E+00	0.0000000000000000E+00	
-7.0865214964776846E-03	-2.6817408509149099E-02	-6.4508201160855337E-04	9.7537914711633110E-03	-3.6809692366273853E-03	1.7334781866547086E-04	-1.1612581298040266E-02	-4.3606926837404351E-03	2.7782422647839615E-03	-5.7139672653506663E-03	-4.8033974383710990E-03	3.3583082033927014E-01	0.0000000000000000E+00	0.0000000000000000E+00	0.0000000000000000E+00	
1.0187390709980301E-02	3.8553024959351617E-02	1.0075812762690910E-03	-2.0556339466643293E-02	7.6668140936449764E-03	-9.8537035515555206E-04	5.0821792101522156E-02	2.0792044044583079E-02	1.0353660562265801E-03	-2.1138085570084029E-03	-1.8106753093748984E-03	1.2790958420757348E-01	4.3474974386297843E-01	0.0000000000000000E+00	0.0000000000000000E+00	
-3.9817159419978931E-02	-1.5068233272396991E-01	-3.8467859429220284E-03	7.2906019779125461E-02	-2.7262046949895789E-02	3.0133541016364698E-03	-1.5978987277330803E-01	-6.4734205010921753E-02	1.6778568498958491E-03	-3.4940722580280780E-03	-2.8438486951031195E-03	1.9518355625703687E-01	7.1427272855176605E-01	2.6249152604423381E-01	0.0000000000000000E+00	

b
2.0308980753209055E-01	
7.6856583702600001E-01	
1.9741018191246965E-02	
-3.8165623654831726E-01	
1.4261184637802726E-01	
-1.6473246749781314E-02	
8.6617244302966145E-01	
3.5194972030251903E-01	
-1.0195494341501601E-03	
2.3408944500672695E-03	
1.4408499208792055E-03	
-8.0174270235385481E-02	
-4.6496681029675191E-01	
-1.9606465386652250E-01	
-2.1555764969958371E-01	

c
0.0000000000000000E+00	
2.6016096253529680E-01	
9.1926023803683798E-01	
5.0015270533344292E-01	
1.0342406321846249E+00	
-3.2225350866583236E-02	
5.9284927118888719E-01	
6.8760324727113753E-01	
1.9707006376063192E+00	
7.5866844234645681E-01	
8.9305573649149805E-01	
-3.4968435489698829E-02	
2.8381558195451773E-01	
6.6725714762394750E-01	
7.9707471780956674E-01	

alpha
0.0000000000000000E+00	0.0000000000000000E+00	0.0000000000000000E+00	0.0000000000000000E+00	0.0000000000000000E+00	0.0000000000000000E+00	0.0000000000000000E+00	0.0000000000000000E+00	0.0000000000000000E+00	0.0000000000000000E+00	0.0000000000000000E+00	0.0000000000000000E+00	0.0000000000000000E+00	0.0000000000000000E+00	0.0000000000000000E+00	0.0000000000000000E+00	
0.0000000000000000E+00	0.0000000000000000E+00	0.0000000000000000E+00	0.0000000000000000E+00	0.0000000000000000E+00	0.0000000000000000E+00	0.0000000000000000E+00	0.0000000000000000E+00	0.0000000000000000E+00	0.0000000000000000E+00	0.0000000000000000E+00	0.0000000000000000E+00	0.0000000000000000E+00	0.0000000000000000E+00	0.0000000000000000E+00	0.0000000000000000E+00	
0.0000000000000000E+00	0.0000000000000000E+00	0.0000000000000000E+00	0.0000000000000000E+00	0.0000000000000000E+00	0.0000000000000000E+00	0.0000000000000000E+00	0.0000000000000000E+00	0.0000000000000000E+00	0.0000000000000000E+00	0.0000000000000000E+00	0.0000000000000000E+00	0.0000000000000000E+00	0.0000000000000000E+00	0.0000000000000000E+00	0.0000000000000000E+00	
0.0000000000000000E+00	0.0000000000000000E+00	0.0000000000000000E+00	0.0000000000000000E+00	0.0000000000000000E+00	0.0000000000000000E+00	0.0000000000000000E+00	0.0000000000000000E+00	0.0000000000000000E+00	0.0000000000000000E+00	0.0000000000000000E+00	0.0000000000000000E+00	0.0000000000000000E+00	0.0000000000000000E+00	0.0000000000000000E+00	0.0000000000000000E+00	
0.0000000000000000E+00	0.0000000000000000E+00	-0.0000000000000000E+00	0.0000000000000000E+00	0.0000000000000000E+00	0.0000000000000000E+00	0.0000000000000000E+00	0.0000000000000000E+00	0.0000000000000000E+00	0.0000000000000000E+00	0.0000000000000000E+00	0.0000000000000000E+00	0.0000000000000000E+00	0.0000000000000000E+00	0.0000000000000000E+00	0.0000000000000000E+00	
0.0000000000000000E+00	0.0000000000000000E+00	0.0000000000000000E+00	-0.0000000000000000E+00	0.0000000000000000E+00	0.0000000000000000E+00	0.0000000000000000E+00	0.0000000000000000E+00	0.0000000000000000E+00	0.0000000000000000E+00	0.0000000000000000E+00	0.0000000000000000E+00	0.0000000000000000E+00	0.0000000000000000E+00	0.0000000000000000E+00	0.0000000000000000E+00	
0.0000000000000000E+00	0.0000000000000000E+00	0.0000000000000000E+00	-0.0000000000000000E+00	0.0000000000000000E+00	0.0000000000000000E+00	0.0000000000000000E+00	0.0000000000000000E+00	0.0000000000000000E+00	0.0000000000000000E+00	0.0000000000000000E+00	0.0000000000000000E+00	0.0000000000000000E+00	0.0000000000000000E+00	0.0000000000000000E+00	0.0000000000000000E+00	
0.0000000000000000E+00	0.0000000000000000E+00	0.0000000000000000E+00	-0.0000000000000000E+00	0.0000000000000000E+00	-0.0000000000000000E+00	0.0000000000000000E+00	0.0000000000000000E+00	0.0000000000000000E+00	0.0000000000000000E+00	0.0000000000000000E+00	0.0000000000000000E+00	0.0000000000000000E+00	0.0000000000000000E+00	0.0000000000000000E+00	0.0000000000000000E+00	
0.0000000000000000E+00	0.0000000000000000E+00	0.0000000000000000E+00	-0.0000000000000000E+00	0.0000000000000000E+00	-0.0000000000000000E+00	0.0000000000000000E+00	0.0000000000000000E+00	0.0000000000000000E+00	0.0000000000000000E+00	0.0000000000000000E+00	0.0000000000000000E+00	0.0000000000000000E+00	0.0000000000000000E+00	0.0000000000000000E+00	0.0000000000000000E+00	
0.0000000000000000E+00	0.0000000000000000E+00	0.0000000000000000E+00	-0.0000000000000000E+00	0.0000000000000000E+00	-0.0000000000000000E+00	0.0000000000000000E+00	0.0000000000000000E+00	0.0000000000000000E+00	0.0000000000000000E+00	0.0000000000000000E+00	0.0000000000000000E+00	0.0000000000000000E+00	0.0000000000000000E+00	0.0000000000000000E+00	0.0000000000000000E+00	
0.0000000000000000E+00	0.0000000000000000E+00	0.0000000000000000E+00	-0.0000000000000000E+00	0.0000000000000000E+00	-0.0000000000000000E+00	0.0000000000000000E+00	0.0000000000000000E+00	-0.0000000000000000E+00	0.0000000000000000E+00	0.0000000000000000E+00	0.0000000000000000E+00	0.0000000000000000E+00	0.0000000000000000E+00	0.0000000000000000E+00	0.0000000000000000E+00	
-0.0000000000000000E+00	-0.0000000000000000E+00	-0.0000000000000000E+00	0.0000000000000000E+00	-0.0000000000000000E+00	-0.0000000000000000E+00	-0.0000000000000000E+00	-0.0000000000000000E+00	0.0000000000000000E+00	-0.0000000000000000E+00	-0.0000000000000000E+00	0.0000000000000000E+00	0.0000000000000000E+00	0.0000000000000000E+00	0.0000000000000000E+00	0.0000000000000000E+00	
-0.0000000000000000E+00	-0.0000000000000000E+00	-0.0000000000000000E+00	0.0000000000000000E+00	-0.0000000000000000E+00	0.0000000000000000E+00	-0.0000000000000000E+00	-0.0000000000000000E+00	0.0000000000000000E+00	-0.0000000000000000E+00	-0.0000000000000000E+00	0.0000000000000000E+00	0.0000000000000000E+00	0.0000000000000000E+00	0.0000000000000000E+00	0.0000000000000000E+00	
0.0000000000000000E+00	0.0000000000000000E+00	0.0000000000000000E+00	-0.0000000000000000E+00	0.0000000000000000E+00	-0.0000000000000000E+00	0.0000000000000000E+00	0.0000000000000000E+00	0.0000000000000000E+00	-0.0000000000000000E+00	-0.0000000000000000E+00	0.0000000000000000E+00	0.0000000000000000E+00	0.0000000000000000E+00	0.0000000000000000E+00	0.0000000000000000E+00	
-0.0000000000000000E+00	-0.0000000000000000E+00	-0.0000000000000000E+00	0.0000000000000000E+00	-0.0000000000000000E+00	0.0000000000000000E+00	-0.0000000000000000E+00	-0.0000000000000000E+00	0.0000000000000000E+00	-0.0000000000000000E+00	-0.0000000000000000E+00	0.0000000000000000E+00	0.0000000000000000E+00	0.0000000000000000E+00	0.0000000000000000E+00	0.0000000000000000E+00	
0.0000000000000000E+00	0.0000000000000000E+00	0.0000000000000000E+00	-0.0000000000000000E+00	0.0000000000000000E+00	-0.0000000000000000E+00	0.0000000000000000E+00	0.0000000000000000E+00	-0.0000000000000000E+00	0.0000000000000000E+00	0.0000000000000000E+00	-0.0000000000000000E+00	-0.0000000000000000E+00	-0.0000000000000000E+00	-0.0000000000000000E+00	0.0000000000000000E+00	

beta
0.0000000000000000E+00	0.0000000000000000E+00	0.0000000000000000E+00	0.0000000000000000E+00	0.0000000000000000E+00	0.0000000000000000E+00	0.0000000000000000E+00	0.0000000000000000E+00	0.0000000000000000E+00	0.0000000000000000E+00	0.0000000000000000E+00	0.0000000000000000E+00	0.0000000000000000E+00	0.0000000000000000E+00	0.0000000000000000E+00	0.0000000000000000E+00	
2.6016096253529680E-01	0.0000000000000000E+00	0.0000000000000000E+00	0.0000000000000000E+00	0.0000000000000000E+00	0.0000000000000000E+00	0.0000000000000000E+00	0.0000000000000000E+00	0.0000000000000000E+00	0.0000000000000000E+00	0.0000000000000000E+00	0.0000000000000000E+00	0.0000000000000000E+00	0.0000000000000000E+00	0.0000000000000000E+00	0.0000000000000000E+00	
1.9533081801629387E-01	7.2392942002054406E-01	0.0000000000000000E+00	0.0000000000000000E+00	0.0000000000000000E+00	0.0000000000000000E+00	0.0000000000000000E+00	0.0000000000000000E+00	0.0000000000000000E+00	0.0000000000000000E+00	0.0000000000000000E+00	0.0000000000000000E+00	0.0000000000000000E+00	0.0000000000000000E+00	0.0000000000000000E+00	0.0000000000000000E+00	
9.1528280982273613E-02	3.4706384425052139E-01	6.1560580100647966E-02	0.0000000000000000E+00	0.0000000000000000E+00	0.0000000000000000E+00	0.0000000000000000E+00	0.0000000000000000E+00	0.0000000000000000E+00	0.0000000000000000E+00	0.0000000000000000E+00	0.0000000000000000E+00	0.0000000000000000E+00	0.0000000000000000E+00	0.0000000000000000E+00	0.0000000000000000E+00	
5.9820229523557721E-02	2.2624284551038729E-01	-4.8104033176219960E-03	7.5298796046830185E-01	0.0000000000000000E+00	0.0000000000000000E+00	0.0000000000000000E+00	0.0000000000000000E+00	0.0000000000000000E+00	0.0000000000000000E+00	0.0000000000000000E+00	0.0000000000000000E+00	0.0000000000000000E+00	0.0000000000000000E+00	0.0000000000000000E+00	0.0000000000000000E+00	
6.4475599526356453E-02	2.4406877939322874E-01	1.1600144620236506E-02	-5.5552416863263543E-01	2.0315429422623049E-01	0.0000000000000000E+00	0.0000000000000000E+00	0.0000000000000000E+00	0.0000000000000000E+00	0.0000000000000000E+00	0.0000000000000000E+00	0.0000000000000000E+00	0.0000000000000000E+00	0.0000000000000000E+00	0.0000000000000000E+00	0.0000000000000000E+00	
1.2552280361583690E-01	4.7499400208037112E-01	9.9010463506215736E-03	-4.8540191623753892E-02	2.0046851227262630E-02	1.0924759538548759E-02	0.0000000000000000E+00	0.0000000000000000E+00	0.0000000000000000E+00	0.0000000000000000E+00	0.0000000000000000E+00	0.0000000000000000E+00	0.0000000000000000E+00	0.0000000000000000E+00	0.0000000000000000E+00	0.0000000000000000E+00	
8.4111009705803208E-02	3.1830757167606716E-01	8.2418430655167661E-03	-1.6343848457024143E-01	6.1016606643172572E-02	-7.4278163219553706E-03	3.8679251707277457E-01	0.0000000000000000E+00	0.0000000000000000E+00	0.0000000000000000E+00	0.0000000000000000E+00	0.0000000000000000E+00	0.0000000000000000E+00	0.0000000000000000E+00	0.0000000000000000E+00	0.0000000000000000E+00	
7.3721747327900225E-02	2.7902009218256962E-01	9.4745778806024049E-03	-3.2657223243940731E-01	1.2011284351438034E-01	-2.7162981231168906E-02	1.2964449497101276E+00	5.4566164066131517E-01	0.0000000000000000E+00	0.0000000000000000E+00	0.0000000000000000E+00	0.0000000000000000E+00	0.0000000000000000E+00	0.0000000000000000E+00	0.0000000000000000E+00	0.0000000000000000E+00	
7.7384762731386725E-02	2.9285245193447379E-01	7.5458839093204434E-03	-1.4736552078286702E-01	5.5045669642266981E-02	-6.4955110988789890E-03	3.4017751534541113E-01	1.3841832267376702E-01	1.1048679915767591E-03	0.0000000000000000E+00	0.0000000000000000E+00	0.0000000000000000E+00	0.0000000000000000E+00	0.0000000000000000E+00	0.0000000000000000E+00	0.0000000000000000E+00	
9.3985071160994846E-02	3.5567343592123524E-01	9.1110598104604361E-03	-1.7461702677257954E-01	6.5268817590942552E-02	-7.3976227402342979E-03	3.9037600268453504E-01	1.5841926951041263E-01	-2.0144136207159279E-03	4.2511429464469827E-03	0.0000000000000000E+00	0.0000000000000000E+00	0.0000000000000000E+00	0.0000000000000000E+00	0.0000000000000000E+00	0.0000000000000000E+00	
-5.5652171436964826E-03	-2.1060154577769163E-02	-4.9077883162642645E-04	6.3713912439396503E-03	-2.4224165553050070E-03	-9.0254184671387239E-06	-2.3902351764274465E-03	-5.6083518982930070E-04	3.1735077653336718E-03	-6.5238250979260948E-03	-5.4908465079250898E-03	0.0000000000000000E+00	0.0000000000000000E+00	0.0000000000000000E+00	0.0000000000000000E+00	0.0000000000000000E+00	
-7.0865214964776846E-03	-2.6817408509149099E-02	-6.4508201160855337E-04	9.7537914711633110E-03	-3.6809692366273853E-03	1.7334781866547086E-04	-1.1612581298040266E-02	-4.3606926837404351E-03	2.7782422647839615E-03	-5.7139672653506663E-03	-4.8033974383710990E-03	3.3583082033927014E-01	0.0000000000000000E+00	0.0000000000000000E+00	0.0000000000000000E+00	0.0000000000000000E+00	
1.0187390709980301E-02	3.8553024959351617E-02	1.0075812762690910E-03	-2.0556339466643293E-02	7.6668140936449764E-03	-9.8537035515555206E-04	5.0821792101522156E-02	2.0792044044583079E-02	1.0353660562265801E-03	-2.1138085570084029E-03	-1.8106753093748984E-03	1.2790958420757348E-01	4.3474974386297843E-01	0.0000000000000000E+00	0.0000000000000000E+00	0.0000000000000000E+00	
-3.9817159419978931E-02	-1.5068233272396991E-01	-3.8467859429220284E-03	7.2906019779125461E-02	-2.7262046949895789E-02	3.0133541016364698E-03	-1.5978987277330803E-01	-6.4734205010921753E-02	1.6778568498958491E-03	-3.4940722580280780E-03	-2.8438486951031195E-03	1.9518355625703687E-01	7.1427272855176605E-01	2.6249152604423381E-01	0.0000000000000000E+00	0.0000000000000000E+00	
2.0308980753209055E-01	7.6856583702600001E-01	1.9741018191246965E-02	-3.8165623654831726E-01	1.4261184637802726E-01	-1.6473246749781314E-02	8.6617244302966145E-01	3.5194972030251903E-01	-1.0195494341501601E-03	2.3408944500672695E-03	1.4408499208792055E-03	-8.0174270235385481E-02	-4.6496681029675191E-01	-1.9606465386652250E-01	-2.1555764969958371E-01	0.0000000000000000E+00	

gamma1
0.0000000000000000E+00	0.0000000000000000E+00	7.5464199408247989E-01	-5.3482748117531509E-02	-1.6877821403773552E-01	-7.4539054213960143E-01	-2.0169851981779985E-01	-8.7290688018768425E-01	3.4600376622775073E+00	7.6542517127654586E-03	-1.9547690854013360E+00	-1.6438945235255675E+00	8.7421009497047586E-01	3.7077732358338367E-01	1.6948741955849362E+00	-7.4693707953635968E-01	

gamma2
0.0000000000000000E+00	1.0000000000000000E+00	2.4919243797080912E-01	5.2871894039040035E-01	3.4723712097731613E-01	5.0104714720711563E-01	5.4742586618575861E-01	6.6964306896074999E-01	-7.1984348529502673E-01	1.9439495173631496E-01	5.9485763622897980E-01	3.3632740222174162E-01	-5.0088242948728252E-03	2.9057101215066723E-02	-1.2823429448607504E-01	3.8941675354617983E-01	

gamma3
0.0000000000000000E+00	0.0000000000000000E+00	0.0000000000000000E+00	0.0000000000000000E+00	3.8626426654611629E-01	6.0862816761608118E-01	-3.4066313197870340E-01	-2.0679960684391824E-01	-1.1617032666986506E-01	1.1336404575399710E-01	1.3349147784064538E-01	9.3947882496995860E-01	1.5058246290838240E-01	4.7529879904550587E-01	3.6342717705196453E-02	-4.7359306532611856E-01	

delta
1.0000000000000000E+00	-1.5387433441050811E-02	1.0079068376818960E+00	2.6102406855720961E-01	1.5229797062758689E-02	5.4870713628633028E-01	2.8821363210997553E-01	1.5038507267212903E-01	1.2655491241780246E+00	2.2114959228316095E-01	3.2494989059039969E-01	-1.1795179866246978E-01	3.4751358770574514E-01	4.0490518450230983E-01	0.0000000000000000E+00	

r
0.0000000000000000E+00	

errcoeff
1.6533571116689012E-04	

v
1.0000000000000000E+00	
1.0000000000000000E+00	
1.0000000000000000E+00	
1.0000000000000000E+00	
1.0000000000000000E+00	
1.0000000000000000E+00	
1.0000000000000000E+00	
1.0000000000000000E+00	
1.0000000000000000E+00	
1.0000000000000000E+00	
1.0000000000000000E+00	
1.0000000000000000E+00	
1.0000000000000000E+00	
1.0000000000000000E+00	
1.0000000000000000E+00	
1.0000000000000000E+00	

==============================================================

