#stability poly.
18

#stage	 order	 free params.	 h		 h/s		 iter		 poly. coeffs.

3	 2	 1		 0.5876247771084309	 0.1958749257028103	 30		1.0000000000000000E+00	1.0000000000000000E+00	5.0000000000000000E-01	9.0728994733419860E-02	
4	 2	 2		 0.8171781152486801	 0.2042945288121700	 30		1.0000000000000000E+00	1.0000000000000000E+00	5.0000000000000000E-01	1.2374221420158785E-01	1.3493600223416604E-02	
5	 2	 3		 1.0345799848437309	 0.2069159969687462	 30		1.0000000000000000E+00	1.0000000000000000E+00	5.0000000000000000E-01	1.3876772158093043E-01	2.1520726214707169E-02	1.4956929981860788E-03	
6	 2	 4		 1.2511042691767216	 0.2085173781961203	 31		1.0000000000000000E+00	1.0000000000000000E+00	5.0000000000000000E-01	1.4700505342575562E-01	2.6693413395598001E-02	2.8195458521540926E-03	1.3718352799064074E-04	
7	 2	 5		 1.4647344406694174	 0.2092477772384882	 31		1.0000000000000000E+00	1.0000000000000000E+00	5.0000000000000000E-01	1.5200090084441087E-01	3.0084955086525922E-02	3.8503258767811238E-03	2.9525828679386693E-04	1.0560509848027394E-05	
8	 2	 6		 1.6774455457925797	 0.2096806932240725	 31		1.0000000000000000E+00	1.0000000000000000E+00	5.0000000000000000E-01	1.5537269246963092E-01	3.2481270611740019E-02	4.6452162970027997E-03	4.4302275455858066E-04	2.5797693971775763E-05	7.0797555384137189E-07	
9	 2	 7		 1.8892222177237272	 0.2099135797470808	 31		1.0000000000000000E+00	1.0000000000000000E+00	5.0000000000000000E-01	1.5770827138426596E-01	3.4208296770675883E-02	5.2566074958723796E-03	5.7052619595555801E-04	4.2152400195660843E-05	1.9276836431034115E-06	4.1853246758455162E-08	
10	 2	 8		 2.1005510352551937	 0.2100551035255194	 31		1.0000000000000000E+00	1.0000000000000000E+00	5.0000000000000000E-01	1.5937281752955629E-01	3.5487210420398110E-02	5.7311355819513066E-03	6.7752781155308649E-04	5.7808002242945534E-05	3.4076381507421414E-06	1.2558860938627766E-07	2.2099509858274717E-09	
11	 2	 9		 2.3115957109257579	 0.2101450646296144	 32		1.0000000000000000E+00	1.0000000000000000E+00	5.0000000000000000E-01	1.6061129846222036E-01	3.6463858014281390E-02	6.1062113755491589E-03	7.6688034897683230E-04	7.2090816343527007E-05	4.9678031841076374E-06	2.3913990165106178E-07	7.2527395710355431E-09	1.0548406169463396E-10	
12	 2	 10		 2.5223528221249580	 0.2101960685104132	 32		1.0000000000000000E+00	1.0000000000000000E+00	5.0000000000000000E-01	1.6156128791835928E-01	3.7227559992811576E-02	6.4074110358427680E-03	8.4164599152427547E-04	8.4827534714973464E-05	6.5033513264871711E-06	3.6979247065056539E-07	1.4815055444473247E-08	3.7622120625965004E-10	4.5979484211073168E-12	
13	 2	 11		 2.7329694945365191	 0.2102284226566553	 32		1.0000000000000000E+00	1.0000000000000000E+00	5.0000000000000000E-01	1.6231310810962332E-01	3.7839249774512550E-02	6.6533154474257205E-03	9.0459323991517494E-04	9.6071527625351784E-05	7.9591747741176852E-06	5.0770339139765396E-07	2.4239661600743505E-08	8.2096939754462139E-10	1.7711610196379713E-11	1.8444620351947924E-13	
14	 2	 12		 2.9434285033494234	 0.2102448930963874	 32		1.0000000000000000E+00	1.0000000000000000E+00	5.0000000000000000E-01	1.6290685517782635E-01	3.8331202531354372E-02	6.8551198779298111E-03	9.5767084399214504E-04	1.0592458510603927E-04	9.3072057961863708E-06	6.4594010658139329E-07	3.4845421428337339E-08	1.4171921305330134E-09	4.1115185371869192E-11	7.6290921426220407E-13	6.8508567980158098E-15	
15	 2	 13		 3.1539227580651641	 0.2102615172043443	 32		1.0000000000000000E+00	1.0000000000000000E+00	5.0000000000000000E-01	1.6338895739437487E-01	3.8735408235033061E-02	7.0232607965170476E-03	1.0028108375856502E-03	1.1455878263484409E-04	1.0540122483362781E-05	7.8024615588164916E-07	4.6067379289145923E-08	2.1302040644504516E-09	7.4704685449801360E-11	1.8773943070253318E-12	3.0279138794226146E-14	2.3686696837881096E-16	
16	 2	 14		 3.3642986416816711	 0.2102686651051044	 32		1.0000000000000000E+00	1.0000000000000000E+00	5.0000000000000000E-01	1.6378211405765189E-01	3.9069566691525691E-02	7.1642813694586371E-03	1.0413784174015033E-03	1.2212522332789830E-04	1.1658996134029637E-05	9.0812182629324144E-07	5.7479474265436555E-08	2.9244254970444897E-09	1.1725094184766050E-10	3.5827938160194028E-12	7.8755459862836230E-14	1.1142463004204378E-15	7.6611760331971711E-18	
17	 2	 15		 3.5746607976034284	 0.2102741645649076	 32		1.0000000000000000E+00	1.0000000000000000E+00	5.0000000000000000E-01	1.6411120533900730E-01	3.9351041485078189E-02	7.2842097913479254E-03	1.0746451169063741E-03	1.2878507324560529E-04	1.2671929777081217E-05	1.0284297283171986E-06	6.8789717585521479E-08	3.7689101992570636E-09	1.6704389619317860E-10	5.8643369534606449E-12	1.5755329114204458E-13	3.0549908483205544E-15	3.8222297788738117E-17	2.3279565428482040E-19	
18	 2	 16		 3.7849829904735088	 0.2102768328040838	 32		1.0000000000000000E+00	1.0000000000000000E+00	5.0000000000000000E-01	1.6438631743868568E-01	3.9588879424185507E-02	7.3866160036187428E-03	1.1034305789954101E-03	1.3465127564554375E-04	1.3585819585428012E-05	1.1405124396127989E-06	7.9784857386106794E-08	4.6374226219373248E-09	2.2223053280978186E-10	8.6606376181876438E-12	2.6849946432362191E-13	6.3926582458165881E-15	1.1015751618209075E-16	1.2274689946181882E-18	6.6681863501102801E-21	
19	 2	 17		 3.9953222870826721	 0.2102801203727722	 32		1.0000000000000000E+00	1.0000000000000000E+00	5.0000000000000000E-01	1.6461908962568178E-01	3.9791832056561602E-02	7.4748010210790600E-03	1.1285040671780784E-03	1.3983932171296879E-04	1.4410630103344265E-05	1.2444235428492771E-06	9.0343764682420401E-08	5.5106818713215125E-09	2.8114394396533294E-10	1.1889843667568314E-11	4.1075253947909524E-13	1.1330036786010586E-14	2.4073621344850573E-16	3.7111593320183569E-18	3.7065534045193397E-20	1.8072577357827955E-22	
20	 2	 18		 4.2056231759488583	 0.2102811587974429	 32		1.0000000000000000E+00	1.0000000000000000E+00	5.0000000000000000E-01	1.6481863283861184E-01	3.9966793444044274E-02	7.5513601618320833E-03	1.1504790930257230E-03	1.4444501817007153E-04	1.5155562611902710E-05	1.3404254454260199E-06	1.0039152612239093E-07	6.3739774357805998E-09	3.4231381645304595E-10	1.5461509224382140E-11	5.8155208361813840E-13	1.7936400898015452E-14	4.4310510397386789E-16	8.4543226956838689E-18	1.1728415625094662E-19	1.0559007916643463E-21	4.6464556951906280E-24