#stability poly.
16

#stage	 order	 free params.	 h		 h/s		 iter		 poly. coeffs.

5	 4	 1		 0.2366644330322742	 0.0473328866064548	 30		1.0000000000000000E+00	1.0000000000000000E+00	5.0000000000000000E-01	1.6666666666666666E-01	4.1666666666666664E-02	5.1576634815543370E-03	
6	 4	 2		 0.3020527213811874	 0.0503421202301979	 31		1.0000000000000000E+00	1.0000000000000000E+00	5.0000000000000000E-01	1.6666666666666666E-01	4.1666666666666664E-02	6.8341841676953586E-03	5.2979270589227211E-04	
7	 4	 3		 0.3698835335671902	 0.0528405047953129	 31		1.0000000000000000E+00	1.0000000000000000E+00	5.0000000000000000E-01	1.6666666666666666E-01	4.1666666666666664E-02	7.3756569365727035E-03	8.1742505807360667E-04	4.2206044040376721E-05	
8	 4	 4		 0.4403182119131088	 0.0550397764891386	 31		1.0000000000000000E+00	1.0000000000000000E+00	5.0000000000000000E-01	1.6666666666666666E-01	4.1666666666666664E-02	7.6580448170868159E-03	9.7810951397492817E-04	7.7450267149824830E-05	2.8592038507756076E-06	
9	 4	 5		 0.5127951130270958	 0.0569772347807884	 31		1.0000000000000000E+00	1.0000000000000000E+00	5.0000000000000000E-01	1.6666666666666666E-01	4.1666666666666664E-02	7.8269311157401159E-03	1.0771127377147780E-03	1.0276771730475306E-04	6.0843106462582707E-06	1.6865044017806091E-07	
10	 4	 6		 0.5859489552676678	 0.0585948955267668	 31		1.0000000000000000E+00	1.0000000000000000E+00	5.0000000000000000E-01	1.6666666666666666E-01	4.1666666666666664E-02	7.9381593899308395E-03	1.1433148139392297E-03	1.2103166404253720E-04	8.9102106517897596E-06	4.0846838910719613E-07	8.7982699258151609E-09	
11	 4	 7		 0.6599807459861040	 0.0599982496351004	 32		1.0000000000000000E+00	1.0000000000000000E+00	5.0000000000000000E-01	1.6666666666666666E-01	4.1666666666666664E-02	8.0164443092383027E-03	1.1902863708591060E-03	1.3462026498192571E-04	1.1256064508853139E-05	6.5793745452241922E-07	2.4066316242225552E-08	4.1554209290467424E-10	
12	 4	 8		 0.7341530174016953	 0.0611794181168079	 32		1.0000000000000000E+00	1.0000000000000000E+00	5.0000000000000000E-01	1.6666666666666666E-01	4.1666666666666664E-02	8.0699961512378758E-03	1.2232664978006342E-03	1.4459261578545323E-04	1.3118256231536767E-05	8.8542904636898083E-07	4.2005780410557394E-08	1.2529704065024453E-09	1.7716918693084754E-11	
13	 4	 9		 0.8082503871992230	 0.0621731067076325	 32		1.0000000000000000E+00	1.0000000000000000E+00	5.0000000000000000E-01	1.6666666666666666E-01	4.1666666666666664E-02	8.1143774423781435E-03	1.2500761887578194E-03	1.5274437601774712E-04	1.4695457229639420E-05	1.0935446301347542E-06	6.0923741157830319E-08	2.3984939940662655E-09	5.9643125890347201E-11	7.0588195231680742E-13	
14	 4	 10		 0.8820748422294855	 0.0630053458735347	 32		1.0000000000000000E+00	1.0000000000000000E+00	5.0000000000000000E-01	1.6666666666666666E-01	4.1666666666666664E-02	8.1435840076841664E-03	1.2686614550221750E-03	1.5866446531237084E-04	1.5905822435427156E-05	1.2658378322853512E-06	7.8433842555519328E-08	3.6584105988763820E-09	1.2113554469139092E-10	2.5434657992922855E-12	2.5504112895621326E-14	
15	 4	 11		 0.9557751473039389	 0.0637183431535959	 32		1.0000000000000000E+00	1.0000000000000000E+00	5.0000000000000000E-01	1.6666666666666666E-01	4.1666666666666664E-02	8.1679984286419753E-03	1.2839223030679154E-03	1.6354462402543289E-04	1.6925058008045976E-05	1.4170653927578418E-06	9.4894814914150849E-08	4.9784289024143444E-09	1.9764630379252242E-10	5.5955929855559799E-12	1.0085770409255037E-13	8.7128952197284665E-16	
16	 4	 12		 1.0291188955307007	 0.0643199309706688	 32		1.0000000000000000E+00	1.0000000000000000E+00	5.0000000000000000E-01	1.6666666666666666E-01	4.1666666666666664E-02	8.1909688701653476E-03	1.2979414082522889E-03	1.6795000745809639E-04	1.7842270460315991E-05	1.5552731800883397E-06	1.1053133357283890E-07	6.3218571269917548E-09	2.8470260060787824E-10	9.7430767513263654E-12	2.3860499094086457E-13	3.7312952928985721E-15	2.8038042573089285E-17	
17	 4	 13		 1.1015691235661507	 0.0647981837391853	 32		1.0000000000000000E+00	1.0000000000000000E+00	5.0000000000000000E-01	1.6666666666666666E-01	4.1666666666666664E-02	8.2056390841664766E-03	1.3074667294689748E-03	1.7110626943372780E-04	1.8533467623269703E-05	1.6651165545651822E-06	1.2374601511365999E-07	7.5470309728007493E-09	3.7241380662432501E-10	1.4533940794726403E-11	4.3260292405011955E-13	9.2424258865858878E-15	1.2639951646581884E-16	8.3223760352699191E-19	
18	 4	 14		 1.1741869524121284	 0.0652326084673405	 32		1.0000000000000000E+00	1.0000000000000000E+00	5.0000000000000000E-01	1.6666666666666666E-01	4.1666666666666664E-02	8.2224623040129657E-03	1.3176235681504832E-03	1.7431791851035765E-04	1.9218228071467922E-05	1.7729944633853745E-06	1.3684478313698141E-07	8.7970178374215285E-09	4.6669801804917137E-10	2.0125740364966102E-11	6.8905531222694872E-13	1.8051719499410950E-14	3.4038765308454378E-16	4.1182952611782795E-18	2.4037366335443982E-20	
19	 4	 15		 1.2464623991400003	 0.0656032841652632	 32		1.0000000000000000E+00	1.0000000000000000E+00	5.0000000000000000E-01	1.6666666666666666E-01	4.1666666666666664E-02	8.2336207785671297E-03	1.3247421302969495E-03	1.7667540627842182E-04	1.9742081829262603E-05	1.8590006991953389E-06	1.4777171180981836E-07	9.8967295379536081E-09	5.5525983625019819E-10	2.5834655771985644E-11	9.8111827965749757E-13	2.9688276913965497E-14	6.8958725132981806E-16	1.1561935684487170E-17	1.2471476518105917E-19	6.5063835451359372E-22	
20	 4	 16		 1.3186175376176834	 0.0659308768808842	 32		1.0000000000000000E+00	1.0000000000000000E+00	5.0000000000000000E-01	1.6666666666666666E-01	4.1666666666666664E-02	8.2418240930410835E-03	1.3302127586201642E-03	1.7854290423747183E-04	2.0168355261033943E-05	1.9309285111910044E-06	1.5719708905232224E-07	1.0881465385334679E-08	6.3838392568454969E-10	3.1528281175243172E-11	1.2965534674218452E-12	4.3669800983960315E-14	1.1753695811827540E-15	2.4342903191181165E-17	3.6467322117478311E-19	3.5206659446308956E-21	1.6461663480338755E-23
