#stability poly.
14

#stage	 order	 free params.	 h		 h/s		 iter		 poly. coeffs.
	
7	 5	 2		 0.2321297861635685	 0.0331613980233669	 31		1.0000000000000000E+00	1.0000000000000000E+00	5.0000000000000000E-01	1.6666666666666666E-01	4.1666666666666664E-02	8.3333333333333332E-03	1.2619960205138819E-03	1.0158168203623332E-04	
8	 5	 3		 0.2740361541509628	 0.0342545192688704	 31		1.0000000000000000E+00	1.0000000000000000E+00	5.0000000000000000E-01	1.6666666666666666E-01	4.1666666666666664E-02	8.3333333333333332E-03	1.3440229020160344E-03	1.5462926336909356E-04	8.9420984689421813E-06	
9	 5	 4		 0.3175020497292280	 0.0352780055254698	 31		1.0000000000000000E+00	1.0000000000000000E+00	5.0000000000000000E-01	1.6666666666666666E-01	4.1666666666666664E-02	8.3333333333333332E-03	1.3724927554607256E-03	1.7807608103697161E-04	1.5682469949329644E-05	6.7307933467204140E-07	
10	 5	 5		 0.3616421483457088	 0.0361642148345709	 31		1.0000000000000000E+00	1.0000000000000000E+00	5.0000000000000000E-01	1.6666666666666666E-01	4.1666666666666664E-02	8.3333333333333332E-03	1.3833725557698888E-03	1.8885590169131643E-04	1.9678335130137695E-05	1.3496123473091492E-06	4.4518284180652831E-08	
11	 5	 6		 0.4063922166824341	 0.0369447469711304	 32		1.0000000000000000E+00	1.0000000000000000E+00	5.0000000000000000E-01	1.6666666666666666E-01	4.1666666666666664E-02	8.3333333333333332E-03	1.3870047359708616E-03	1.9366865732799101E-04	2.1874635542651324E-05	1.8404584893015281E-06	1.0033148444541125E-07	2.6181752215266921E-09	
12	 5	 7		 0.4514714889228344	 0.0376226240769029	 32		1.0000000000000000E+00	1.0000000000000000E+00	5.0000000000000000E-01	1.6666666666666666E-01	4.1666666666666664E-02	8.3333333333333332E-03	1.3882359101975339E-03	1.9590310919265206E-04	2.3070727976885829E-05	2.1601914681650885E-06	1.4838298333331999E-07	6.5546193959885108E-09	1.3848809905452154E-10	
13	 5	 8		 0.4975992953404784	 0.0382768688723445	 32		1.0000000000000000E+00	1.0000000000000000E+00	5.0000000000000000E-01	1.6666666666666666E-01	4.1666666666666664E-02	8.3333333333333332E-03	1.3857332868023025E-03	1.9554328247727720E-04	2.3351739711880670E-05	2.2960387270043005E-06	1.7685078182425824E-07	9.9005950883003876E-09	3.5537656366206061E-10	6.1086523877836801E-12	
14	 5	 9		 0.5458587780594826	 0.0389899127185345	 32		1.0000000000000000E+00	1.0000000000000000E+00	5.0000000000000000E-01	1.6666666666666666E-01	4.1666666666666664E-02	8.3333333333333332E-03	1.3838554493982808E-03	1.9498757829796459E-04	2.3403743392803142E-05	2.3585697969320076E-06	1.9344814736391921E-07	1.2316969362544139E-08	5.6737869189600427E-10	1.6743968707539159E-11	2.3701382566731029E-13	
15	 5	 10		 0.5958906607702374	 0.0397260440513492	 32		1.0000000000000000E+00	1.0000000000000000E+00	5.0000000000000000E-01	1.6666666666666666E-01	4.1666666666666664E-02	8.3333333333333332E-03	1.3835592750951785E-03	1.9501063814420411E-04	2.3520332694278463E-05	2.4118594362318066E-06	2.0622106410361971E-07	1.4250844714437686E-08	7.6113513464083111E-10	2.9369747927593463E-11	7.2672725770947265E-13	8.6467652085268764E-15	
16	 5	 11		 0.6462623924016953	 0.0403913995251060	 32		1.0000000000000000E+00	1.0000000000000000E+00	5.0000000000000000E-01	1.6666666666666666E-01	4.1666666666666664E-02	8.3333333333333332E-03	1.3843203266345480E-03	1.9550436359853753E-04	2.3723812141962079E-05	2.4703012690135959E-06	2.1809861025592985E-07	1.5983836808490536E-08	9.4326329529050521E-10	4.2940709105144354E-11	1.4119960800130005E-12	2.9803631018924962E-14	3.0302133267165722E-16	
17	 5	 12		 0.6967312470078468	 0.0409841910004616	 32		1.0000000000000000E+00	1.0000000000000000E+00	5.0000000000000000E-01	1.6666666666666666E-01	4.1666666666666664E-02	8.3333333333333332E-03	1.3852051384005515E-03	1.9603886883184975E-04	2.3921538003126682E-05	2.5227342335092849E-06	2.2838478479363366E-07	1.7494832377717235E-08	1.1099535248350937E-09	5.6634676612240587E-11	2.2292582524092887E-12	6.3453078090423186E-14	1.1614979215260096E-15	1.0264219685211816E-17	
18	 5	 13		 0.7464754488319159	 0.0414708582684398	 32		1.0000000000000000E+00	1.0000000000000000E+00	5.0000000000000000E-01	1.6666666666666666E-01	4.1666666666666664E-02	8.3333333333333332E-03	1.3859788498311099E-03	1.9650720863347975E-04	2.4090095997187970E-05	2.5663748105073596E-06	2.3689164056979268E-07	1.8764931083509548E-08	1.2561517679425633E-09	6.9576308005275999E-11	3.0985496678401510E-12	1.0650561617467994E-13	2.6500547086422553E-15	4.2462912132825009E-17	3.2898207199395133E-19	
19	 5	 14		 0.7955208839848638	 0.0418695202097297	 32		1.0000000000000000E+00	1.0000000000000000E+00	5.0000000000000000E-01	1.6666666666666666E-01	4.1666666666666664E-02	8.3333333333333332E-03	1.3866417599903531E-03	1.9691046621957516E-04	2.4233455273341904E-05	2.6030243181790693E-06	2.4402089422705718E-07	1.9844018819905653E-08	1.3845002231333892E-09	8.1592126716028540E-11	3.9781487764070484E-12	1.5601858214440152E-13	4.7268931762776959E-15	1.0379293390962059E-16	1.4696938024112646E-18	1.0076442249383579E-20	
20	 5	 15		 0.8438967168331146	 0.0421948358416557	 32		1.0000000000000000E+00	1.0000000000000000E+00	5.0000000000000000E-01	1.6666666666666666E-01	4.1666666666666664E-02	8.3333333333333332E-03	1.3871596079307906E-03	1.9723026648287164E-04	2.4348678983779023E-05	2.6327892962607919E-06	2.4988934365384683E-07	2.0751450841667420E-08	1.4960609591038679E-09	9.2556910065861905E-11	4.8383495584594970E-12	2.0939141375052135E-13	7.2971161737676861E-15	1.9672152192631305E-16	3.8497644019093262E-18	4.8664476802682760E-20	2.9836494323104484E-22